timestamp,value1,value2,value3,value4
0.0,0.999,0.0,0.001,0.0
1.0,0.9985005,0.0004995,0.0008571428571428572,0.00014285714285714284
2.0,0.9980729626037183,0.0007609287857142858,0.0009011938775510205,0.00026491473301649423
3.0,0.9976239597758835,0.0009570144787666969,0.0010260948236151604,0.0003929309217346966
4.0,0.9971132079084365,0.0011498380430313778,0.0011985146750685602,0.0005384393734636166
5.0,0.9965171556786107,0.0013640861015457265,0.0014105776405930347,0.0007081805792506144
6.0,0.9958162634902419,0.001612223143497626,0.0016637619162616529,0.0009077514499988349
7.0,0.9949903498931213,0.0019032160163929392,0.001963489357009197,0.0011429447334765303
8.0,0.9940166547673844,0.002245637158766293,0.002317396216234101,0.0014203118576150905
9.0,0.992868780815432,0.0026488566564933365,0.002734885333503708,0.0017474771945709187
10.0,0.9915158772908113,0.003123595571035141,0.003227139647548576,0.0021333874906049135
11.0,0.9899218420886562,0.0036822771467463033,0.00380731822157716,0.002588562543020176
12.0,0.9880444603071682,0.004339325164824886,0.004490841334076809,0.0031253731939299696
13.0,0.9858344475223264,0.005111458894343113,0.005295734293674132,0.003758359289656203
14.0,0.983234385751278,0.006017997908710046,0.00624302045459696,0.004504595885414898
15.0,0.980177550918914,0.007081174796760851,0.007357159692557886,0.005384114591767143
16.0,0.9765866405332102,0.008326444582425936,0.008666528478255615,0.006420386406108144
17.0,0.9723724226671204,0.009782771020783147,0.010203934508837269,0.007640871803259041
18.0,0.9674323443029245,0.011482859606736128,0.012007153252597755,0.009077642837741541
19.0,0.9616491603474919,0.01346329394760665,0.014119465513995833,0.01076808019090553
20.0,0.9548896758590113,0.015764515376449163,0.016590163661198646,0.012755645103340811
21.0,0.9470037348314522,0.018430564918077735,0.019474978739843798,0.015090721510626182
22.0,0.9378236404727495,0.02150848207991609,0.022836360559225357,0.017831516888109
23.0,0.9271642545462753,0.02504722745067791,0.026743517363117572,0.021045000639929156
24.0,0.9148240954123149,0.02909596830374541,0.03127209069956484,0.024807845584374717
25.0,0.9005878310696054,0.033701543245437574,0.03650330527230405,0.029207320412652817
26.0,0.8842306348645025,0.03890491175798638,0.0425223951247398,0.034342058252771174
27.0,0.8655249204767781,0.04473641005721154,0.04941607116910576,0.04032259829690449
28.0,0.8442499728143669,0.0512096939059319,0.05726876911639926,0.04727156416330185
29.0,0.8202049055642446,0.058314374322104096,0.06615741435412904,0.05532330575952206
30.0,0.7932251583686042,0.0660075674444209,0.07614447993471674,0.06462279425225805
31.0,0.7632023485424249,0.07420490354050262,0.08726921956837369,0.07532352834869867
32.0,0.7301066777084935,0.08277197235869208,0.09953715604829737,0.08758419388451687
33.0,0.6940102632485804,0.09151768606128186,0.11290821978000938,0.10156383091012819
34.0,0.6551087886533407,0.10019152237374768,0.1272843694509115,0.11741531952200002
35.0,0.6137379199175048,0.10848690279191059,0.14249806222536385,0.13527711506522064
36.0,0.5703803099993252,0.11605283401250871,0.15830349712380587,0.15526335886436007
37.0,0.5256590901829802,0.12251515489006598,0.1743729898245746,0.17745276510237912
38.0,0.4803148885503288,0.12750714351854664,0.19030094767013356,0.20187702026099089
39.0,0.43516578704147013,0.13070695158129883,0.20561747917582052,0.22850978220141038
40.0,0.3910529951617677,0.1318768137983804,0.21981253743970766,0.2572576536001441
41.0,0.3487786350811303,0.13089705143553987,0.23236968430968574,0.287954629173644
42.0,0.3090447612095042,0.12778749162090924,0.24280636560110108,0.3203613815684854
43.0,0.2724034459860904,0.1227106787192761,0.25071557248410403,0.35417030281052947
44.0,0.23922588262930888,0.11595501209970675,0.25580262170232404,0.3890164835686603
45.0,0.20969437723661366,0.10790064537761934,0.2579110607304657,0.4244939166553013
46.0,0.18381612463739128,0.0989750132162343,0.2570335052757961,0.4601753568705783
47.0,0.16145342761889578,0.08960679356503685,0.2533061041656176,0.4956336746504497
48.0,0.14236275872022616,0.08018643175385524,0.24698844904458928,0.5304623604813292
49.0,0.12623510176678257,0.0710385996582457,0.23843319547998065,0.5642931030949909
50.0,0.11273179092041542,0.06240838578682773,0.22805084363082723,0.5968089796619295
51.0,0.10151259400367223,0.054459880536259206,0.2162749469458421,0.6277525785142263
52.0,0.09225514864055388,0.047283902465412316,0.20353181946566534,0.6569291294283682
53.0,0.08466652534566053,0.04091103077255188,0.19021714607808868,0.6842052978036987
54.0,0.07848854799833657,0.03532653292483444,0.17668027832445043,0.7095046407523783
55.0,0.07349870707635096,0.030484711202703674,0.16321574953875947,0.7328008321821856
56.0,0.06950830730638069,0.026321214084600624,0.15006078429126649,0.7541096943177519
57.0,0.0663591257088387,0.022762711610977343,0.13739726742071434,0.7734808952594693
58.0,0.06391947017886454,0.01973392234439595,0.12535665689760475,0.7909899505791345
59.0,0.062080200387731564,0.0171623137757416,0.11402653716988843,0.8067309486666381
60.0,0.06075102702638754,0.014980937655673966,0.1034578031184849,0.8208102321994533
61.0,0.059857238286427486,0.01312987566712019,0.093671762843926,0.833341123202526
62.0,0.059336898136736614,0.011556716959376096,0.08466670766002427,0.8444396772438627
63.0,0.059138501595050706,0.010216407876915256,0.07642370269505093,0.8542213878329827
64.0,0.059219042532590666,0.009070730216475646,0.06891150017377731,0.862798727077156
65.0,0.0595424381316814,0.008087590007538205,0.062090576887777194,0.8702793949730028
66.0,0.060078253074746034,0.0072402388381425774,0.05591635781108366,0.8767651502760273
67.0,0.06080067082907597,0.0065065044398912196,0.05034171964126209,0.8823511050897703
68.0,0.06168766595455415,0.005868074789033149,0.04531888022009315,0.8871253790363192
69.0,0.06272033847283884,0.005309857831581211,0.04080077940404327,0.8911690242915363
70.0,0.06388237809641197,0.004819424568142754,0.03674204924256416,0.8945561480928808
71.0,0.06515963211743503,0.004386534452970405,0.03309965992110258,0.8973541735084917
72.0,0.06653975587055418,0.004002737133815897,0.029833315226220916,0.8996241917694087
73.0,0.06801192892764003,0.0036610421785249446,0.026905658762318464,0.9014213701315162
74.0,0.06956662364129437,0.003355647661430366,0.024282340617686048,0.9027953880795889
75.0,0.07119541543799009,0.0030817186663937178,0.02193198403563626,0.9037908818599797
76.0,0.07289082648294795,0.00283520746832739,0.019826083014581365,0.904447883034143
77.0,0.07464619610009476,0.002612708100644446,0.017938854597178873,0.9048022412020816
78.0,0.07645557272092743,0.002411339029465681,0.01624706378351099,0.9048860244660956
79.0,0.07831362323068435,0.002228648636278006,0.01472983434806941,0.9047278937849679
80.0,0.08021555644030677,0.002062539106211221,0.013368455177104544,0.9043534492763771
81.0,0.08215705808786637,0.0019112051061968512,0.01214618890149335,0.903785547904443
82.0,0.08413423530308257,0.001773084311027661,0.011048087427155155,0.9030445929587342
83.0,0.08614356888468934,0.0016468174009744239,0.010060817326951734,0.9021487963873841
84.0,0.0881818720675167,0.001531215622536554,0.009172496842473914,0.9011144154674724
85.0,0.09024625471368443,0.0014252343865757372,0.00837254535820411,0.8999559655415352
86.0,0.09233409206549083,0.0013279516882163402,0.007651545578747817,0.8986864106675445
87.0,0.09444299735830922,0.0012385503824332603,0.00700111820166548,0.8973173340575915
88.0,0.09657079771934897,0.0011563035488680587,0.006413808586048165,0.8958590901457343
89.0,0.09871551287971472,0.0010805623383656462,0.005882984732902065,0.8943209400490171
90.0,0.10087533630842742,0.0010107458198297435,0.005402745788609367,0.892711172083133
91.0,0.10304861844232444,0.0009463324457606173,0.004967840234941753,0.8910372088769727
92.0,0.10523385173843762,0.0008868528336002149,0.004573592921394089,0.8893057025065676
93.0,0.1074296573182067,0.00083188362210112,0.004215840115252148,0.8875226189444395
94.0,0.10963477300778761,0.0007810422108456903,0.003890871782345072,0.8856933129990211
95.0,0.11184804260737283,0.0007339822295603642,0.003595380359911006,0.8838225948031553
96.0,0.11406840624611429,0.000690389614216095,0.0033264153373962217,0.8819147888022729
97.0,0.11629489169891773,0.0006499791908354388,0.0030813430177449837,0.8799737860925014
98.0,0.11852660655783473,0.0006124916868248938,0.0028578108883456086,0.8780030908669944
99.0,0.12076273116462846,0.0005776911046064139,0.0026537160856188197,0.8760058616451459
100.0,0.12300251222281282,0.0005453624041883605,0.002467177489208745,0.8739849478837897
101.0,0.12524525701744735,0.0005153094507616973,0.0022965110302417113,0.8719429225015488
102.0,0.12749032817951667,0.0004873531909541445,0.0021402078428420326,0.8698821107866868
103.0,0.12973713893907807,0.0004613300274309161,0.001996914928944552,0.8678046161045461
104.0,0.1319851488177222,0.00043709036641361,0.0018654180434770644,0.8657123427723867
105.0,0.13423385971641696,0.00041449731664686563,0.0017446265403563061,0.8636070164265794
106.0,0.1364828123596259,0.0003934255215691069,0.0016335599496638843,0.8614902021691407
107.0,0.13873158306081232,0.0003737601090901592,0.0015313360830920793,0.859363320747005
108.0,0.14097978077815068,0.00035539574556286003,0.0014371604885375497,0.8572276629877486
109.0,0.14322704443253462,0.0003382357823504285,0.001350317095838853,0.8550844026892758
110.0,0.145473040462862,0.0003221914849088136,0.001270159914359636,0.8529346081378693
111.0,0.14771746059613722,0.0003071813355805148,0.0011961056596588163,0.8507792524086232
112.0,0.14996001981220597,0.0002931304023784105,0.001127627201091538,0.8486192225843238
113.0,0.15220045448496164,0.00027996976696050837,0.0010642477350617408,0.8464553280130158
114.0,0.15443852068366748,0.00026763600578749957,0.0010055355999921377,0.8442883077105526
115.0,0.15667399261965048,0.00025607071913710794,0.0009510996590652845,0.8421188370021468
116.0,0.1589066612250643,0.0002452201032405452,0.0009005851855778512,0.8399475334861171
117.0,0.1611363328517099,0.00023503456132149578,0.0008536701934802447,0.8377749623934881
118.0,0.16336282807906,0.000225468349768772,0.0008100621624711846,0.8356016414086999
119.0,0.1655859806216727,0.00021647925606974717,0.0007694951129934631,0.8334280450092639
120.0,0.1678056363271131,0.00020802830548080184,0.0007317269917319317,0.831254608375674
121.0,0.1700216522563412,0.00020007949371985174,0.0006965373328352564,0.8290817309171036
122.0,0.17223389583928092,0.0001925995432400055,0.0006637251641463609,0.8269097794533325
123.0,0.1744422440989648,0.00018555768088708398,0.0006331071313006922,0.8247390910888472
124.0,0.1766465829382633,0.00017892543496096468,0.000604515815696288,0.8225699758110793
125.0,0.178846806483761,0.0001726764498947529,0.0005777982251076161,0.8204027188412365
126.0,0.18104281648184156,0.0001667863169394098,0.000552814438152398,0.8182375827630665
127.0,0.1832345217424947,0.000161232419397075,0.000529436385967573,0.8160748094521405
128.0,0.18542183762676606,0.00015599379108597152,0.000507546756342659,0.8139146218258052
129.0,0.18760468557414015,0.00015105098684526117,0.00048703800722712674,0.8117572254317874
130.0,0.18978299266647916,0.00014638596400109123,0.0004678114780002433,0.8096028098915194
131.0,0.1919566912254436,0.00014198197381670163,0.0004497765881910485,0.8074515502125486
132.0,0.19412571844059326,0.00013782346204104572,0.00043285011448360877,0.8053036079828819
133.0,0.19629001602561527,0.00013389597775297562,0.00041695553785677517,0.8031591324587748
134.0,0.19844952990035045,0.00013018608977258814,0.0004020224536044182,0.8010182615562723
135.0,0.20060420989649308,0.0001266813099786499,0.00038798603777560214,0.7988811227557524
136.0,0.20275400948502395,0.00012337002293185605,0.00037478656427673276,0.7967478339277672
137.0,0.20489888552360414,0.0001202414212586828,0.00036236896750019916,0.7946185040876367
138.0,0.20703879802230996,0.00011728544630035351,0.00035068244589592213,0.7924932340854934
139.0,0.2091737099262273,0.00011449273357647675,0.0003396801023918606,0.790372117237804
140.0,0.21130358691355008,0.00011185456265369762,0.0003293186180042299,0.7882552399057916
141.0,0.2134283972079414,0.0001093628110466519,0.000319557955364382,0.7861426820256472
142.0,0.21554811140402072,0.0001070099118120014,0.00031036108923264,0.7840345175949343
143.0,0.21766270230493473,0.00010478881452669608,0.0003016937613748347,0.7819308151191634
144.0,0.21977214477105597,0.00010269294936915738,0.00029352425744923324,0.7798316380221253
145.0,0.22187641557893206,0.00010071619404707972,0.0002858232037938238,0.7777370450232267
146.0,0.2239754932896797,9.885284333824994e-05,0.0002785633822199232,0.7756470904847618
147.0,0.22606935812608317,9.709758103140773e-05,0.0002717195611107794,0.7735618247317743
148.0,0.22815799185771643,9.544545407291262e-05,0.0002652683412958992,0.7714812943469144
149.0,0.23024137769346203,9.389184874202493e-05,0.00025918801532555114,0.76940554244247
150.0,0.2323195001808503,9.243246869311114e-05,0.00025345843890733785,0.7673346089115488
151.0,0.23439234511168616,9.106331471719308e-05,0.0002480609133897076,0.7652685306602065
152.0,0.236459899433474,8.978066608810894e-05,0.00024297807828738515,0.7632073418221501
153.0,0.23852215116618664,8.858106337025956e-05,0.00023819381294236646,0.7611510739575004
154.0,0.24057908932396063,8.746129257558447e-05,0.0002336931465025911,0.7590997562369608
155.0,0.24263070384133054,8.641837056714512e-05,0.00022946217547979673,0.7570534156126222
156.0,0.2446769855036436,8.54495316155764e-05,0.00022548798821935034,0.7550120769765211
157.0,0.24671792588132305,8.455221502278014e-05,0.000221758595678921,0.7529757633079749
158.0,0.2487535172676711,8.372405373464924e-05,0.00021826286797047803,0.7509444958106234
159.0,0.25078375261992586,8.296286387139236e-05,0.0002149904761719595,0.7489182940400304
160.0,0.2528086255033053,8.226663511023594e-05,0.0002119318389616675,0.7468971760226224
161.0,0.25482813003778987,8.163352186096747e-05,0.00020907807367055554,0.7448811583666782
162.0,0.2568422608474122,8.106183517999712e-05,0.00020642095138556058,0.7428702563660219
163.0,0.2588510130118374,8.055003537340198e-05,0.0002039528557714319,0.7408644840970174
164.0,0.2608543820200307,8.009672524381414e-05,0.0002016667453095042,0.7388638545094156
165.0,0.2628523637258224,7.970064394006025e-05,0.00019955611867989402,0.7368683795115573
166.0,0.2648449543051907,7.936066137218728e-05,0.00019761498303897686,0.7348780700503976
167.0,0.26683215021509477,7.907577315794761e-05,0.00019583782496699497,0.7328929361867798
168.0,0.2688139481536966,7.884509606999372e-05,0.00019421958388150204,0.7309129871663513
169.0,0.2707903450218229,7.866786395597313e-05,0.00019275562773128538,0.7289382314864892
170.0,0.27276133788552226,7.854342410644183e-05,0.0001914417308026166,0.726968676959568
171.0,0.27472692393958054,7.847123404804874e-05,0.00019027405348534244,0.7250043307728854
172.0,0.27668710047186496,7.845085874180417e-05,0.00018924912386059548,0.7230451995455319
173.0,0.27864186482837056,7.848196816845061e-05,0.0001883638209849213,0.7210912893824754
174.0,0.28059121437884843,7.856433528501832e-05,0.00018761535975751132,0.7191426059261083
175.0,0.28253514648289924,7.869783433858787e-05,0.00018700127726811104,0.7171991544054934
176.0,0.28447365845641853,7.888243952510942e-05,0.00018651942053314827,0.7152609396835226
177.0,0.286406747538284,7.911822398285758e-05,0.0001861679355367826,0.7133279663021957
178.0,0.288334410857176,7.94053591117418e-05,0.00018594525750200428,0.7114002385262097
179.0,0.2902566453984261,7.974411421125768e-05,0.0001858501023246795,0.7094777603850374
180.0,0.29217344797078865,8.013485643136298e-05,0.00018588145911062071,0.7075605357136688
181.0,0.2940848151730314,8.057805103200427e-05,0.00018603858376241495,0.7056485681921736
182.0,0.2959907433602427,8.107426194841401e-05,0.0001863209935689285,0.7037418613842393
183.0,0.2978912286097511,8.162415266065242e-05,0.00018672846275617197,0.7018404187748315
184.0,0.29978626668655445,8.222848736719139e-05,0.00018726101896360297,0.6999442438071142
185.0,0.3016758530081542,8.28881324636369e-05,0.0001879189406150092,0.6980533399187666
186.0,0.303559982608688,8.360405832896872e-05,0.00018870275515788684,0.6961677105778246
187.0,0.3054386501022546,8.437734142294896e-05,0.00018961323814974972,0.6942873593181721
188.0,0.30731184964532055,8.520916669962108e-05,0.0001906514131741018,0.6924122897748052
189.0,0.3091795748980963,8.610083034309445e-05,0.00019181855257291333,0.6905425057189871
190.0,0.3110418189847677,8.70537428330937e-05,0.00019311617898638576,0.6886780110934122
191.0,0.31289857445246283,8.80694323490525e-05,0.00019454606769459998,0.6868188100474929
192.0,0.3147498332288325,8.914954852285467e-05,0.0001961102497593413,0.6849649069728847
193.0,0.31659558657811676,9.029586655167846e-05,0.000197811015968006,0.683116306539363
194.0,0.3184358250555661,9.151029168378769e-05,0.0001996509215850408,0.6812730137311644
195.0,0.32027053846007975,9.279486409154343e-05,0.00020163279191986897,0.6794350338839082
196.0,0.32209971578491736,9.415176414738845e-05,0.0002037597287237355,0.6776023727222109
197.0,0.32392334516633536,9.558331812008916e-05,0.00020603511743137894,0.6757750363981125
198.0,0.32574141382999056,9.709200431011494e-05,0.00020846263526692595,0.6739530315304317
199.0,0.3275539080349465,9.868045964469702e-05,0.00021104626023692722,0.6721363652451712
200.0,0.3293608130151105,0.0001003514867548476,0.0002137902810370271,0.6703250452170969
201.0,0.33116211291791947,0.0001021080615584405,0.000216699307902401,0.6685190797126189
202.0,0.3329577907400834,0.0001039533413753653,0.0002197782844358239,0.6667184776341046
203.0,0.33474782826018507,0.00010589067360277567,0.00022303250045106605,0.6649232485657603
204.0,0.3365322059679235,0.000107923604980567,0.00022646760587326754,0.6631334028212219
205.0,0.3383109029897769,0.00011005589147944716,0.00023008962574203737,0.6613489514930009
206.0,0.34008389701084746,0.00011229150884631568,0.0002339049763672763,0.6595699065039382
207.0,0.34185116419263767,0.00011463466384415054,0.00023792048269215157,0.6577962806608253
208.0,0.34361267908649246,0.00011708980622622686,0.00024214339692227532,0.6560280877103584
209.0,0.3453684145424264,0.00011966164148726805,0.0002465814184849783,0.6542653423976007
210.0,0.3471183416130382,0.00012235514443706847,0.0002512427153876422,0.6525080605271364
211.0,0.34886242945219703,0.00012517557364523645,0.00025613594704938276,0.6507562590271077
212.0,0.3506006452081664,0.00012812848680900113,0.0002612702886859783,0.6490099560163379
213.0,0.3523329539108108,0.00013121975709951472,0.0002666554573338389,0.6472691708747551
214.0,0.3540593183525088,0.00013445559054577798,0.0002723017396050335,0.6455339243173397
215.0,0.35577969896237355,0.00013784254451923225,0.0002782200212719547,0.6438042384718345
216.0,0.3574940536733568,0.00014138754738620877,0.00028442181878713383,0.6420801369604692
217.0,0.3592023377817865,0.00014509791939981988,0.00029091931285104146,0.6403616449859619
218.0,0.36090450379886047,0.00014898139490752908,0.0002977253841484517,0.6386487894220828
219.0,0.3626005012935887,0.00015304614595556377,0.000304853651382135,0.6369415989090729
220.0,0.3642902767266457,0.00015730080737654737,0.0003123185117413036,0.6352401039542357
221.0,0.36597377327456115,0.00016175450345224507,0.00032013518395139506,0.6335443370380345
222.0,0.3676509306436401,0.00016641687624914894,0.00032831975406146793,0.6318543327260486
223.0,0.3693216848729687,0.00017129811573079416,0.00033688922413573644,0.6301701277871641
224.0,0.37098596812581874,0.00017640899175720812,0.00034586156402661024,0.6284917613183967
225.0,0.3726437084687235,0.00018176088808876634,0.0003552557664180686,0.6268192748767689
226.0,0.3742948296374512,0.00018736583851897473,0.0003650919053403143,0.6251527126186888
227.0,0.37593925078905494,0.00019323656526833253,0.00037539119836945144,0.6234921214473065
228.0,0.37757688623912733,0.00019938651977946355,0.00038617607273945016,0.6218375511683529
229.0,0.3792076451833337,0.00020582992606215053,0.00039747023560792133,0.6201890546549954
230.0,0.38083143140224124,0.0002125818267457727,0.00040929874873226846,0.61854668802228
231.0,0.38244814294840085,0.00021965813200594317,0.0004216881078286305,0.6169105108117638
232.0,0.3840576718145755,0.00022707567154187116,0.00043466632690271193,0.6152805861869791
233.0,0.38565990358194097,0.00023485224979113848,0.00044826302785913873,0.6136569811404079
234.0,0.38725471704701364,0.00024300670457917784,0.0004625095357144032,0.6120397667126919
235.0,0.3888419838259862,0.0002515589694117653,0.0004774389797577858,0.6104290182248433
236.0,0.39042156793507293,0.0002605301396302797,0.0004930864010248811,0.6088248155242709
237.0,0.39199332534538234,0.0002699425426613179,0.0005094888664695151,0.6072272432454858
238.0,0.39355710351074974,0.0002798198126044626,0.0005266855902419284,0.6056363910864029
239.0,0.39511274086686987,0.00029018696941453986,0.0005447180625040929,0.6040523541012105
240.0,0.3966600662999737,0.00030107050294753476,0.0005636301862369262,0.6024752330108408
241.0,0.398198898583195,0.00031249846215239266,0.0005834684225189245,0.6009051345321327
242.0,0.3997290457786668,0.0003245005497041501,0.0006042819447813043,0.5993421717268468
243.0,0.40125030460327926,0.0003371082223871207,0.0006261228025710728,0.5977864643717615
244.0,0.402762459755919,0.00035035479755009805,0.0006490460953804359,0.5962381393511494
245.0,0.40426528320389105,0.0003642755659685983,0.0006731101571285015,0.5946973310730108
246.0,0.40575853342610596,0.0003789079114618835,0.0006983767519092007,0.5931641819105219
247.0,0.40724195461048923,0.00039429143762470466,0.0007249112816475618,0.5916388426702375
248.0,0.4087152758029434,0.00041046810204514375,0.0007527830063347164,0.5901214730886757
249.0,0.41017821000506355,0.00042748235839036044,0.0007820652775400429,0.588612242359005
250.0,0.41163045321767494,0.00044538130675115097,0.0008128357859263474,0.5871113296896465
251.0,0.4130716834271293,0.00046421485264363767,0.0008451768235205861,0.5856189248967054
252.0,0.4145015595311626,0.00048403587507171296,0.0008791755615179055,0.5841352290322467
253.0,0.41591972020098644,0.0005049004040565707,0.0009149243444202043,0.5826604550505357
254.0,0.4173257826761554,0.0005268678080392083,0.000952521001331413,0.5811948285144729
255.0,0.4187193414886271,0.0005500009915575258,0.0009920691752495186,0.5797385883445647
256.0,0.42009996711231545,0.0005743666035908391,0.001033678671209239,0.5782919876128834
257.0,0.4214672045343239,0.000600035256950411,0.0010774658241381988,0.5768552943845864
258.0,0.4228205717439509,0.0006270817590740064,0.0011235538872924025,0.5754287926096816
259.0,0.42415955813547235,0.0006555853545543936,0.0011720734421324425,0.5740127830678398
260.0,0.42548362282064345,0.0006856299796948719,0.001223162830488796,0.5726075843691718
261.0,0.4267921928468168,0.0007173045293378773,0.0012769686098410681,0.5712135340140032
262.0,0.4280846613165612,0.0007507031361538953,0.001333646032500208,0.5698309895147836
263.0,0.42936038540468285,0.0007859254625054437,0.001393359549432429,0.5684603295833782
264.0,0.43061868426860944,0.000823077004912764,0.0014562833393962776,0.5671019553870804
265.0,0.43185883684820475,0.0008622694110417369,0.0015226018639772545,0.5657562918767751
266.0,0.4330800795512432,0.0009036208090078874,0.0015925104489944162,0.5644237891907533
267.0,0.43428160382100295,0.0009472561486402689,0.0016662158926168905,0.5631049241377387
268.0,0.43546255358273983,0.0009933075541723661,0.001743937100361234,0.5618002017627254
269.0,0.4366220225662007,0.0010419146876204017,0.001825905746938513,0.5605101569992392
270.0,0.43775905150183025,0.001093225121868706,0.001912366964677907,0.5592353564116219
271.0,0.43887262518894155,0.0011473947222028881,0.00200358005796587,0.5579764000308884
272.0,0.43996166943487175,0.0012045880347097719,0.00209981924280028,0.556733923287617
273.0,0.44102504786505087,0.0012649786795934544,0.00220137441016064,0.5555085990451938
274.0,0.44206155860499297,0.0013287497470339667,0.0023085519114307475,0.554301139736541
275.0,0.4430699308365013,0.0013960941927331173,0.002421675363571011,0.5531122996071933
276.0,0.44404882123188577,0.0014672152297450117,0.0025410864711147628,0.5519428770672532
277.0,0.44499681027175003,0.001542326712570076,0.0026671458613467054,0.5507937171543319
278.0,0.44591239845395025,0.0016216535087944424,0.002800233928201487,0.5496657141090525
279.0,0.4467940024036845,0.001705431852774521,0.0029407516794851363,0.5485598140640545
280.0,0.44763995089738373,0.001793909674992608,0.003089121580959719,0.5474770178466626
281.0,0.4484484808161716,0.001887346899736834,0.003245788389629676,0.5464183838944605
282.0,0.4492177330481855,0.001986015702681321,0.003411219967213905,0.5453850312819178
283.0,0.4499457483630412,0.002090200718754482,0.003585908063267597,0.5443781428549354
284.0,0.450630463286223,0.002200199189380323,0.003770369055718958,0.5433989684686763
285.0,0.4512697060062281,0.0023163210367562184,0.003965144634695405,0.5424488283223189
286.0,0.4518611923529283,0.00243888885128973,0.004170802413419563,0.541529116382361
287.0,0.4524025218918764,0.0025682377766579373,0.004387936447646678,0.5406413038838176
288.0,0.45289117418620456,0.0027047152751802778,0.004617167642583132,0.5397869428960307
289.0,0.453324505285374,0.0028486807543188645,0.004859144023464682,0.5389676699368411
290.0,0.4536997445083519,0.0030005050331529974,0.005114540842980777,0.538185209615513
291.0,0.4540139915978268,0.0031605696256376196,0.005384060495510713,0.5374413782810235
292.0,0.4542642143318181,0.003329265815377243,0.005668432204697912,0.5367380876481054
293.0,0.4544472466894629,0.003506993494564965,0.005968411447247767,0.536077348368723
294.0,0.454559787678831,0.0036941597376991204,0.006284779072019742,0.5354612735114488
295.0,0.45459840094624077,0.0038911770787589074,0.006618340069535676,0.5348920819054633
296.0,0.4545595152986212,0.004098461458770613,0.006969921942997835,0.534372101299609
297.0,0.4544394262828276,0.004316429809219568,0.007340372627874063,0.5339037712800775
298.0,0.4542342989782725,0.0045454972356696755,0.007730557903155719,0.5334896458829008
299.0,0.4539401721715194,0.004786073765371892,0.008141358233642412,0.533132395829465
300.0,0.4535529640932772,0.005038560622726088,0.008573664979198413,0.5328348103047971
301.0,0.45306847990914345,0.005303345997379808,0.009028375904031145,0.5325997981894444
302.0,0.4524824211649857,0.005580800271697071,0.009506389916867584,0.5324303886464484
303.0,0.45179039739547633,0.00587127067752604,0.010008600971690287,0.5323297309553061
304.0,0.4509879401093456,0.006175075356870379,0.010535891058719403,0.5323010934750634
305.0,0.4500705193666571,0.006492496807474421,0.011089122216906756,0.5323478616089605
306.0,0.4490335631609947,0.006823774702724728,0.011669127502697264,0.5324735346335822
307.0,0.4478724798119725,0.007169098085907875,0.012276700855601135,0.5326817212465174
308.0,0.4465826835599364,0.007528596951992506,0.012912585809627408,0.5329761336784425
309.0,0.4451596235340761,0.00790233324594235,0.013577463011297185,0.5333605802086833
310.0,0.4435988162363331,0.008290291325290017,0.014271936520235513,0.5338389559181402
311.0,0.4418958816454123,0.00869236795641496,0.014996518887679493,0.5344152315104921
312.0,0.44004658299687754,0.009108361938684912,0.015751615032054075,0.5350934400323824
313.0,0.438046870235855,0.009537963478225431,0.016537504959417512,0.5358776613265009
314.0,0.4358929270676006,0.00998074346330834,0.017354325410337774,0.5367720040587521
315.0,0.4335812214477006,0.010436142825736778,0.018202050553773254,0.5377805851727882
316.0,0.43110855925794855,0.010903462206470087,0.019080471892765523,0.5389075066428146
317.0,0.42847214080643165,0.011381852178139355,0.019989177595955716,0.5401568294194721
318.0,0.425669619672119,0.011870304310842458,0.020927531522579923,0.5415325444944574
319.0,0.42269916328700674,0.012367643399174745,0.021894652265825515,0.5430385410479919
320.0,0.41955951451518353,0.012872521196062036,0.022889392599003928,0.5446785716897493
321.0,0.41625005335141474,0.013383412020567451,0.02391031976926214,0.5464562148587545
322.0,0.4127708577262939,0.013898610620180676,0.02495569714241384,0.5483748345111105
323.0,0.40912276227585775,0.014416232670769677,0.026023467757367327,0.5504375372960041
324.0,0.40530741381679863,0.01493421828695854,0.02711124039657141,0.5526471274996703
325.0,0.40132732217072586,0.015450338889888966,0.02821627881652358,0.5550060601228605
326.0,0.3971859049094787,0.01596220773612164,0.02933549480603082,0.5575163925483677
327.0,0.3928875245555937,0.016467294349331425,0.030465445745781247,0.5601797353492924
328.0,0.38843751677477933,0.016962943014658987,0.03160233732711345,0.5629972028834471
329.0,0.38384220814705955,0.017446395394250757,0.03274203204717405,0.5659693644115146
330.0,0.3791089222053427,0.017914817202938374,0.033880064028994676,0.5690961965627231
331.0,0.3742459725880183,0.01836532874776567,0.03501166061630823,0.5723770380479067
332.0,0.36926264236700673,0.01879503898814639,0.0361317710632337,0.5758105475816121
333.0,0.3641691488829612,0.019201082620202307,0.037235102478820545,0.5793946660180148
334.0,0.35897659374044494,0.019580659535942496,0.03831616299810409,0.5831265837255073
335.0,0.3536968979800134,0.019931075863093204,0.0393693119389272,0.587002714217965
336.0,0.3483427228401062,0.02024978566293183,0.040388816473444854,0.591018675023516
337.0,0.3429273769354214,0.02053443225994578,0.041368914102977626,0.5951692767016541
338.0,0.3374647110935077,0.02078288810663096,0.042303879984438936,0.5994485208154213
339.0,0.33196900248952893,0.020993292056295527,0.043188097926967504,0.603849607527207
340.0,0.3264548300817871,0.0211640829316481,0.04401613367045161,0.6083649533161121
341.0,0.3209369436594213,0.02129402834022099,0.044782808885222174,0.6129862191151344
342.0,0.3154301290523133,0.02138224779953425,0.045483274205502196,0.6177043489426491
343.0,0.3099490722081663,0.02142822939253782,0.04611307953789425,0.6225096188614005
344.0,0.3045082249035502,0.021431839371407732,0.04666823987761244,0.6273916958474286
345.0,0.29912167481978386,0.02139332435652424,0.04714529492366086,0.63233970590003
346.0,0.29380302258147584,0.02131330602640187,0.04754136091055072,0.6373423104815705
347.0,0.2885652681312854,0.02119276845084623,0.04785417326546315,0.6423877901524042
348.0,0.2834207085098735,0.021033038470338834,0.04808211894925049,0.6474641340705362
349.0,0.2783808487401665,0.02083575975651885,0.048224257637089554,0.6525591338662241
350.0,0.2734563270981969,0.020602861389784625,0.04828033122682114,0.6576604802851964
351.0,0.2686568556090394,0.02033652195070853,0.04825076151482252,0.6627558609254286
352.0,0.26399117615636997,0.020039130235129286,0.04813663623436976,0.66783305737413
353.0,0.25946703215775285,0.019713243764614162,0.04793968399355051,0.6728800400840815
354.0,0.2550911553526938,0.019361546273936315,0.047662238963628964,0.67788505940974
355.0,0.25086926689157824,0.018986805317921688,0.047307196441089314,0.6828367313494098
356.0,0.2468060916119831,0.01859183105688377,0.04687796062690759,0.6877241167042246
357.0,0.24290538415165272,0.01817943716045626,0.046378386127739195,0.6925367925601509
358.0,0.2391699653778139,0.01775240462298359,0.045812714782023777,0.6972649152171778
359.0,0.2356017675098852,0.01731344911946254,0.045185509449395866,0.7018992739212555
360.0,0.23220188627320237,0.01686519235903117,0.044501586377398254,0.7064313349903674
361.0,0.22897063843875362,0.01641013772217831,0.04376594768125651,0.7108532761578107
362.0,0.2259076231698766,0.015950650306012736,0.04298371534846978,0.71515801117564
363.0,0.22301178570210448,0.015488941355366834,0.042160068019740246,0.7193392049227876
364.0,0.22028148201715647,0.01502705693078012,0.041300181611566296,0.7233912794404963
365.0,0.21771454332694504,0.014566870560340183,0.04040917464398353,0.7273094114687304
366.0,0.2153083393496001,0.014110079542143609,0.03949205892924214,0.7310895221790134
367.0,0.21305983952909552,0.01365820450753824,0.038553696072445895,0.7347282598909195
368.0,0.21096567151655854,0.013212591820916582,0.037598760040799706,0.7382229766217243
369.0,0.20902217638953313,0.012774418377376352,0.03663170588003861,0.741571699353051
370.0,0.20722546023147845,0.012344698362204365,0.035656744499158545,0.7447730969071578
371.0,0.20557144182498308,0.011924291552733427,0.034677823310489735,0.7478264433117929
372.0,0.20405589632705562,0.011513912770466976,0.03369861240275949,0.7507315784997171
373.0,0.20267449489284875,0.011114142126389545,0.03272249584013998,0.7534888671406208
374.0,0.20142284029549112,0.010725435742276555,0.03175256761939269,0.7560991563428388
375.0,0.20029649865513036,0.010348136673137396,0.03079163177833354,0.7585637328933978
376.0,0.19929102744103888,0.009982485798630723,0.029842206129617403,0.7608842806307121
377.0,0.19840199994818092,0.009628632492759843,0.028906529091596588,0.7630628384674618
378.0,0.19762502647560334,0.00928664492017308,0.027986569099907502,0.7651017595043152
379.0,0.1969557724500595,0.008956519843113981,0.027084036106645077,0.7670036716001806
380.0,0.19638997374602699,0.008638191854967446,0.026200394705781394,0.7687714396932233
381.0,0.1959234494542722,0.008331541984180273,0.0253368784613732,0.7704081301001734
382.0,0.19555211234674816,0.008036405636064795,0.02449450505685617,0.7719169769603299
383.0,0.19527197727713802,0.0077525798597546935,0.023674091927422123,0.7733013509356842
384.0,0.19507916774486375,0.007479829943624021,0.022876272081518146,0.7745647302299931
385.0,0.19496992083679499,0.007217895355133159,0.022101509860604513,0.7757106739474663
386.0,0.19494059074599088,0.006966495050703293,0.021350116427467303,0.7767427977758374
387.0,0.19498765105121763,0.006725332188235275,0.020622264811873074,0.7776647519486729
388.0,0.19510769592520918,0.006494098279668506,0.019918004377683915,0.7784802014174372
389.0,0.19529744042406694,0.006272476823891406,0.019237274607428096,0.7791928081446124
390.0,0.1955537199951187,0.006060146461710407,0.018579918128616455,0.7798062154145533
391.0,0.19587348932618825,0.005856783694768117,0.01794569293081281,0.7803240340482297
392.0,0.1962538206457065,0.005662065209546052,0.01733428374371464,0.7807498304010316
393.0,0.19669190157051183,0.0054756698461277484,0.016745312564461233,0.781087116018898
394.0,0.19718503258658523,0.005297280249433397,0.01617834833729507,0.7813393388266852
395.0,0.19773062423735474,0.005126584238332259,0.015632915800825955,0.781509875723486
396.0,0.19832619408456872,0.004963275925528501,0.015108503527771096,0.7816020264621306
397.0,0.1989693634980454,0.004807056618507061,0.014604571189456154,0.7816190086939904
398.0,0.19965785432280878,0.004657635529202032,0.014120556082845724,0.7815639540651425
399.0,0.20038948546516364,0.004514730317474286,0.013655878961697013,0.7814399052556641
400.0,0.20116216943308493,0.004378067491004033,0.013209949215850773,0.7812498138600593
401.0,0.20197390886083588,0.004247382681850065,0.012782169443921056,0.780996539013392
402.0,0.20282279304292292,0.004122420817721847,0.012371939464929975,0.7806828466744243
403.0,0.2037069944982819,0.004002936203965429,0.0119786598139425,0.7803114094838093
404.0,0.20462476558191195,0.0038886925303847405,0.011601734765653475,0.779884807122049
405.0,0.20557443515797325,0.003779462815305841,0.011240574928307417,0.7794055270984127
406.0,0.20655440534559322,0.003675029297739397,0.010894599448413067,0.7788759659082536
407.0,0.20756314834623354,0.003575183287098959,0.010563237864552905,0.7782984305021139
408.0,0.20859920335941426,0.003479724978681012,0.010245931646268809,0.7776751400156352
409.0,0.20966117359183156,0.0033884632419973505,0.009942135451600269,0.7770082277145701
410.0,0.21074772336340725,0.0033012153880606337,0.009651318134418396,0.776299743114113
411.0,0.21185757531253646,0.003217806920849411,0.009372963530283598,0.7755516542363298
412.0,0.21298950770172936,0.003138071277408965,0.009106571047192888,0.774765849973668
413.0,0.21414235182394456,0.003061849560368861,0.008851656085301654,0.7739441425303841
414.0,0.21531498950916508,0.0029889902660675204,0.008607750307524371,0.7730882699172422
415.0,0.21650635073015181,0.002919349010959408,0.00837440178085292,0.772199898478035
416.0,0.21771541130580532,0.002852788258533214,0.008151175006288973,0.7712806254293717
417.0,0.21894119070016152,0.002789177048582045,0.007937650853473048,0.7703319813977826
418.0,0.22018274991472275,0.002728390730332135,0.007733426414409009,0.7693554329405353
419.0,0.22143918947157556,0.0026703107006486215,0.007538114789127957,0.7683523850386471
420.0,0.2227096474845546,0.0026148241482898435,0.007351344814706837,0.7673241835524479
421.0,0.2239932978155742,0.0025618238049702796,0.007172760747750094,0.7662721176317047
422.0,0.22528934831315328,0.0025112077038121766,0.007002021909252079,0.7651974220737817
423.0,0.2265970391301012,0.002462878945613029,0.006838802299677269,0.7641012796246077
424.0,0.2279156411173048,0.0024167454732268506,0.0066827901911181925,0.7629848232183494
425.0,0.22924445429055465,0.00237271985424847,0.006533687702510258,0.7618491381526858
426.0,0.2305828063673683,0.0023307190720990825,0.006391210363091616,0.7606952641974403
427.0,0.23193005137080494,0.002290664325535658,0.006255086668587746,0.759524197635071
428.0,0.23328556829731656,0.002252480836544302,0.006125057633968049,0.7583368932321704
429.0,0.2346487598457433,0.0022160976665265616,0.006000876346058809,0.7571342661416706
430.0,0.23601905120463076,0.0021814475406462183,0.0058823075187973565,0.7559171937359249
431.0,0.23739588889512597,0.002148466680171021,0.005769127053470283,0.7546865173712319
432.0,0.23877873966678997,0.0021170946426177623,0.005661121605888678,0.7534430440847028
433.0,0.24016708944375298,0.0020872741694891077,0.005558088162110501,0.7521875482246466
434.0,0.24156044231872525,0.002058951041375667,0.005459833624019656,0.7509207730158787
435.0,0.24295831959246772,0.0020320739401861964,0.005366174405808737,0.7496434320615366
436.0,0.24436025885641643,0.002006594318261831,0.00527693604218384,0.7483562107831372
437.0,0.24576581311624499,0.0019824662741262855,0.005191952808911521,0.7470597678007165
438.0,0.2471745499542383,0.001959646434622513,0.005111067356156732,0.7457547362549817
439.0,0.24858605072843892,0.0019380938431869282,0.0050341303549132745,0.7444417250734601
440.0,0.24999990980661319,0.0019177698540146417,0.004961000156702259,0.7431213201826691
441.0,0.2514157338331684,0.0018986380318728405,0.004891542466606817,0.7417940856683511
442.0,0.2528331410272343,0.0018806640573242567,0.004825630029620599,0.74046056488582
443.0,0.2542517605102011,0.001863815637128332,0.004763142330211457,0.7391212815224583
444.0,0.2556712316610829,0.001848062419594017,0.004703965304938312,0.7377767406143839
445.0,0.2570912034981502,0.0018333759146649678,0.004647991067907035,0.736427429519277
446.0,0.258511334085345,0.001819729418525081,0.004595117648808638,0.7350738188473205
447.0,0.259931289962063,0.0018070979425197048,0.004545248743249098,0.7337163633521674
448.0,0.2613507455949506,0.001795458146195395,0.004498293475053414,0.7323555027837998
449.0,0.2627693828504299,0.001784788274268652,0.004454166170206153,0.7309916627050945
450.0,0.2641868904867243,0.0017750680973416017,0.004412786142075777,0.7296252552738576
451.0,0.2656029636642155,0.0017662788561900217,0.004374077487559771,0.7282566799920339
452.0,0.26701730347301916,0.0017584032094564148,0.004337968893781239,0.7268863244237423
453.0,0.26842961647671837,0.0017514251845879279,0.0043043934549646294,0.7255145648837282
