timestamp,value1,value2,value3,value4
0,0.999,0,0.001,0
1,0.99852287635372605,0.00040515262656369376,0.00093561580608589377,0.00013635521362445971
2,0.99804783922641249,0.00069534000143582663,0.00098490564536780011,0.00027191512678398117
3,0.99752901226586699,0.00094171446815741135,0.0011094666873328113,0.00041980657864280332
4,0.99693380528627507,0.001184254679188135,0.0012925843330142805,0.00058935570152264711
5,0.99623482625210835,0.0014473439750115197,0.0015294221210280969,0.00078840765185212488
6,0.99540535920734763,0.00174797645529631,0.0018220356571995184,0.0010246286801564594
7,0.99441665078183195,0.0021001307979280751,0.0021769246123319046,0.0013062938079078919
8,0.99323607253483182,0.0025171764067576608,0.0026039224770481074,0.0016428285813621616
9,0.99182566937169381,0.0030132784652061773,0.0031158047850574308,0.0020452473780424949
10,0.99014083436413924,0.0036043025458459398,0.0037282972820528158,0.0025265658079618087
11,0.98812897127135801,0.0043084765540069994,0.00446032077824942,0.0031022313963854527
12,0.98572807199393564,0.0051469396010768737,0.0053343887804581285,0.0037905996245293154
13,0.98286517573490939,0.0061442374885983661,0.0063771132717650256,0.0046134735047272789
14,0.97945470546587021,0.0073287832151723098,0.0076197914337511191,0.0055967198852064004
15,0.97539670458201422,0.0087332724767458514,0.0090990507290253167,0.0067709722122146366
16,0.9705750284015694,0.010395019809840131,0.010857525756202637,0.0081724260323878563
17,0.96485558593647081,0.012356155842602169,0.012944529221937406,0.0098437289989897307
18,0.95808478079728132,0.014663597212622713,0.015416661418659475,0.011834960571436688
19,0.95008836896613635,0.017368666803003485,0.018338277269801109,0.014204686961059284
20,0.94067103665363616,0.020526203498996171,0.021781696755248731,0.017021063092119204
21,0.92961710170411671,0.024192960616504011,0.0258270033916916,0.02036293428768788
22,0.91669284989739763,0.028425057163972575,0.030561227911573414,0.024320865027056587
23,0.90165111750354843,0.033274228150024829,0.036076664529146367,0.028997989817280558
24,0.88423879612350298,0.038782638066935153,0.042468023593194543,0.034510542216367561
25,0.86420792279371228,0.04497610171371641,0.049828101313668501,0.040987874178902969
26,0.84133086992707218,0.051855730382916264,0.058241666142112875,0.048571733547898864
27,0.81541979898131001,0.059388319523614036,0.067777350846348297,0.057414530648727771
28,0.78634992909119505,0.067496231423944772,0.078477531591276919,0.067676307893583226
29,0.75408527546299653,0.076048080973450241,0.09034649778644975,0.079520145777103507
30,0.71870439174386325,0.084852117880452591,0.10333767639385658,0.093105813981827504
31,0.68042249182120396,0.093654644698121431,0.11734123827839178,0.10858162520228268
32,0.63960546209753244,0.10214587024855898,0.13217398723148646,0.12607468042242198
33,0.59677114286547739,0.1099750085611864,0.14757385066569001,0.14567999790764619
34,0.55257426736916637,0.11677503249050994,0.16320134311189308,0.16744935702843072
35,0.50777377062806761,0.12219537166830491,0.17864986258371335,0.1913809951199141
36,0.46318453824726108,0.12593845942343362,0.19346551976103069,0.21741148256827458
37,0.4196192590811218,0.12779414852037246,0.20717551075136165,0.24541108164714409
38,0.37782874627623414,0.12766545165350432,0.21932218567176767,0.27518361639849381
39,0.33844988220454197,0.12558030024078431,0.22949846063911802,0.30647135691555577
40,0.30196881241042117,0.12168687424334575,0.2373795729830962,0.3389647403631369
41,0.26870360690552186,0.11623367817165946,0.24274665629882142,0.37231605862399719
42,0.23880645302808939,0.1095387368148039,0.24549911364507224,0.40615569651203454
43,0.2122818427127072,0.10195407680215858,0.2456548575842174,0.44010922290091681
44,0.18901508795934641,0.093831678056508425,0.24333957264912576,0.47381366133501945
45,0.16880509039143732,0.085495631067211919,0.23876772217961487,0.50693155636173604
46,0.15139625059688333,0.077223049530779256,0.23221879100571707,0.53916190886662052
47,0.13650607614996255,0.069234132132608942,0.22401223063021417,0.57024756108721453
48,0.12384680098628445,0.061690168009428697,0.21448396168003184,0.59997906932425538
49,0.11314074640673202,0.05469742802100188,0.20396637910960197,0.62819544646266445
50,0.10413007275023985,0.048314699207457075,0.1927728632655514,0.65478236477675189
51,0.096582017649289947,0.04256248688803653,0.18118700372624189,0.67966849173643196
52,0.090290813636470679,0.037432394601249419,0.16945617590999973,0.70282061585228051
53,0.085077364710532358,0.032895715493643549,0.157788779607098,0.72423814018872634
54,0.080787553612562554,0.028910721830664111,0.14635431507153643,0.74394740948523708
55,0.077289825894444705,0.025428477452438012,0.13528547951956832,0.76199621713354915
56,0.074472495208777023,0.022397218957869371,0.12468155922459551,0.77844872660875841
57,0.072241053303260694,0.019765474692374014,0.11461252490189097,0.79338094710247464
58,0.070515649654291954,0.017484142779134397,0.10512337923355745,0.80687682833301666
59,0.069228823917920165,0.015507755550382824,0.096238436040339242,0.8190249844913583
60,0.068323521379121455,0.01379513774932996,0.087965321180488804,0.82991601969106032
61,0.067751389489200148,0.012309633877083713,0.080298572699098986,0.8396404039346177
62,0.067471335834421067,0.011019045029775534,0.073222782957230628,0.84828683617857326
63,0.067448319475027538,0.0098953826077400192,0.066715271351440494,0.85594102656579241
64,0.067652344955473342,0.0089145178221557517,0.060748306447863776,0.86268483077450753
65,0.068057628980595003,0.0080557827535183094,0.055290914542654508,0.86859567372323265
66,0.068641912194634447,0.0073015606686563416,0.050310321056303245,0.87374620608040643
67,0.069385891703831928,0.0066368897570424704,0.045773074443414989,0.87820414409571113
68,0.070272753364400337,0.0060490946171958999,0.041645901541844867,0.88203225047655931
69,0.071287786092766994,0.0055274529264749024,0.037896340060605695,0.88528842092015281
70,0.072418063384058429,0.0050629000632335785,0.034493189339987677,0.88802584721272082
71,0.073652179786102959,0.004647771435415296,0.031406815386169899,0.89029323339231226
72,0.074980032263988444,0.0042755804388170861,0.028609340996882355,0.8921350463003126
73,0.076392638228365922,0.0039408289632729835,0.02607474686992569,0.8935917859384358
74,0.077881983526823018,0.0036388469179546084,0.023778905099654291,0.89470026445556849
75,0.079440894953687766,0.0033656571625302455,0.021699562500150701,0.89549388538363173
76,0.081062932860670386,0.0031178623700433609,0.019816287767756308,0.89600291700153034
77,0.08274230028650989,0.002892550613578574,0.018110393591108446,0.8962547555088034
78,0.08447376570146943,0.0026872167969481612,0.016564842392870236,0.89627417510871243
79,0.086252597010611928,0.0024996973972614099,0.015164142391952648,0.89608356320017424
80,0.088074504902281442,0.0023281163278388796,0.013894239052655665,0.89570313971722404
81,0.089935593985068785,0.0021708400480755161,0.012742405683270092,0.89515116028358555
82,0.091832320444177912,0.0020264403345776776,0.011697135910487799,0.89444410331075663
83,0.093761455179957903,0.0018936633821240373,0.010748039941793106,0.89359684149612506
84,0.095720051578333742,0.001771404123727553,0.009885745895829242,0.89262279840210956
85,0.097705417213785575,0.0016586848481269741,0.0091018069961744073,0.89153409094191305
86,0.099715088907508395,0.0015546373532125894,0.0083886150579594795,0.89034165868131954
87,0.10174681066215391,0.001458488008417681,0.0077393204250693062,0.88905538090435909
88,0.10379851407470828,0.00136954521128353,0.0071477583182959657,0.88768418239571234
89,0.10586830089426967,0.0012871888163928978,0.0066083814154271935,0.88623612887391046
90,0.10795442744470263,0.0012108611915706521,0.0061161983896465292,0.88471851297408033
91,0.11005529067571496,0.0011400596192668968,0.0056667180721954409,0.88313793163282284
92,0.1121694156417057,0.0010743298126388383,0.0052558988705699158,0.88150035567508567
93,0.114295444237274,0.00101326035798822,0.004880103057939786,0.87981119234679805
94,0.11643212504275628,0.00095647792955404632,0.0045360555477798508,0.87807534147990995
95,0.11857830415353371,0.00090364315060471509,0.0042208067758458022,0.8762972459200159
96,0.120732916883892,0.00085444699748746342,0.0039316993265087648,0.87448093679211192
97,0.12289498025053407,0.0008086076617442702,0.0036663379597167817,0.87263007412800508
98,0.12506358615293961,0.00076586780038980504,0.0034225627167047785,0.87074798332996595
99,0.1272378951780283,0.00072599211662298737,0.0031984248057113276,0.86883768789963745
100,0.12941713096533666,0.00068876522314353537,0.0029921649924251684,0.86690193881909472
101,0.13160057507642009,0.00065398974830347084,0.0028021942429975019,0.86494324093227914
102,0.13378756231865102,0.00062148465189380603,0.0026270763897505997,0.86296387663970486
103,0.13597747647917052,0.00059108372273424621,0.0024655126108829033,0.86096592718721265
104,0.13816974642960533,0.00056263423462951385,0.0023163275353296599,0.85895129180043583
105,0.14036384256639445,0.00053599574086596454,0.0021784568023895195,0.85692170489035036
106,0.14255927355527748,0.00051103899039651719,0.0020509359227394103,0.85487875153158699
107,0.14475558335175598,0.00048764495132125004,0.001932890303046466,0.85282388139387688
108,0.14695234847220945,0.00046570392931245483,0.0018235263105925176,0.85075842128788615
109,0.14914917549289189,0.00044511477033460571,0.0017221232672204767,0.84868358646955355
110,0.15134569875628631,0.00042578413843444459,0.0016280262735723623,0.8466004908317073
111,0.15354157826630097,0.0004076258605748128,0.0015406397751022869,0.84451015609802238
112,0.15573649775557777,0.00039056033149874038,0.0014594217908035091,0.84241352012212045
113,0.15793016290978021,0.00037451397247053057,0.0013838787340752488,0.84031144438367433
114,0.16012229973515729,0.00035941873847472838,0.0013135607627583364,0.83820472076360997
115,0.16231265305696263,0.00034521166908346523,0.0012480576021708975,0.83609407767178345
116,0.16450098513745787,0.00033183447874518389,0.0011869947910531759,0.83398018559274423
117,0.16668707440326819,0.00031923318271739149,0.0011300303057560281,0.83186366210825891
118,0.16887071427278755,0.00030735775527446419,0.0010768515228466353,0.82974507644909179
119,0.17105171207517661,0.00029616181717813465,0.0010271724846182436,0.82762495362302757
120,0.17322988805325282,0.00028560234971095386,0.00098073143583338662,0.82550377816120346
121,0.17540507444326256,0.00027563943284817326,0.00093728860345217667,0.82338199752043773
122,0.1775771146251445,0.00026623600538649788,0.00089662419414402264,0.82126002517532559
123,0.17974586233745724,0.00025735764506346092,0.00085853658709330823,0.81913824343038677
124,0.18191118095165429,0.00024897236689249862,0.00082284070202365235,0.8170170059794305
125,0.1840729428008524,0.00024105043810928806,0.00078936652451413547,0.81489664023652508
126,0.18623102855865908,0.0002335642082772026,0.00075795777259359833,0.81277744946047104
127,0.18838532666400667,0.00022648795323608763,0.00072847069030191746,0.81065971469245623
128,0.19053573278828664,0.0002197977317008769,0.00070077295542337107,0.80854369652459013
129,0.19268214934139397,0.00021347125342650999,0.00067474268994755361,0.80642963671523293
130,0.19482448501357708,0.00020748775795458924,0.00065026756301625498,0.80431775966545294
131,0.19696265435025107,0.00020182790304645241,0.00062724397718670838,0.80220827376951653
132,0.19909657735716854,0.00019647366198791494,0.00060557632979720455,0.80010137265104697
133,0.20122617913356017,0.00019140822902376795,0.00058517634207323169,0.79799723629534336
134,0.20335138953105422,0.00018661593224603823,0.00056596244937251981,0.79589603208732751
135,0.20547214283636386,0.00018208215331972892,0.00054785924664586588,0.79379791576367087
136,0.20758837747589651,0.0001777932534839077,0.00053079698379642621,0.79170303228682348
137,0.2097000357405889,0.00017373650531514871,0.00051471110616134843,0.78961151664793494
138,0.21180706352940828,0.00016990002978496517,0.00049954183582328053,0.78752349460498372
139,0.21390941011008638,0.00016627273818343497,0.00048523378989178605,0.78543908336183854
140,0.21600702789576567,0.00016284427851811806,0.00047173563228161718,0.78335839219343473
141,0.21809987223634369,0.00015960498603094167,0.00045899975586113592,0.78128152302176446
142,0.22018790122339535,0.00015654583750631155,0.00044698199215435286,0.77920857094694418
143,0.22227107550764155,0.00015365840907156965,0.00043564134605800084,0.77713962473722908
144,0.22434935812801174,0.00015093483721632437,0.00042493975328426466,0.77507476728148794
145,0.22642271435142231,0.00014836778278035456,0.00041484185846334912,0.77301407600733407
146,0.22849111152245871,0.00014595039768093974,0.0004053148120407396,0.7709576232678198
147,0.23055451892221079,0.00014367629416978724,0.00039632808428423941,0.76890547669933529
148,0.23261290763556819,0.00014153951642737446,0.00038785329487784096,0.76685769955312677
149,0.23466625042633205,0.00013953451431866315,0.00037986405672512974,0.76481435100262429
150,0.23671452161954862,0.00013765611914889986,0.00037233583271597051,0.76277548642858661
151,0.23875769699051239,0.00013589952127172742,0.00036524580432820825,0.76074115768388761
152,0.24079575365992548,0.000134260249414203,0.0003585727510424068,0.75871141333961789
153,0.24282866999473801,0.00013273415159465585,0.00035229693964346529,0.75668629891402373
154,0.24485642551422554,0.00013131737751971318,0.00034640002256938464,0.75466585708568534
155,0.24687900080089101,0.00013000636235636274,0.00034086494454547002,0.7526501278922072
156,0.24889637741580692,0.00012879781178367917,0.00033567585681272419,0.7506391489155968
157,0.25090853781803696,0.00012768868823689406,0.00033081803832288163,0.74863295545540331
158,0.25291546528780245,0.00012667619826389246,0.00032627782333013988,0.74663158069060342
159,0.25491714385307751,0.00012575778092103898,0.00032204253486179659,0.74463505583113943
160,0.25691355821931788,0.00012493109714151743,0.00031810042359723263,0.74264341025994307
161,0.25890469370204605,0.0001241940200151678,0.00031444061172750641,0.74065667166621119
162,0.26089053616202951,0.00012354462592415748,0.00031105304140667376,0.7386748661706396
163,0.26287107194280707,0.0001229811864837783,0.00030792842744122441,0.73669801844326788
164,0.26484628781032749,0.00012250216124224902,0.00030505821389608718,0.73472615181453427
165,0.2668161708944794,0.00012210619109766043,0.00030243453432482069,0.73275928838009829
166,0.2687807086323023,0.00012179209239415632,0.00030005017535816142,0.73079744909994548
167,0.27073988871267451,0.00012155885166312956,0.00029789854340930838,0.72884065389225305
168,0.27269369902228907,0.00012140562097865024,0.00029597363427640911,0.72688892172245589
169,0.27464212759272927,0.00012133171389955982,0.00029427000544289414,0.72494227068792827
170,0.27658516254846743,0.00012133660197368281,0.00029278275089476786,0.72300071809866417
171,0.27852279205561364,0.00012141991178244245,0.00029150747829087136,0.72106428055431315
172,0.28045500427124759,0.00012158142250684596,0.00029044028833765209,0.7191329740179081
173,0.28238178729316932,0.0001218210639983346,0.00028957775623422949,0.71720681388659813
174,0.28430312910991162,0.00012213891534040191,0.00028891691506667246,0.71528581505968136
175,0.28621901755085427,0.00012253520388917568,0.00028845524104251235,0.71336999200421425
176,0.28812944023628767,0.00012301030478335492,0.00028819064046770699,0.71145935881846156
177,0.29003438452727226,0.00012356474091600463,0.00028812143837864086,0.70955392929343375
178,0.29193383747514051,0.00012419918336274886,0.00028824636875138211,0.70765371697274615
179,0.29382778577048957,0.00012491445226288074,0.00028856456621938854,0.70575873521102872
180,0.29571621569151302,0.00012571151815183725,0.00028907555923924488,0.70386899723109631
181,0.29759911305151499,0.00012659150374537512,0.00028977926465187197,0.70198451618008817
182,0.29947646314545373,0.00012755568617764539,0.00029067598359404812,0.70010530518477498
183,0.30134825069535587,0.00012860549969720737,0.00029176639872207093,0.69823137740622521
184,0.30321445979443912,0.00012974253882685186,0.00029305157271601492,0.69636274609401838
185,0.30507507384978128,0.00013096856199493862,0.00029453294803935412,0.69449942464018488
186,0.30693007552336421,0.0001322854956477899,0.00029621234793476364,0.6926414266330535
187,0.30877944667132157,0.0001336954388545406,0.00029809197864272692,0.69078876591118121
188,0.31062316828120934,0.00013520066841772702,0.00030017443283519385,0.68894145661753781
189,0.31246122040711422,0.00013680364450481257,0.00030246269426199959,0.68709951325411922
190,0.31429358210240871,0.00013850701681780727,0.00030496014361308617,0.68526295073716059
191,0.31612023134995237,0.00014031363132014751,0.00030767056560481441,0.68343178445312291
192,0.31794114498953036,0.00014222653754207042,0.00031059815730383032,0.68160603031562417
193,0.31975629864231325,0.00014424899648785318,0.00031374753770708943,0.67978570482349221
194,0.32156566663211139,0.00014638448917049965,0.00031712375860177758,0.67797082512011675
195,0.32336922190318357,0.00014863672580175307,0.00032073231673401386,0.67616140905428124
196,0.32516693593435375,0.00015100965566770358,0.00032457916732041465,0.67435747524265854
197,0.32695877864917161,0.00015350747772275059,0.00032867073894185441,0.67255904313416426
198,0.32874471832184327,0.00015613465193728562,0.00033301394986411207,0.67076613307635591
199,0.33052472147864087,0.0001588959114371816,0.00033761622583555588,0.66897876638408693
200,0.33229875279448734,0.00016179627547603233,0.00034248551941762324,0.66719696541061957
201,0.33406677498439385,0.0001648410632840757,0.00034763033090962249,0.66542075362141295
202,0.33582874868941059,0.00016803590884087837,0.00035305973093533106,0.66365015567081365
203,0.33758463235673258,0.00017138677662216067,0.0003587833847650306,0.66188519748188068
204,0.33933438211358213,0.00017489997837461186,0.00036481157845300781,0.66012590632959056
205,0.3410779516344678,0.00017858219097619457,0.00037115524687720295,0.65837231092767923
206,0.34281529200139715,0.00018244047544327977,0.00037782600377461072,0.65662444151938548
207,0.34454635155659485,0.0001864822971499917,0.00038483617387327049,0.65488232997238249
208,0.34627107574725496,0.00019071554732939548,0.0003921988272292382,0.65314600987818716
209,0.34798940696182401,0.00019514856593063048,0.00039992781588483296,0.65141551665636144
210,0.34970128435728681,0.00019979016591079856,0.00040803781297273724,0.64969088766383054
211,0.35140664367689162,0.0002046496590453596,0.00041654435439919692,0.6479721623096647
212,0.3531054170577223,0.00020973688334598504,0.00042546388324866979,0.64625938217568402
213,0.35479753282748694,0.0002150622321802763,0.00043481379706180961,0.64455259114327212
214,0.35648291528985632,0.00022063668519348178,0.00044461249814868083,0.6428518355268027
215,0.35816148449764812,0.00022647184113834903,0.0004548794471096001,0.64115716421410507
216,0.35983315601310784,0.00023257995272553538,0.00046563521974700786,0.63946862881442057
217,0.36149784065449647,0.00023897396361357559,0.00047690156756332046,0.63778628381432756
218,0.36315544422814827,0.00024566754766427356,0.00048870148205180594,0.63611018674213671
219,0.3648058672451101,0.00025267515059654587,0.00050105926300019355,0.63444039834129407
220,0.3664490046214281,0.00026001203417920022,0.00051400059103997805,0.6327769827533537
221,0.36808474536108549,0.00026769432311087672,0.00052755260468822531,0.63112000771111643
222,0.36971297222054655,0.00027573905474340273,0.00054174398214314559,0.629469544742568
223,0.37133356135379503,0.00028416423181311108,0.00055660502810976479,0.62782566938628337
224,0.37294638193669533,0.00029298887835321465,0.00057216776594770278,0.6261884614190053
225,0.37455129576944007,0.00030223309896911649,0.00058846603544935162,0.62455800509614312
226,0.37614815685577535,0.00031191814166750689,0.00060553559657362658,0.62293438940598533
227,0.37773681095762562,0.00032206646443924832,0.00062341423947790374,0.62131770833845923
228,0.37931709512366368,0.00033270180580530689,0.00064214190120874385,0.61970806116932409
229,0.38088883719029454,0.00034384925954431065,0.00066176078943047992,0.61810555276073265
230,0.38245185525343822,0.00035553535382962291,0.00068231551358965839,0.61651029387914447
231,0.38400595710941565,0.00036778813501303571,0.00070385322393259789,0.61492240153164079
232,0.38555093966315312,0.00038063725630120614,0.00072642375881287117,0.61334199932173494
233,0.38708658830183257,0.00039411407157966281,0.00075007980074521423,0.61176921782584459
234,0.38861267623202328,0.00040825173464745793,0.00077487704168207033,0.61020419499164902
235,0.3901289637782378,0.00042308530413316583,0.00080087435800853615,0.60864707655962236
236,0.39163519764075916,0.00043865185436973709,0.00082813399577066535,0.60709801650910222
237,0.3931311101104934,0.00045499059251148606,0.00085672176667068252,0.60555717753032612
238,0.39461641823850296,0.00047214298218094876,0.00088670725538036923,0.60402473152393743
239,0.39609082295778369,0.00049015287393620757,0.00091816403874037881,0.6025008601295414
240,0.39755400815475272,0.00050906664285017183,0.00095116991742811153,0.60098575528497056
241,0.39900563968782593,0.00052893333349184632,0.00098580716068960442,0.59947961981799414
242,0.40044536435037426,0.00054980481259533302,0.0010221627647411047,0.59798266807229095
243,0.40187280877526876,0.00057173592969469479,0.0010603287254530079,0.59649512656958537
244,0.40328757827814921,0.00059478468599122379,0.0011004023259319473,0.5950172347099294
245,0.404689255636487,0.00061901241170346922,0.0011424864396151805,0.59354924551219612
246,0.40607739980146013,0.00064448395212877139,0.0011866898494841645,0.59209142639692869
247,0.40745154453962051,0.00067126786261716533,0.0012331275839901875,0.59064406001377379
248,0.40881119700131352,0.00069943661262338074,0.0012819212702630315,0.58920744511580159
249,0.41015583621281143,0.00072906679895913442,0.0013331995051424057,0.5877818974830884
250,0.41148491148915017,0.00076023936831476661,0.0013870982445298176,0.58636775089800663
251,0.41279784076471776,0.00079303984905510362,0.0014437612115038414,0.58496535817472484
252,0.41409400883873498,0.00082755859221767458,0.0015033403235724465,0.58357509224547643
253,0.41537276553290897,0.00086389102155034504,0.0015659961393498869,0.58219734730619233
254,0.41663342375872375,0.00090213789231812533,0.0016318983248401516,0.58083254002411966
255,0.41787525749207638,0.00094240555848324197,0.0017012261393813399,0.5794811108100606
256,0.41909749965327731,0.00098480624771618759,0.0017741689411523885,0.5781435251578555
257,0.42029933989081691,0.0010294583435258302,0.0018509267119619342,0.5768202750536966
258,0.4214799222677737,0.0010764866736009593,0.0019317106008248533,0.57551188045780199
259,0.42263834285030927,0.0011260228032308505,0.0020167434855809666,0.57421889086088052
260,0.4237736471983794,0.0011782053324152558,0.0021062605515178847,0.57294188691768921
261,0.42488482775959963,0.0012331801949811644,0.0022005098856209002,0.57168148215980019
262,0.42597082116815693,0.0012911009576910056,0.0022997530846816708,0.5704383247894721
263,0.42703050545177546,0.0013521291169507131,0.0024042658750481729,0.56921309955622734
264,0.42806269715103479,0.0014164343903021546,0.0025143387412846431,0.56800652971738008
265,0.42906614835683843,0.0014841949994086089,0.0026302775604250014,0.56681937908332969
266,0.43003954367354519,0.0015555979407099172,0.0027524042378393185,0.56565245414790744
267,0.43098149711723999,0.0016308392393314338,0.002881057339982574,0.56450660630344773
268,0.43189054896085849,0.0017101241811737413,0.0030165927184503077,0.56338273413951934
269,0.43276516254040598,0.0017936675173844732,0.0031593841188186232,0.56228178582339272
270,0.43360372103937339,0.0018816936346160594,0.0033098237666882354,0.56120476155932408
271,0.434404524271649,0.0019744366836010547,0.0034683229221757327,0.56015271612257611
272,0.43516578548681417,0.0020721406576281257,0.0036353123927923199,0.55912676146276719
273,0.43588562822568688,0.0021750594114762164,0.0038112429932139372,0.55812806936962489
274,0.43656208325839158,0.0022834566102629904,0.0039965859388708461,0.55715787419247653
275,0.43719308564208748,0.0023976055964895701,0.0041918331585649171,0.55621747560286028
276,0.43777647194080643,0.0025177891623226695,0.0043974975094564902,0.55530824138741652
277,0.43830997765565016,0.0026442992128564964,0.0046141128757497792,0.55443161025574561
278,0.43879123491986438,0.0027774363047532529,0.0048422341302499922,0.55358909464513428
279,0.43921777052005756,0.0029175090432903266,0.0050824369356743211,0.5527822835009798
280,0.43958700431202902,0.0030648333194675851,0.0053353173601857953,0.5520128450083196
281,0.43989624810728828,0.0032197313674791443,0.0056014912791034011,0.55128252924613119
282,0.44014270511433384,0.0033825306215678318,0.0058815935321508963,0.55059317073194947
283,0.44032347002703648,0.0035535623501028431,0.0061762768029773388,0.54994669081988568
284,0.44043552986093742,0.0037331600437069661,0.006486210185061383,0.54934509991029656
285,0.44047576564680063,0.0039216575334749234,0.0068120773955591086,0.54879049942416758
286,0.44044095509917458,0.0041193868148457864,0.007154574596245346,0.54828508348973637
287,0.4403277763858231,0.0043266755526092876,0.0075144077785211615,0.54783114028304847
288,0.44013281313142189,0.0045438442429397386,0.0078922896676232018,0.54743105295801719
289,0.43985256079559198,0.0047712030093762436,0.0082889360998007304,0.5470873000952331
290,0.43948343457079658,0.0050090480114301323,0.0087050618254709382,0.54680245559230456
291,0.43902177894946687,0.0052576574471366062,0.0091413756913909568,0.54657918791200777
292,0.43846387911147588,0.0055172871345228608,0.0095985751558863661,0.54642025859811727
293,0.43780597428224038,0.0057881656617896132,0.010077340093361151,0.54632851996261123
294,0.43704427320772826,0.0060704891021481277,0.01057832584791348,0.54630691184221247
295,0.43617497188487891,0.0063644152968655564,0.011102155501139665,0.54635845731711818
296,0.43519427367376418,0.0066700577192795292,0.011649411326382008,0.54648625728057654
297,0.43409841190056753,0.006987478943456602,0.012220625411023324,0.54669348374495463
298,0.43288367503749903,0.0073166837538616815,0.012816269440205395,0.54698337176843592
299,0.4315464345164553,0.007657611946901257,0.013436743649784935,0.54735920988686049
300,0.43008317519705153,0.008010130891462533,0.014082364973640221,0.54782432893784772
301,0.42849052846612856,0.008374027933472885,0.014753354430754165,0.54838208916964637
302,0.42676530789470102,0.00874900274883097,0.015449823820902573,0.54903586553556749
303,0.42490454731947852,0.0091346597694783212,0.016171761824250723,0.54978903108679433
304,0.42290554114974166,0.0095305008284236811,0.016919019629567031,0.55064493839226947
305,0.42076588662700065,0.0099359181905932861,0.017691296247810448,0.55160689893459747
306,0.41848352768539832,0.01035018815669881,0.018488123702075435,0.55267816045582929
307,0.41605679997655387,0.010772465445978567,0.019308852320623033,0.55386188225684641
308,0.41348447653527859,0.011201778579620694,0.020152636396107822,0.55516110848899469
309,0.41076581347462249,0.011637026498738651,0.021018420510017646,0.55657873951662307
310,0.40790059501281806,0.012076976657668268,0.021904926855429056,0.55811750147408645
311,0.40488917705414706,0.012520264833777509,0.022810643921877174,0.55977991419020023
312,0.4017325284742439,0.01296539688763205,0.023733816931676265,0.56156825770645002
313,0.39843226920186325,0.013410752691049334,0.024672440435486557,0.56348453767160323
314,0.39499070414784737,0.013854592414300875,0.025624253484296901,0.56553044995355706
315,0.39141085201207987,0.01429506532678243,0.026586737793275715,0.56770734486786401
316,0.38769646800454444,0.014730221217558574,0.027557119298236551,0.57001619147966232
317,0.383852059550639,0.015158024483499464,0.028532373476108326,0.57245754248975522
318,0.37988289411632314,0.015576370864049897,0.029509234755504505,0.57503150026412464
319,0.37579499838713565,0.015983106724446805,0.030484210281482647,0.57773768460693697
320,0.37159514816697359,0.016376050705559614,0.031453598219764768,0.58057520290770426
321,0.36729084852663629,0.0167530174712694,0.032413510690724394,0.58354262331137219
322,0.36289030392570765,0.017111843196836077,0.033359901313891153,0.58663795156356757
323,0.3584023782498782,0.017450412357920542,0.034288597222064197,0.58985861217013946
324,0.35383654494312639,0.017766685304031558,0.035195335273780493,0.59320143447906393
325,0.34920282766260696,0.018058726036433225,0.036075802058139823,0.59666264424282234
326,0.34451173213475589,0.018324729563068007,0.036925677151867932,0.60023786115031053
327,0.339774170134304,0.018563048175436414,0.037740678960559236,0.60392210272970259
328,0.33500137673358032,0.018772215987478875,0.038516612360104785,0.60770979491883836
329,0.33020482216788682,0.018950971096158845,0.039249417256160185,0.61159478947979651
330,0.32539611982489025,0.019098274768252932,0.039935217104528811,0.61557038830233013
331,0.32058693198431726,0.019213327127060635,0.040570366388172921,0.61962937450045119
332,0.31578887500307851,0.019295578904209323,0.041151496030789936,0.62376405006192426
333,0.31101342565687184,0.01934473893198008,0.041675555744718998,0.62796627966643115
334,0.30627183031142768,0.019360777175998344,0.042139852363028474,0.63222754014954785
335,0.30157501850655993,0.019343923241216303,0.042542083290962492,0.63653897496126366
336,0.29693352239827342,0.019294660419815181,0.042880364327807396,0.64089145285410631
337,0.29235740332474464,0.019213715481771393,0.043153251252436485,0.64527562994104959
338,0.28785618654928191,0.019102044531402535,0.043359754728726031,0.64968201419059168
339,0.28343880499684937,0.018960815360897582,0.043499348264114772,0.65410103137814035
340,0.27911355255061232,0.018791386820251232,0.04357196913856904,0.65852309149056965
341,0.27488804722148313,0.018595285788963724,0.043578012404668645,0.66293865458488677
342,0.27076920425659295,0.018374182376476374,0.04351831823520344,0.6673382951317296
343,0.26676321902075051,0.018129863995111874,0.043394153055933568,0.67171276392820656
344,0.26287555927566869,0.017864208942125766,0.043207185042331314,0.67605304673987676
345,0.25911096630073627,0.017579160098373816,0.042959454675716345,0.680350418925176
346,0.25547346415030014,0.017276699303041636,0.042653341143127278,0.68459649540353329
347,0.25196637622788359,0.01695882290053902,0.042291525424905163,0.68878327544667473
348,0.24859234827786258,0.016627518881112652,0.041876950944092842,0.69290318189693434
349,0.2453533768486976,0.016284745955180459,0.041412782653493713,0.69694909454263054
350,0.24225084226644564,0.01593241481691236,0.040902365411843521,0.70091437750480079
351,0.23928554516956443,0.015572371768901907,0.040349182453201064,0.70479290060833499
352,0.23645774569191061,0.015206384800109435,0.039756814687189841,0.70857905482079264
353,0.23376720443590907,0.014836132136211334,0.03912890148634595,0.71226776194153629
354,0.23121322444761466,0.014463193216996115,0.038469103524913673,0.71585447881047815
355,0.22879469348542442,0.014089042000770245,0.037781068135254663,0.71933519637855337
356,0.22651012596045628,0.013715042451509419,0.037068397547600711,0.72270643404043633
357,0.22435770401546817,0.013342446030788557,0.036334620279753642,0.72596522967399235
358,0.22233531729754807,0.012972390992952462,0.035583165848563837,0.72910912586093835
359,0.2204406010651242,0.012605903267789216,0.034817342887054729,0.73213615278003441
360,0.21867097235015498,0.012243898709117121,0.034040320671752354,0.73504480826897811
361,0.21702366397022743,0.011887186489007115,0.033255113995381773,0.73783403554538629
362,0.21549575625177805,0.011536473424572879,0.032464571261311768,0.74050319906233975
363,0.21408420638423853,0.011192369036105152,0.031671365628182076,0.74305205895147686
364,0.21278587537545163,0.010855391150596647,0.030877988995837449,0.74548074447811674
365,0.21159755262133781,0.010525971882290285,0.030086748596488005,0.74778972689988643
366,0.21051597813788789,0.010204463840806366,0.029299765937130511,0.74997979208417775
367,0.20953786253163478,0.0098911464368277632,0.02851897782973891,0.75205201320180115
368,0.20865990480645946,0.009586232174560531,0.027746139243493392,0.75400772377548897
369,0.20787880812059495,0.0092898728387005424,0.026982827717249219,0.75584849132345755
370,0.20719129361874036,0.0090021655010220063,0.026230449079434909,0.75757609180080498
371,0.20659411247098039,0.0087231582876810716,0.025490244235543302,0.75919248500579761
372,0.20608405625341172,0.0084528558627235423,0.024763296799340369,0.7606997910845269
373,0.20565796580563922,0.0081912245960163374,0.024050541361961393,0.76210026823638555
374,0.20531273869819619,0.0079381973948760374,0.023352772212393659,0.76339629169453671
375,0.20504533543898534,0.0076936781880892011,0.022670652342773455,0.76459033403015464
376,0.20485278454247621,0.0074575460588943718,0.022004722591878925,0.76568494680675314
377,0.20473218657902906,0.0072296590299399058,0.021355410799712902,0.76668274359132071
378,0.20468071731466581,0.0070098575083775514,0.020723040864776859,0.76758638431218229
379,0.20469563004415686,0.0067979674032415966,0.020107841613264319,0.76839856093933978
380,0.20477425721265963,0.0065938029302411161,0.019509955405757624,0.76912198445134428
381,0.20491401141351015,0.0063971691211993781,0.018929446421973035,0.76975937304332021
382,0.20511238584227348,0.0062078640567435487,0.018366308577602054,0.77031344152338388
383,0.20536695427990845,0.006025680841603185,0.017820473039327354,0.77078689183916416
384,0.20567537067097494,0.0058504093421303804,0.017291815314672197,0.77118240467222554
385,0.20603536835626091,0.0056818377055078998,0.016780161902527773,0.77150263203570646
386,0.20644475901306741,0.0055197536796524962,0.016285296498067696,0.77175019080921547
387,0.20690143135067759,0.0053639457521246865,0.015806965752395034,0.77192765714480582
388,0.20740334960326134,0.0052142041254882769,0.015344884592774714,0.77203756167847892
389,0.2079485518576219,0.0050703215455772128,0.014898741113788931,0.77208238548301533
390,0.20853514824876535,0.00493209399806834,0.014468201053321977,0.77206455669984786
391,0.20916131905225074,0.0047993212876629183,0.014052911870039167,0.77198644779005055
392,0.20982531269864088,0.0046718075130758926,0.013652506441073093,0.77185037334721351
393,0.21052544373208829,0.0045493614499426014,0.01326660640006534,0.77165858841790713
394,0.21126009073215027,0.0044317968526948019,0.01289482513662199,0.77141328727853631
395,0.21202769421528689,0.0043189326854441209,0.012536770478708251,0.77111660262056403
396,0.21282675453014765,0.0042105932909499606,0.012192047079605904,0.77077060509929973
397,0.21365582975866279,0.0041066085058462289,0.011860258530853058,0.77037730320464126
398,0.21451353363310313,0.0040068137294600563,0.011541009222137907,0.76993864341530216
399,0.2153985334776386,0.0039110499527772085,0.011233905968479006,0.76945651060110831
400,0.2163095481814819,0.0038191637533927757,0.010938559424238244,0.76893272864089024
401,0.21724534620944172,0.0037310072616305659,0.010654585302618588,0.76836906122631221
402,0.21820474365460057,0.003646438102418,0.01038160541832937,0.7677672128246551
403,0.21918660233686463,0.0035653193169624536,0.010119248570085292,0.76712882977609054
404,0.22018982795029396,0.0034875192677865235,0.0098671512785644018,0.76645550150335806
405,0.22121336826139049,0.0034129115302401845,0.0096249583944041615,0.76574876181396812
406,0.22225621135989254,0.0033413747732136375,0.0093923235897786714,0.76501009027711808
407,0.22331738396308171,0.0032727926314222032,0.0091689097460861124,0.76424091365941282
408,0.22439594977414509,0.003207053571320455,0.0089543892492933621,0.76344260740524383
409,0.22549100789473933,0.0031440507524234276,0.0087484442035412526,0.7626164971492988
410,0.22660169129156874,0.0030836818855650319,0.0085507665727145004,0.76176386025015463
411,0.22772716531650714,0.0030258490894046761,0.008361058258828144,0.76088592733526306
412,0.22886662627955806,0.0029704587462997391,0.0081790311252799563,0.75998388384886528
413,0.23001930007375235,0.0029174213584913034,0.0080044069722661412,0.75905887159549323
414,0.23118444085092332,0.0028666514054010469,0.007836917470956193,0.75811199027272247
415,0.23236132974717022,0.0028180672027061709,0.007676304062371438,0.75714429898775526
416,0.23354927365671938,0.0027715907637447575,0.0075223178263087512,0.75615681775323029
417,0.23474760405281345,0.0027271476637040527,0.0073747193250954003,0.75515052895839008
418,0.23595567585419966,0.0026846669069573565,0.007233278426450199,0.75412637881239586
419,0.23717286633574744,0.0026440807978398441,0.0070977741092583552,0.75308527875715736
420,0.23839857408169807,0.0026053248150885075,0.0069679942556401626,0.75202810684757637
421,0.23963221798003417,0.0025683374901152084,0.0068437354323044701,0.75095570909754938
422,0.24087323625645454,0.0025330602892335756,0.0067248026638243663,0.74986890079049062
423,0.2421210855464436,0.002499437499919157,0.0066110092001521355,0.74876846775348815
424,0.24337524000393806,0.0024674161211469788,0.0065021762804010601,0.74765516759451689
425,0.24463519044511317,0.0024369457578208176,0.0063981328946605062,0.74652973090240859
426,0.24590044352583362,0.0024079785192832309,0.0062987155453759327,0.7453928624095103
427,0.2471705209513447,0.0023804689218742438,0.0062037680096146955,0.74424524211716958
428,0.24844495871680969,0.0023543737954890035,0.0061131411033498329,0.74308752638435482
429,0.24972330637733445,0.002329652194070156,0.0060266924487254571,0.74192034897987336
430,0.25100512634615774,0.0023062653099588486,0.0059442862451172182,0.74074432209876939
431,0.25228999321972356,0.0022841763920187128,0.0058657930446677827,0.73956003734359332
432,0.25357749312839017,0.00226335066743961,0.0057910895328589212,0.73836806667131472
433,0.254867223111573,0.0022437552671220559,0.0057200583145770988,0.73716896330673121
434,0.25615879051615731,0.0022253591545388454,0.0056525877060371113,0.73596326262327005
435,0.2574518124170575,0.0022081330579672427,0.0055885715328471515,0.73475148299213133
436,0.25874591505884237,0.0021920494059829948,0.0055279089344274354,0.73353412660075046
437,0.26004073331738192,0.0021770822661062116,0.0054705041749323179,0.73231168024158289
438,0.26133591018051711,0.0021632072864886769,0.0054162664607716061,0.73108461607222597
439,0.26263109624678876,0.0021504016405322962,0.0053651097647797585,0.7298533923479027
440,0.26392594924130147,0.0021386439743290245,0.0053169526570409692,0.72861845412733217
441,0.26522013354783891,0.002127914356813657,0.0052717181423432395,0.72738023395300788
442,0.26651331975638176,0.002118194232522221,0.0052293335042044751,0.7261391525068952
443,0.26780518422521699,0.0021094663768503226,0.0051897301553883108,0.72489561924254808
444,0.26909540865686343,0.0021017148537075684,0.0051528434948056286,0.72365003299462716
445,0.27038367968707394,0.0020949249754660931,0.0051186127706797542,0.72240278256678403
446,0.27166968848620654,0.0020890832651031871,0.005086980949838088,0.72115424729885591
447,0.27295313037229391,0.0020841774204400192,0.0050578945929805269,0.71990479761428916
448,0.27423370443517137,0.002080196280380447,0.0050313037357648058,0.71865479554868705
449,0.27551111317105409,0.002077129793055835,0.00500716177554062,0.71740459526035305
450,0.27678506212699105,0.0020749689857836816,0.0049854253635579311,0.71615454352367081
451,0.27805525955464683,0.0020737059367496088,0.0049660543024696562,0.71490498020613713
