timestamp,value1,value2,value3,value4
0.0,0.999,0.0,0.001,0.0
1.0,0.9985231289949883,0.00040463832357411387,0.0009359500120654795,0.00013628266937208038
2.0,0.9980481120855172,0.0006947898126924412,0.000985261342777337,0.00027183675901290756
3.0,0.9975292313760868,0.0009412805798472298,0.0011097444043304213,0.00041974363973549183
4.0,0.9969339655853355,0.001183950204320413,0.001292774542255022,0.0005893096680890329
5.0,0.9962349431490828,0.0014471413010796724,0.001529541429951502,0.0007883741198860868
6.0,0.9954054510210557,0.0017478430495663682,0.0018221035231800321,0.0010246024061979463
7.0,0.9944167335970977,0.0021000398803650284,0.002176956335509137,0.0013062701870282423
8.0,0.9932361596476957,0.002517108367682967,0.0026039281773239126,0.0016428038072975365
9.0,0.9918257721657662,0.003013219436971261,0.0031157902060140324,0.0020452181912487366
10.0,0.9901409634491076,0.003604242506107586,0.003728264878040847,0.0025265291667441007
11.0,0.988129137521178,0.004308407702243405,0.004460270601966956,0.0031021841746117352
12.0,0.9857282874232891,0.005146855137473252,0.0053343190865631765,0.0037905383526745454
13.0,0.9828654542467797,0.00614413072934498,0.0063770208804549595,0.004613394143420374
14.0,0.9794550635182225,0.0073286469410681464,0.007619671925309488,0.005596617615399827
15.0,0.9753971618094373,0.008733098426720085,0.00909889853521971,0.006770841228622897
16.0,0.9705756082076117,0.010394798257499682,0.010857334203543735,0.00817225933134487
17.0,0.9648563160501291,0.012355875219299869,0.012944290573965912,0.009843518156605079
18.0,0.9580856937634933,0.014663243762424946,0.015416366961479196,0.01183469551260257
19.0,0.9500895025146036,0.01736822427449289,0.01833791748625903,0.014204355724644471
20.0,0.940672433862604,0.020525652898062432,0.021781261636559798,0.017020651602773648
21.0,0.9296188108469353,0.024192280064861686,0.02582648293812852,0.02036242615007436
22.0,0.9166949238330471,0.02842422193095407,0.03056061287228875,0.024320241363710006
23.0,0.9016536124540054,0.03327321094967722,0.03607594742034707,0.028997229175970154
24.0,0.8842417696803261,0.03878140973588337,0.042467200008056774,0.034509620575733646
25.0,0.8642114310258444,0.044974632401774337,0.04982717149134288,0.04098676508103827
26.0,0.8413349635346845,0.05185399138800963,0.05824063669470418,0.048570408382601515
27.0,0.815424518566169,0.05938628587062487,0.06777623645641048,0.05741295910679543
28.0,0.7863552997923112,0.06749388520572973,0.07847635640345495,0.06767445859850398
29.0,0.7540913014202002,0.07604541532521794,0.09034529615309597,0.07951798710148582
30.0,0.718711051063268,0.08484914124132376,0.10333649263114282,0.0931033150642653
31.0,0.6804297328684269,0.09365138474879788,0.11734012517597489,0.10857875720680027
32.0,0.6396132019735654,0.10214237666783671,0.1321730032380515,0.12607141812054629
33.0,0.5967792687757185,0.10997135362990236,0.14757305590583863,0.14567632168854044
34.0,0.5525826412613078,0.11677130872191958,0.16320079460407455,0.167445255412698
35.0,0.5077822369796504,0.12219168614050574,0.17864960915706776,0.19137646772277606
36.0,0.4631929343101811,0.1259349252732269,0.19346559720040585,0.21740654321618616
37.0,0.41962742636381034,0.12779087488563712,0.20717593769303247,0.24540576105752004
38.0,0.3778365417119399,0.1276625338714224,0.21932296079631794,0.27517796362031965
39.0,0.3384571874398902,0.12557781205659072,0.2294995617466314,0.3064654387568876
40.0,0.3019755399923825,0.12168486316678168,0.23738095845961077,0.33895863838122486
41.0,0.26870970276472245,0.11623216423474275,0.2427482691496948,0.37230986385083986
42.0,0.23881189536834838,0.10953771423195527,0.24550088768617742,0.4061495027135188
43.0,0.21228663801527548,0.10195351765802006,0.2456567247595829,0.44010311956712145
44.0,0.18901926515555603,0.0938315371371552,0.24334147008571375,0.4738077276215749
45.0,0.1688086943166546,0.08549585113085303,0.23876959768161102,0.5069258568708812
46.0,0.1513993356702215,0.077223566510468,0.2322206061837378,0.5391564916355726
47.0,0.1365087009305761,0.06923487990152605,0.2240139615246836,0.5702424576432141
48.0,0.12384902393917473,0.061691082432764215,0.21448559731173988,0.599974296316321
49.0,0.11314262294113109,0.05469845010692834,0.20396791871282005,0.6281910082391204
50.0,0.10413165340733352,0.04831577727237632,0.1927743130073029,0.6547782563129871
51.0,0.09658334721718244,0.04256357775944617,0.18118837356566614,0.6796647014577052
52.0,0.09029193094262038,0.037433463974100675,0.1694574770132774,0.7028171280700015
53.0,0.08507830286112944,0.03289673761629474,0.15779002249731333,0.7242349370252624
54.0,0.08078834049128014,0.02891167871963253,0.14635550851151943,0.7439444722775679
55.0,0.07729048478230577,0.02542935782668992,0.13528663001512056,0.7619935273758838
56.0,0.07447304543204959,0.022398017054182002,0.1246826709878136,0.7784462665259548
57.0,0.07224151085257484,0.019766189084580235,0.11461360011152763,0.7933786999513174
58.0,0.07051602774464044,0.017484775284619808,0.10512441845251598,0.8068747785182239
59.0,0.0692291334769877,0.015508310272544429,0.09623943868429248,0.8190231175661755
60.0,0.06832377146239094,0.013795620277367918,0.08796628596618068,0.8299143222940606
61.0,0.06775158762644669,0.012310050644912283,0.08029949803064866,0.8396388636979925
62.0,0.0674714883151571,0.011019402823195155,0.07322366723157468,0.8482854416300731
63.0,0.06744843158143239,0.009895688201942473,0.06671611317984937,0.8559397670367759
64.0,0.06765242115118027,0.008914777728667111,0.06074910480024876,0.8626836963199039
65.0,0.06805767306297349,0.008056003055494348,0.055291668826520694,0.8685946550550115
66.0,0.06864192741723484,0.00730174692495928,0.05031103114407172,0.8737452945137343
67.0,0.06938588087464805,0.006637046957944979,0.04577374066160366,0.8782033315058034
68.0,0.07027271892465581,0.006049227177321171,0.04164652463416111,0.882031529263862
69.0,0.07128773018008729,0.005527564703331407,0.03789692113501026,0.8852877839815712
70.0,0.07241798788316778,0.005062994392230164,0.034493729807660634,0.8880252879169416
71.0,0.07365208636957948,0.004647851174442167,0.03140731689830215,0.8902927455576763
72.0,0.07497992242511106,0.004275648017316565,0.0286098053834635,0.892134624174109
73.0,0.07639251330767845,0.003940886432209546,0.026075176083253902,0.8935914241768582
74.0,0.07788184473371057,0.0036388959982592848,0.02377930116415817,0.8946999581038722
75.0,0.07944074338399393,0.0033656992904838832,0.021699927469259486,0.8954936298562629
76.0,0.0810627695111707,0.003117898738723154,0.019816623687943243,0.8960027080621631
77.0,0.08274212606688595,0.0028925822099670727,0.0181107024728177,0.8962545892503294
78.0,0.08447358144429265,0.0026872444346336317,0.016565126187778036,0.8962740479332958
79.0,0.08625240347973767,0.0024997217448768697,0.01516440297586993,0.8960834717995156
80.0,0.0880743027999692,0.0023281379335225827,0.013894478213320738,0.8957030810531876
81.0,0.08993538395807617,0.0021708593603106795,0.012742625112279277,0.895151131569334
82.0,0.09183210308902362,0.00202645771980158,0.011697337198650081,0.8944441019925249
83.0,0.09376123104750668,0.0018936791394998512,0.010748224577255565,0.8935968652357381
84.0,0.09571982117782385,0.00177141849745662,0.009885915264392779,0.892622845060327
85.0,0.09770518101639399,0.0016586980376521617,0.009101962383295996,0.891534158562658
86.0,0.0997148473495285,0.0015546495216302294,0.008388757652012545,0.8903417454768289
87.0,0.10174656414784554,0.0014584992893801104,0.007739451321504716,0.8890554852412698
88.0,0.10379826297886752,0.001369555714638911,0.007147878524410282,0.8876843027820834
89.0,0.1058680455645567,0.001287198632775357,0.006608491855501834,0.8862362639471663
90.0,0.10795416820375864,0.001210870396122796,0.006116299910270661,0.884718661489848
91.0,0.11005502782309323,0.0011400682746488568,0.005666811447627412,0.8831380924546306
92.0,0.11216914945563813,0.0010743379714533597,0.005255984808027062,0.8815005277648815
93.0,0.11429517497629034,0.0010132680647298485,0.004880182202735474,0.8798113747562444
94.0,0.1164318529471709,0.0009564852221720062,0.004536128488250103,0.8780755333424071
95.0,0.11857802944681278,0.000903650061753359,0.0042208740480268025,0.8762974464434071
96.0,0.12073263977391184,0.0008544535555249113,0.003931761418541399,0.8744811452520219
97.0,0.12289470093074048,0.0008086138915287405,0.003666395315966051,0.8726302898617648
98.0,0.1250633048034166,0.0007658737239139041,0.0034226157415907068,0.8707482057310789
99.0,0.12723761196648378,0.0007259977535185713,0.003198473867254677,0.8688379164127431
100.0,0.12941684604801199,0.0006887705910834718,0.002992210425516045,0.8669021729353886
101.0,0.13160028859892955,0.0006539948633214796,0.002802236352398317,0.8649434801853508
102.0,0.13378727441675692,0.000621489528639355,0.002627115452847092,0.8629641206017569
103.0,0.13597718727949903,0.0005910883746760765,0.002465548880198267,0.8609661754656268
104.0,0.1381694560503076,0.0005626386742186083,0.002316361240817493,0.8589515440346565
105.0,0.14036355111775722,0.0005359999796665552,0.0021784881535214734,0.8569219607490549
106.0,0.14255898114028773,0.0005110430391919412,0.0020509651104032097,0.8548790107101173
107.0,0.1447552900666222,0.0004876488202000366,0.0019329175012694807,0.8528241436119085
108.0,0.14695205440684395,0.00046570762773888593,0.0018235516781054078,0.850758686287312
109.0,0.14914888073135643,0.0004451183072070841,0.0017221469488746452,0.8486838540125621
110.0,0.15134540337720415,0.00042578752213428406,0.0016280484016240914,0.8466007606990377
111.0,0.1535412823432381,0.00040762909900749595,0.0015406604703755587,0.8445104280873791
112.0,0.1557362013573956,0.0003905634321292385,0.0014594411637426114,0.8424137940467328
113.0,0.15792986610096182,0.0003745169423539267,0.0013838968856973975,0.8403117200709871
114.0,0.16012200257610956,0.0003594215842831079,0.0013135777855157076,0.8382049980540919
115.0,0.16231235560429566,0.0003452143971298202,0.0012480735807306527,0.8360943564178441
116.0,0.16450068744424415,0.00033183709500490794,0.001187009803003318,0.8339804656577479
117.0,0.16668677651928232,0.00031923569284781175,0.0011300444222442092,0.8318639433656259
118.0,0.16887041624472868,0.0003073601646327526,0.001076864809158389,0.8297453587814804
119.0,0.17105141394687426,0.0002961641308378645,0.0010271850007005073,0.8276252369215875
120.0,0.17322958986585815,0.00028560457247750443,0.0009807432367686247,0.8255040623248958
121.0,0.1754047762354256,0.0002756415692731414,0.0009372997398879027,0.8233822824554135
122.0,0.17757681643317855,0.0002662380597812377,0.0008966347126820582,0.8212603107943582
123.0,0.17974556419549148,0.00025735962151184766,0.0008585465306426929,0.819138529652354
124.0,0.18191088289177562,0.00024897426926299065,0.0008228501101207354,0.8170172927288407
125.0,0.1840726448532371,0.00024105227006634706,0.000789375433613033,0.8148969274430836
126.0,0.18623073075169524,0.00023356597329212,0.0007579662163298839,0.8127777370586828
127.0,0.18838502902440785,0.00022648965459725638,0.000728478699732133,0.8106600026212628
128.0,0.19053543534119777,0.00021979937252354157,0.0007007805592426865,0.808543984727036
129.0,0.1926818521104898,0.00021347283666202415,0.0006747499146876736,0.8064299251381606
130.0,0.1948241880211539,0.00020748928639920399,0.0006502744332254633,0.8043180482592215
131.0,0.19696235761731187,0.0002018293793496596,0.000627250515593753,0.8022085624877447
132.0,0.1990962809035027,0.00019647508866036428,0.0006055825574605583,0.8001016614503764
133.0,0.20122588297781752,0.00019140960844477806,0.00058518227851711,0.7979975251352206
134.0,0.20335109369081408,0.00018661726667071874,0.0005659681127109045,0.7958963209298043
135.0,0.20547184732819956,0.0001820834448857312,0.0005478646536956569,0.7937982045732191
136.0,0.20758808231543557,0.0001777945042178207,0.0005308021501807364,0.7917033210301659
137.0,0.20969974094256916,0.00017373771713855528,0.0005147160464038556,0.7896118052938885
138.0,0.21180676910773039,0.00016990120452017456,0.0004995465634344621,0.787523783124315
139.0,0.21390911607786275,0.0001662738775589064,0.0004852383174477816,0.7854393717271306
140.0,0.21600673426536646,0.00016284538417358943,0.00047173997149639276,0.7833586803789636
141.0,0.2180995790194396,0.00015960605952227788,0.0004590039176525578,0.7812818110033856
142.0,0.22018760843099783,0.00015654688031008557,0.00044698598670472113,0.7792088587019874
143.0,0.22227078315014026,0.00015365942258938934,0.0004356451828695399,0.7771399122444008
144.0,0.2243490662152099,0.00015093582277891818,0.0004249434412300213,0.7750750545207812
145.0,0.22642242289256964,0.00014836874165142768,0.0004148454058339055,0.7730143629599451
146.0,0.22849082052628233,0.00014595133106081297,0.00040531822658710964,0.7709579099160698
147.0,0.23055422839694437,0.00014367720319882917,0.0003963313732572844,0.7689057630265996
148.0,0.232612617588979,0.00014154040218923846,0.0003878564650645059,0.7668579855437674
149.0,0.23466596086574676,0.0001395353778433388,0.0003798671144817772,0.7648146366419283
150.0,0.23671423255187732,0.00013765696141558907,0.0003723387839990606,0.7627757717027082
151.0,0.2387574084222711,0.0001359003432115544,0.00036524865472255204,0.7607414425797949
152.0,0.24079546559725756,0.00013426105191276718,0.00035857550578719856,0.7587116978450426
153.0,0.2428283824434341,0.00013273493549443614,0.00035229960365628174,0.7566865830174152
154.0,0.24485613847974247,0.00013131814362233162,0.0003464026004683203,0.7546661407761669
155.0,0.24687871428836972,0.00013000711142471507,0.00034086744066956417,0.752650411159536
156.0,0.24889609143008895,0.00012879854454393984,0.00033567827524082114,0.7506394317501263
157.0,0.2509082523636806,0.00012768940538040205,0.00033082038289105145,0.7486332378480479
158.0,0.25291518036909744,0.00012667690044892486,0.0003262800976477777,0.7466318626328058
159.0,0.2549168594740593,0.00012575846877447796,0.00032204474232650653,0.7446353373148397
160.0,0.25691327438378114,0.00012493177126041664,0.00031810256740859413,0.7426436912775498
161.0,0.2589044104135571,0.0001241946809682233,0.0003144426948998118,0.7406569522105748
162.0,0.26089025342393857,0.0001235452742530884,0.00031105506678071753,0.7386751462350276
163.0,0.2628707897582595,0.00012298182270462188,0.0003079303976952189,0.7366982980213406
164.0,0.26484600618227466,0.00012250278584657466,0.00030506013155577193,0.7347264309003229
165.0,0.26681588982568916,0.00012210680455370643,0.00030243640177282747,0.7327595669679842
166.0,0.2687804281253683,0.00012179269514789372,0.00030005199484269164,0.730797727184641
167.0,0.270739608770026,0.00012155944413925624,0.0002979003170521737,0.7288409314687824
168.0,0.2726934196461996,0.00012140620358151873,0.0002959753640804835,0.7268891987861382
169.0,0.27464184878532527,0.00012133228701404215,0.00029427169329902033,0.7249425472343615
170.0,0.27658488431173633,0.0001213371659659747,0.0002927843985881571,0.7230009941237093
171.0,0.2785225143914118,0.0001214204670008102,0.00029150908750703375,0.7210645560540802
172.0,0.28045472718130743,0.00012158196928231777,0.0002904418606678898,0.7191332489887422
173.0,0.28238151077910706,0.00012182160264533893,0.000289579293180723,0.7172070883250667
174.0,0.2843028531732338,0.0001221394461573548,0.0002889184180471885,0.7152860889625615
175.0,0.28621874219296456,0.0001225357271590186,0.00028845671139475775,0.7133702653684815
176.0,0.28812916545849354,0.00012301082077404528,0.00028819207945335226,0.7114596316412789
177.0,0.2900341103307912,0.00012356524988095977,0.0002881228471870345,0.7095542015721407
178.0,0.2919335638611061,0.00012419968554124516,0.00028824774850297444,0.7076539887048495
179.0,0.2938275127399577,0.00012491494788040901,0.0002885659179688836,0.7057590063941928
180.0,0.29571594324546746,0.00012571200742041486,0.00028907688397849526,0.7038692678631334
181.0,0.2975988411908731,0.00012659198686381593,0.0002897805633125314,0.7019847862589503
182.0,0.2994761918710724,0.00012755616333178836,0.0002906772570499955,0.7001055747085456
183.0,0.30134798000803664,0.00012860597106010326,0.00029176764779161713,0.6982316463731114
184.0,0.30321418969493424,0.00012974300455890955,0.00029305279816390305,0.6963630145023427
185.0,0.30507480433879874,0.00013096902224402998,0.00029453415057856296,0.6944996924883784
186.0,0.30692980660157354,0.00013228595054931385,0.00029621352822812295,0.6926416939196488
187.0,0.30877917833935903,0.0001336958885314458,0.0002980931373043515,0.690789032634805
188.0,0.3106229005396832,0.00013520111298049282,0.000300175570431744,0.6889417227769044
189.0,0.31246095325661066,0.0001368040840513875,0.00030246381131377245,0.687099778848024
190.0,0.31429331554349726,0.0001385074514335046,0.00030496124059494406,0.6852632157644741
191.0,0.3161199653831913,0.0001403140610774965,0.00030767164294695384,0.6834320489127841
192.0,0.31794087961547257,0.00014222696250062238,0.0003105992153923943,0.6816062942066342
193.0,0.31975603386151225,0.00014424941669394096,0.00031374857688462674,0.679785968144909
194.0,0.3215654024451268,0.00014638490465694896,0.00031712477916755026,0.6779710878710485
195.0,0.3233689583105876,0.00014863713658754384,0.0003207333189441544,0.6761616712338806
196.0,0.3251666729367373,0.00015101006175757923,0.0003245801513879329,0.6743577368501171
197.0,0.32695851624715083,0.00015350787910677362,0.0003286717050364944,0.6725593041687058
198.0,0.32874445651606615,0.00015613504859033595,0.00033301489811205827,0.6707663935372313
199.0,0.3305244602697942,0.00015889630331839628,0.00033761715631898577,0.6689790262705683
200.0,0.33229849218330404,0.00016179666252818256,0.00034248643217410615,0.6671972247219935
201.0,0.3340665149716603,0.00016484144543287832,0.0003476312259313599,0.6654210123569753
202.0,0.33582848927597453,0.0001680362859942382,0.0003530606081682361,0.6636504138298628
203.0,0.3375843735435113,0.00017138714866934013,0.0003587842441076414,0.6618854550637115
204.0,0.3393341239015711,0.0001749003451853228,0.0003648124197552309,0.6601261633334882
205.0,0.3410776940247497,0.0001785825523996088,0.0003711560699388796,0.6583725673529116
206.0,0.3428150349951511,0.0001824408313069523,0.0003778268083439009,0.6566246973651979
207.0,0.34454609515510676,0.00018648264725869222,0.0003848369596448468,0.6548825852379896
208.0,0.3462708199519278,0.00019071589146384138,0.00039219959384228115,0.6531462645627659
209.0,0.3479891517741891,0.0001951489038461159,0.00039992856292082,0.6514157707590438
210.0,0.3497010297790152,0.0001997904973357121,0.0004080385399530143,0.6496911411836959
211.0,0.3514063897098067,0.00020464998367958386,0.0004165450607823229,0.6479724152457311
212.0,0.353105163703813,0.00020973720085916975,0.00042546456842752176,0.6462596345269
213.0,0.35479728008892136,0.00021506254220997675,0.00043481446036043646,0.644552842908508
214.0,0.3564826631689968,0.00022063698734315344,0.0004446131388188918,0.642852086704841
215.0,0.3581612329970666,0.00022647213497518836,0.0004548800643272729,0.6411574148036308
216.0,0.35983290513560245,0.0002325802377781566,0.0004656358126081013,0.639468878814011
217.0,0.3614975904031096,0.000238974239369512,0.000476902135079574,0.637786533222441
218.0,0.3631551946061847,0.0002456678135672911,0.0004887020231461081,0.6361104355571017
219.0,0.36480561825615754,0.00025267540604375575,0.0005010597765015997,0.6344406465612968
220.0,0.36644875626937784,0.00026001227851795756,0.0005140010756783552,0.6327772303764256
221.0,0.36808449765015544,0.0002676945556354487,0.0005275530590885045,0.6311202547351205
222.0,0.3697127251553051,0.0002757392746913915,0.0005417444048191549,0.6294697911651842
223.0,0.3713333149391866,0.0002841644383616131,0.0005566054174576184,0.6278259152049941
224.0,0.3729461361780678,0.0002929890706146996,0.0005721681202387191,0.6261887066310786
225.0,0.3745510506725739,0.0003022332759870038,0.0005884663528224718,0.6245582496986165
226.0,0.37614791242691437,0.00031191830241142067,0.0006055358750273022,0.6229346333956468
227.0,0.3777365672035101,0.00032206660779992685,0.0006234144768614202,0.6213179517118285
228.0,0.37931685205156584,0.0003327019305891432,0.0006421420952129467,0.619708303922632
229.0,0.3808885948080557,0.0003438493644674979,0.0006617609375778658,0.6181057948898988
230.0,0.382451613569509,0.0003555354375118776,0.0006823156132237927,0.6165105353797552
231.0,0.38400571613289874,0.00036778819597086857,0.0007038532722068178,0.6149226423989235
232.0,0.3855506994038488,0.0003806372929407097,0.0007264237526782314,0.6133422395505321
233.0,0.3870863487702873,0.00039411408218878224,0.000750079736937629,0.6117694574105862
234.0,0.38861243743958157,0.00040825171738770983,0.0007748769167086058,0.6102044339263221
235.0,0.3901287257370972,0.00042308525703076626,0.0008008741681328011,0.6086473148377392
236.0,0.3916349603640295,0.0004386517753060998,0.0008281337369972491,0.607098254123667
237.0,0.39313087361225946,0.0004549904792130469,0.0008567214347285851,0.6055574144737988
238.0,0.3946161825338915,0.0004721428322082726,0.0008867068457053674,0.6040249677881948
239.0,0.3960905880630348,0.0004901526846723285,0.0009181635464562674,0.6025010957058365
240.0,0.3975537740872961,0.0005090664114881168,0.0009511693373267611,0.600985990163889
241.0,0.39900540646636184,0.0005289330570212876,0.0009858064872097705,0.5994798539894071
242.0,0.4004451319949601,0.0005498044877883162,0.0010221619919459236,0.5979829015253056
243.0,0.40187257730741116,0.0005717355530903783,0.0010603278470061163,0.5964953592924923
244.0,0.40328734772090197,0.0005947842538795719,0.0011004013350721519,0.5950174666901463
245.0,0.40468902601455553,0.0006190119201078327,0.0011424853291296185,0.5935494767362071
246.0,0.4060771711413126,0.0006444833967872854,0.0011866886116798775,0.5920916568502204
247.0,0.4074513168696059,0.0006712672389628973,0.0012331262106640491,0.5906442896807672
248.0,0.4088109703517874,0.000699435915763153,0.0012819197526699575,0.5892076739797796
249.0,0.4101556106162693,0.0007290660236509462,0.0013331978339617841,0.587782125526118
250.0,0.41148468698036983,0.0007602385089437384,0.0013870964098300963,0.5863679781008564
251.0,0.4127976173809094,0.0007930388996078632,0.0014437592027052185,0.5849655845167776
252.0,0.4140937866197014,0.000827557546255105,0.001503338129407611,0.583575317704636
253.0,0.41537254452121486,0.0008638898721786128,0.0015659937478227645,0.582197571858784
254.0,0.41663320399987513,0.0009021366321579077,0.001631895723182625,0.5808327636447845
255.0,0.417875039034711,0.0009424041796370725,0.0017012233140079158,0.5794813334716442
256.0,0.4190972825493655,0.000984804741733842,0.0017741658776128065,0.5781437468312881
257.0,0.42029912419587406,0.0010294567013676781,0.0018509233948917243,0.5768204957078668
258.0,0.42147970804108437,0.0010764848855992118,0.001931707013893869,0.5755121000594228
259.0,0.4226381301551639,0.0011260208590486399,0.0020167396114399456,0.5742191093743477
260.0,0.42377343610232315,0.0011782032210034944,0.0021062563717431193,0.5729421043049304
261.0,0.42488461833469415,0.0012331779045331402,0.002200505380657129,0.5716816983801157
262.0,0.4259706134912554,0.001291098475594687,0.002299748233783336,0.5704385397993668
263.0,0.4270302996048104,0.001352126429738751,0.0024042606562192474,0.5692133133092317
264.0,0.42806249322131973,0.0014164314835995997,0.0025143331312172646,0.5680067421638636
265.0,0.4290659464373827,0.001484191857878376,0.0026302715344372145,0.5668195901703019
266.0,0.4300393438633817,0.0015555945479960752,0.0027523977698122905,0.5656526638188102
267.0,0.4309812995217663,0.001630835578000427,0.002881050402297725,0.5645068144979358
268.0,0.4318903536921894,0.0017101202326536974,0.003016585281926872,0.5633829407932303
269.0,0.43276496971773926,0.0017936632619028055,0.0031593761526522582,0.5622819908677059
270.0,0.4336035307893648,0.0018816890511356326,0.00330981523839139,0.5612049649211084
271.0,0.43440433672879847,0.0019744317497552566,0.003468313797520605,0.560152917723926
272.0,0.43516560079385874,0.002072135349655267,0.0036353026357573495,0.5591269612207289
273.0,0.435885446534001,0.0021750537041537762,0.003811232565934934,0.5581282671959106
274.0,0.4365619047283914,0.0022834504768423363,0.003996574801597975,0.5571580699931686
275.0,0.43719291044363623,0.0023975990086318997,0.004191821269626951,0.5562176692781052
276.0,0.43777630025361897,0.0025177820900370673,0.004397484825233879,0.5553084328311104
277.0,0.43830980966969135,0.002644291624441146,0.004614099350658297,0.5544317993552095
278.0,0.4387910708357384,0.0027774281667410266,0.004842219716736899,0.553589281280784
279.0,0.4392176105493826,0.0029175003204001734,0.0050824215842291635,0.5527824675459884
280.0,0.43958684867779174,0.0030648239745633362,0.005335301019368197,0.552013026328277
281.0,0.4398960970441719,0.0032197213615376102,0.0056014738955903615,0.5512827076987004
282.0,0.4401425588690122,0.003382519913658309,0.005881575050806372,0.5505933461665233
283.0,0.44032332885842634,0.003553550897380426,0.006176257166947006,0.5499468630772465
284.0,0.44043539404039955,0.0037331478014223673,0.006486189335895706,0.5493452688222826
285.0,0.44047563545828033,0.0039216444550037935,0.006812055273367991,0.5487906648133482
286.0,0.44044083083927005,0.004119372851740875,0.007154551139887726,0.5482852451691016
287.0,0.44032765836376986,0.004326660654679106,0.007514382925833046,0.5478312980557183
288.0,0.4401327016689809,0.004543828358357714,0.007892263355687625,0.5474312066169741
289.0,0.4398524562268269,0.004771186084824706,0.00828890826526311,0.5470874494230856
290.0,0.43948333724172606,0.005009029992283748,0.008705032404903149,0.5468026003610874
291.0,0.4390216892175763,0.005257638277690191,0.009141344621707286,0.5465793278830267
292.0,0.4384637973450724,0.005517266758268691,0.009598542374814091,0.5464203935218452
293.0,0.4378059008596352,0.005788144021749541,0.010077305539968157,0.5463286495786476
294.0,0.4370442085162293,0.0060704661412658645,0.010578289463194581,0.5463070358793107
295.0,0.436174916319578,0.006364390958464435,0.01110211722866267,0.5463585754932954
296.0,0.43519422763610205,0.006670031947590851,0.01164937111299354,0.5464863693033141
297.0,0.4340983757966633,0.006987451684223293,0.012220583207613347,0.5466935893115006
298.0,0.43288364927622885,0.007316654955021372,0.01281622520252807,0.5469834705662223
299.0,0.4315464195072704,0.007657581559352027,0.013436697339331956,0.5473593015940462
300.0,0.43008317134752644,0.008010098869913412,0.014082316558561113,0.5478244132239997
301.0,0.42849053617923377,0.008373994237379707,0.01475330388681622,0.548382165696571
302.0,0.4267653275657999,0.008748967343416288,0.015449771132481091,0.5490359339583034
303.0,0.42490457933305104,0.009134622626831856,0.016171706985338253,0.5497890910547796
304.0,0.42290558587584465,0.009530461928677085,0.016918962644788135,0.5506449895506909
305.0,0.4207659444174804,0.00993587752315993,0.01769123713342647,0.5516069409259339
306.0,0.41848359886987796,0.010350145721565781,0.018488062486961818,0.5526781929215951
307.0,0.4160568848582254,0.010772421255034269,0.01930878904719979,0.5538619048395412
308.0,0.41348457538653866,0.01120173265799723,0.020152571121202376,0.5551611208342624
309.0,0.4107659265325985,0.01163697888614386,0.021018353305638022,0.5565787412756202
310.0,0.4079007224748401,0.01207692740967789,0.021904857809424715,0.5581174923060579
311.0,0.404889319073229,0.012520214023053628,0.022810573138464674,0.5597798937652533
312.0,0.4017326851546459,0.012965344605030012,0.023733744531807443,0.5615682257085173
313.0,0.39843244059481425,0.013410699046571859,0.024672366557038174,0.5634844938015764
314.0,0.3949908902475116,0.013854537537855581,0.025624178282062753,0.5655303939325708
315.0,0.3914110527518573,0.014295009368697407,0.026586661438744885,0.5677072764407012
316.0,0.3876966832537955,0.014730164348810642,0.02755704197914521,0.5700161104182494
317.0,0.3838522891119263,0.015157966895611332,0.028532295395756507,0.5724574485967067
318.0,0.3798831377232582,0.015576312768615975,0.029509156131834358,0.5750313933762923
319.0,0.3757952557029146,0.015983048352253074,0.030484131345919863,0.5777375645989132
320.0,0.3715954187836778,0.016375992305270756,0.031453519215830485,0.5805750696952218
321.0,0.36729113196536184,0.016752959307666477,0.03241343187243064,0.5835424768545419
322.0,0.3628905996375736,0.017111785548600034,0.03335982294393845,0.5866377918698887
323.0,0.35840268561794686,0.017450355514970706,0.03428851956986519,0.589858439297218
324.0,0.3538368632852494,0.01776662956444343,0.03519525861333808,0.5932012485369699
325.0,0.3492031562351897,0.018058671702975822,0.036075726665812165,0.5966624453960231
326.0,0.3445120701374109,0.018324676939417018,0.036925603304055823,0.6002376496191171
327.0,0.3397745167153415,0.01856299756213473,0.037740606931353005,0.6039218787911717
328.0,0.3350017309962606,0.018772167677729858,0.03851654241892884,0.6077095589070816
329.0,0.330205183177341,0.01895092537154918,0.039249349665452925,0.6115945417856578
330.0,0.3253964866155937,0.019098231894510154,0.03993515211749421,0.6155701293724027
331.0,0.32058730356798754,0.01921328734995513,0.040570304246637594,0.6196291048354206
332.0,0.31578925037685557,0.019295542445710953,0.041151436963196245,0.623763770214238
333.0,0.31101380381163246,0.019344705986775512,0.041675499964280854,0.6279659902373119
334.0,0.30627221024008083,0.01936074790846678,0.04213980006607201,0.6322272417853811
335.0,0.30157539921217436,0.019343897782948587,0.042542034655469005,0.6365386683494088
336.0,0.2969339029018917,0.01929463886774494,0.04288031951217157,0.6408911387181925
337.0,0.2923577826727529,0.019213697896967807,0.04315321039444784,0.6452753090358321
338.0,0.28785656382021607,0.01910203093855287,0.04335971794477772,0.649681687296454
339.0,0.2834391793075377,0.018960805748485677,0.043499315648639715,0.6541006992953377
340.0,0.27911392306157534,0.018791381141415747,0.043571940763700176,0.6585227550333095
341.0,0.274888413141533,0.018595283962999153,0.043577988320117125,0.6629383145753515
342.0,0.2707695648465956,0.018374184290920713,0.043518298468346484,0.667337952394138
343.0,0.26676357359653896,0.0181298695083489,0.043394137612101744,0.6717124192830112
344.0,0.26287590721011417,0.017864217886417077,0.04320717390528376,0.6760527009981857
345.0,0.25911130702500357,0.017579172283227175,0.0429594478082913,0.6803500728834787
346.0,0.25547379715433044,0.017276714518817217,0.04265333848805458,0.6845961498387986
347.0,0.25196670106016167,0.016958840922194376,0.042291526905766715,0.688782931111878
348.0,0.2485926645445364,0.01662753947198994,0.04187695646641643,0.692902839517058
349.0,0.24535368421212503,0.016284768870745592,0.04141279210596526,0.6969487548111649
350.0,0.24225114044324836,0.01593243980836432,0.04090237866762209,0.700914041080766
351.0,0.23928583392827088,0.015572398586581344,0.04034919937132069,0.704792568113828
352.0,0.236458024850269,0.015206413196647749,0.03975683511403161,0.7085787268390525
353.0,0.23376747385794847,0.014836161869374396,0.03912892525716353,0.7122674390155145
354.0,0.23121348404052783,0.014463224052189794,0.03846913046539493,0.7158541614418883
355.0,0.22879494319634,0.014089073713187574,0.03778109806310212,0.7193348850273711
356.0,0.22651036577316114,0.01371507482791106,0.03706843027411343,0.7227061291248151
357.0,0.22435793394713333,0.01334247887091881,0.03633465561139353,0.7259649315705551
358.0,0.2223355373955039,0.012972424110602308,0.03558320358848987,0.7291088349054047
359.0,0.22044081140372299,0.012605936491525456,0.034817382836609415,0.7321358692681429
360.0,0.21867117302775166,0.01224393188270271,0.03404036263188595,0.7350445324576604
361.0,0.2170238551063027,0.011887219471542174,0.03325515776800113,0.7378337676541548
362.0,0.2154959379842212,0.011536506090388705,0.032464616650542205,0.7405029392748487
363.0,0.21408437886680226,0.011192401274445133,0.0316714124415327,0.7430518074172207
364.0,0.21278603877538615,0.010855422865118187,0.0308780370452621,0.7454805013142343
365.0,0.21159770711720702,0.010526002990421193,0.030086797699336018,0.7477894921930365
366.0,0.21051612391756688,0.010204494272987537,0.029299815916983687,0.7499795658924626
367.0,0.2095379997904861,0.009891176135671854,0.028519028517132897,0.7520517955567099
368.0,0.20866003374568123,0.00958626109395364,0.027746190476523654,0.7540075146838422
369.0,0.20787892894573462,0.00928990094287099,0.02698287934206352,0.7558482907693316
370.0,0.20719140653836474,0.009002192763597256,0.026230500950615805,0.7575758997474229
371.0,0.20659421769549266,0.00872318469075069,0.025490296216385478,0.7591923013973719
372.0,0.20608415399400556,0.008452881395923085,0.024763348762028934,0.7606996158480431
373.0,0.20565805627337966,0.008191249255644205,0.024050593187657985,0.7621001012833188
374.0,0.20531282210321739,0.007938221183052638,0.023352823791238056,0.7633961329224926
375.0,0.20504541198979473,0.007693701111965356,0.022670703573808845,0.7645901833244317
376.0,0.2048528544453561,0.007457568129913784,0.02200477338290918,0.7656848040418216
377.0,0.2047322500375257,0.007229680263158569,0.021355461067100415,0.7666826086322159
378.0,0.20468077452915795,0.007009877921841456,0.02072309053318929,0.767586257015812
379.0,0.20469568121149512,0.006797987017422708,0.02010789061537846,0.7683984411557043
380.0,0.2047743025258696,0.006593821767530541,0.0195100036819282,0.7691218720246723
381.0,0.20491405106155183,0.006397187205455768,0.018929493919873818,0.7697592678131192
382.0,0.20511242000985097,0.006207881412894142,0.018366355251846232,0.7703133433254092
383.0,0.2053669831473237,0.006025697495294423,0.017820518851073358,0.7707868005063091
384.0,0.2056753944140206,0.005850425319424698,0.017291860231220813,0.7711823200353345
385.0,0.20603538714614733,0.005681853032623132,0.01678020589691558,0.7715025539243145
386.0,0.20644477301637923,0.005519768382740249,0.016285339548661338,0.7717501190522198
387.0,0.2069014407293564,0.00536395985708402,0.015807007842490232,0.7719275915710699
388.0,0.2074033545146107,0.005214217657811171,0.015344925710203336,0.7720375021173754
389.0,0.20794855245433164,0.005070334530222379,0.014898781250536888,0.7720823317649097
390.0,0.20853514467895215,0.0049321064593601475,0.01446824020516025,0.7720645086565281
391.0,0.20916131145951328,0.004799333249212389,0.01405295003616975,0.7719864052551052
392.0,0.209825301222126,0.004671818997720946,0.013652543623791213,0.7718503361563624
393.0,0.21052542850656775,0.004549372479704961,0.013266642604439003,0.7716585564092889
394.0,0.2112600718881053,0.0044318074487512005,0.012894860370189451,0.7714132602929547
395.0,0.21202767187899949,0.004318942868109672,0.012536804751193826,0.7711165805016976
396.0,0.21282672882379725,0.004210603079671779,0.012192080402654215,0.7707705876938774
397.0,0.213655800800427,0.0041066179192055996,0.011860290917781562,0.7703772903625865
398.0,0.21451350153726195,0.004006822785181641,0.011541040687707487,0.7699386349898496
399.0,0.21539849835468025,0.003911058667743966,0.011233936528682126,0.7694565064488943
400.0,0.21630951013821084,0.0038191721436654424,0.010938589096104111,0.7689327286220202
401.0,0.2172453053490873,0.0037310153424706905,0.01065461410403468,0.768369065204408
402.0,0.2182047000769256,0.0036464458883136747,0.010381633367878588,0.7677672206668827
403.0,0.21918655613827415,0.0035653268216560004,0.010119275686897945,0.7671288413531725
404.0,0.22018977922394306,0.0034875265043035147,0.009867177582184217,0.7664555166895698
405.0,0.22121331709729133,0.0034129185109192705,0.009624983904667499,0.7657487804871225
406.0,0.22225615784501987,0.003341381509736741,0.009392348326706068,0.7650101123185379
407.0,0.22331732818147695,0.0032727991348447264,0.009168933729785358,0.7642409389538936
408.0,0.22439589180701847,0.0032070598521011964,0.00895441249987327,0.7634426358410077
409.0,0.22549094782057014,0.003144056820453979,0.008748466741035339,0.7626165286179412
410.0,0.22660162918620347,0.003083687750198464,0.00855078841701377,0.7617638946465849
411.0,0.22772710125325546,0.0030258547594833717,0.008361079429622286,0.7608859645576395
412.0,0.22886656032928643,0.0029704642301822655,0.008179051642006219,0.7599839237985256
413.0,0.23001923230497534,0.0029174266640782467,0.008004426854065199,0.7590589141768818
414.0,0.23118437132989245,0.0028666565401597515,0.007836936736634435,0.758112035393314
415.0,0.23236125853796047,0.0028180721736943645,0.007676322730369002,0.7571443465579768
416.0,0.23354920082131325,0.002771595577633036,0.007522335914672812,0.7561568676863816
417.0,0.2347475296511825,0.0027271523267972343,0.007374736851458176,0.7551505811705628
418.0,0.2359555999443838,0.0026846714252147137,0.007233295408011182,0.754126433222391
419.0,0.23717278897393176,0.002644085176894238,0.007097790562770337,0.7530853352864044
420.0,0.2383984953222872,0.002605329060264447,0.006968010197398637,0.7520281654200505
421.0,0.23963213787572457,0.0025683416064458753,0.00684375087814004,0.7509557696396902
422.0,0.24087315485830438,0.0025330642814768516,0.0067248176290978035,0.7498689632311217
423.0,0.24212100290394034,0.0024994413725726848,0.006611023699751787,0.7487685320237359
424.0,0.2433751561650641,0.0024674198784623118,0.006502190328742294,0.747655233627732
425.0,0.24463510545640912,0.002436949403816694,0.00639814650568695,0.746529798634088
426.0,0.24590035743245975,0.0024079820577580114,0.006298728732562261,0.7453929317772208
427.0,0.24717043379714032,0.0023804723564175667,0.00620378078597075,0.7442453130604721
428.0,0.24844487054435055,0.00235437712949269,0.006113153481425881,0.7430875988447316
429.0,0.2497232172279884,0.0023296554307384084,0.00602670444061841,0.7419204229006555
430.0,0.25100503626013865,0.002306268452317784,0.005944297862477653,0.7407443974250667
431.0,0.2522899022361431,0.002284179442925271,0.005865804298707633,0.7395601140222248
432.0,0.2535774012853085,0.002263353629589866,0.005791100434359699,0.7383681446507427
433.0,0.25486713044604736,0.0022437581430589768,0.005720068873898539,0.7371690425369959
434.0,0.2561586970642895,0.002225361946659526,0.005652597933126143,0.7359633430559256
435.0,0.2574517182140398,0.0022081357685296474,0.0055885814372471036,0.7347515645801842
436.0,0.2587458201390013,0.002192052037112239,0.005527918525287395,0.7335342092985998
437.0,0.26004063771422203,0.002177084819800407,0.00547051346101658,0.7323117640049618
438.0,0.2613358139267625,0.0021632097646243705,0.0054162754504691515,0.7310847008581448
439.0,0.26263099937442336,0.002150404044869527,0.005365118466113698,0.7298534781145942
440.0,0.2639258517816087,0.0021386463065160193,0.005316961077677931,0.7286185408341981
441.0,0.26522003553143986,0.0021279166183911873,0.005271726289602626,0.7273803215605671
442.0,0.2665132212132722,0.0021181964249276444,0.005229341385067596,0.7261392409767333
443.0,0.26780508518480367,0.0021094685014213252,0.005189737776507325,0.7248957085372685
444.0,0.2690953091479994,0.002101716911685625,0.005152850862512304,0.7236501230778035
445.0,0.2703835797380925,0.0020949269679996644,0.0051186198909939935,0.7224028734029146
446.0,0.271669588124955,0.0020890851932506642,0.0050869878284762315,0.7211543388533189
447.0,0.2729530296261663,0.0020841792851724397,0.005057901235363407,0.7199048898532987
448.0,0.27423360333113994,0.0020801980825839866,0.005031310147025532,0.7186548884392514
449.0,0.2755110117357009,0.002077131533534091,0.005007167960532113,0.7174046887702338
450.0,0.27678496038653805,0.0020749706652597568,0.004985431326860171,0.7161546376213429
451.0,0.27805515753498605,0.002073707555868016,0.004966060048396665,0.7149050748607502
452.0,0.27932131379962316,0.002073335307652333,0.004949016981551659,0.7136563339111738
453.0,0.28058314183719923,0.002073848021956318,0.004934267944295717,0.7124087421965497
