timestamp,value1,value2,value3,value4
0.0,0.999,0.0,0.001,0.0
1.0,0.9985364902215019,0.0003804554732142857,0.0009505969387755102,0.00013245736650824714
2.0,0.9980647899349444,0.0006679216328809863,0.0010002214346728914,0.00026706699750170227
3.0,0.9975427628044474,0.0009221506260068902,0.0011192069292000775,0.000415879640345646
4.0,0.9969452660170386,0.0011708726113973278,0.00129777202106252,0.0005860893505015833
5.0,0.9962454472086448,0.0014375044442613103,0.0015316621495727312,0.0007853861975211897
6.0,0.9954159755555618,0.0017403276929983463,0.0018220839754199288,0.0010216127760199387
7.0,0.994427907116984,0.002093768240452763,0.002175225960977672,0.0013030986815856227
8.0,0.993248579246373,0.0025113370464413588,0.0026008046615423105,0.0016392790456434502
9.0,0.9918399876168981,0.003007383864998987,0.003111446445263308,0.0020411820728397636
10.0,0.9901574952543053,0.003597934424336086,0.0037227387518086923,0.002521831569550043
11.0,0.9881485188389968,0.00430130617277457,0.004453504296745662,0.0030966706914831413
12.0,0.9857510973602764,0.00513867723692708,0.005326185012472966,0.0037840403903236825
13.0,0.9828923417538836,0.006134603612813853,0.006367333065117589,0.004605721568185143
14.0,0.9794867679165113,0.007317489099861402,0.007608190832437746,0.005587552151189728
15.0,0.9754345320350991,0.00872000581080764,0.009085332237546668,0.006760129916546808
16.0,0.97061962108797,0.010379434347206335,0.010841336727523517,0.008159607837300431
17.0,0.9649080937243303,0.012337864239946513,0.012925458316666978,0.009828583719056466
18.0,0.9581465199905533,0.014642166568932706,0.015394234082409778,0.011817079358104372
19.0,0.9501608369719478,0.017343617148310685,0.018311951014829866,0.014183594864911931
20.0,0.9407559228082376,0.020497010186990693,0.02175085700075522,0.01699621000401668
21.0,0.9297162916668332,0.02415906226610817,0.025790960734915803,0.02033368533214302
22.0,0.9168084199431009,0.028385871573088556,0.03051921792529213,0.0242864905585186
23.0,0.9017853137415047,0.03322917948446083,0.036027851513028654,0.02895765526100602
24.0,0.8843939921854068,0.038731199521912965,0.04241151018225472,0.0344632981104257
25.0,0.8643865480160368,0.04491785852783153,0.049762946521543096,0.04093264693458881
26.0,0.8415352988482501,0.05179046809748739,0.05816691535802493,0.04850731769623786
27.0,0.8156521927464186,0.05931614093690168,0.06769208255906434,0.05733958375761564
28.0,0.786612021212667,0.06741770163963859,0.07838092710886688,0.06758935003882782
29.0,0.7543780999129724,0.07596439194450581,0.09023794157390161,0.07941956656862047
30.0,0.719027962377272,0.08476525096106625,0.10321689488451147,0.09298989177715064
31.0,0.6807754599076791,0.09356749259770072,0.11720848230325712,0.10844856519136342
32.0,0.639984802400707,0.10206226238450512,0.13203025496887622,0.125922680245912
33.0,0.5971719431849325,0.10989957469644004,0.14742113185190517,0.14550735026672262
34.0,0.5529897112074307,0.11671285099320489,0.16304284117080087,0.16725459662856385
35.0,0.5081953933748375,0.12215139152801259,0.17849012470059408,0.19116309039655602
36.0,0.4636027926123835,0.12591675906396604,0.19331038822518526,0.21717006009846546
37.0,0.420024347242682,0.12779717919812894,0.2070318189822867,0.24514665457690263
38.0,0.3782115865694412,0.12769346939399254,0.21919717141327374,0.2748977726232928
39.0,0.3388030152774894,0.12563117686138223,0.22939895225095686,0.3061668556101718
40.0,0.30228705053357335,0.12175638093364416,0.23731109509513829,0.3386454734376445
41.0,0.26898429900136767,0.11631618583851011,0.24271265679762846,0.3719868583624941
42.0,0.23904934974607928,0.10962814211957929,0.2455005021284047,0.4058220060059371
43.0,0.21248865209867085,0.10204470413129824,0.24568996382622918,0.4397766799438021
44.0,0.18918887183788327,0.09391894646581747,0.24340451491825832,0.47348766677804127
45.0,0.16894965175669593,0.08557638169418627,0.23885706876766127,0.5066168977814568
46.0,0.1515156190605447,0.07729554670528149,0.2323263426593894,0.5388624915747847
47.0,0.13660414057885545,0.0692978327931579,0.22413175706678543,0.5699662695612016
48.0,0.12392708987229535,0.061745381074725644,0.21460977552082444,0.599717753532155
49.0,0.11320632804425874,0.05474496805879436,0.2040936968033667,0.6279550070935805
50.0,0.10418353799681589,0.04835559991189171,0.1928979600448997,0.654562902046393
51.0,0.09662551121234192,0.042597800344762154,0.1813072055053562,0.6794694829375401
52.0,0.09032608837547497,0.03746307373615085,0.16956974428021054,0.702641093608164
53.0,0.08510584251415966,0.032922562115968175,0.15789474273380308,0.7240768526360695
54.0,0.08081038368943846,0.028934378579069175,0.14645228522138323,0.7438029525101095
55.0,0.07730793626062514,0.02544944433891366,0.13537548362837867,0.7618671357720829
56.0,0.0744866360988019,0.02241588025144351,0.12476389629252384,0.7783335873572311
57.0,0.07225183276600328,0.01978212712466104,0.11468765471363948,0.7932783853956966
58.0,0.07052356226024056,0.017499020297790668,0.10519184106702095,0.8067855763749482
59.0,0.06923427369215039,0.015521048773445525,0.09630079301031272,0.8189438845240917
60.0,0.06832684003007104,0.013807008019630123,0.08802212481139905,0.8298440271389002
61.0,0.06775285086640642,0.012320222685097526,0.08035034245439375,0.8395765839941027
62.0,0.06747116738948113,0.011028479874969235,0.07326999618470674,0.8482303565508433
63.0,0.06744671135106192,0.009903780349977551,0.06675836004435605,0.8558911482546049
64.0,0.06764945720279184,0.008921986406755521,0.0607876581453512,0.8626408982451018
65.0,0.06805359729188193,0.008062421980447241,0.05532687548951446,0.8685571052381568
66.0,0.06863685246959256,0.0073074624740436895,0.05034320037437884,0.8737124846819853
67.0,0.06937990368742161,0.006642138308107917,0.045803148537813115,0.8781748094666577
68.0,0.07026592355114755,0.006053766395909869,0.04167341829786754,0.8820068917550754
69.0,0.07128019004909995,0.00553161688954326,0.03792152261013066,0.8852666704512265
70.0,0.07240976760883067,0.005066617909257018,0.03451623931708323,0.8880073751648295
71.0,0.07364324320444345,0.004651097976536498,0.03142791567478518,0.8902777431442354
72.0,0.0749705074298913,0.004278564056853309,0.02862865801735527,0.8921222704959006
73.0,0.07638257229583677,0.0039435121236183965,0.02609243246984316,0.8935814831107022
74.0,0.0778714190370448,0.003641266714231225,0.023795098118266546,0.8946922161304579
75.0,0.07942987047586561,0.003367845868126448,0.02171439007086748,0.8954878935851409
76.0,0.08105148351642892,0.0031198479773602295,0.01982986641463868,0.8959988020915726
77.0,0.08273045818152654,0.0028943573468047054,0.01812283016541822,0.8962523543062509
78.0,0.08446156028310847,0.002688865588824688,0.01657623488619078,0.8962733392418765
79.0,0.08624005536641528,0.0025012063242509986,0.015174580653931239,0.8960841576554028
80.0,0.08806165201106912,0.0023295010012663055,0.013903805434344016,0.8957050415533209
81.0,0.08992245292994128,0.0021721139611826415,0.012751175621383426,0.895154257487493
82.0,0.09181891259476434,0.002027615167119458,0.011705178463542557,0.894448293774574
83.0,0.09374780034971282,0.0018947492652397393,0.010755418285830182,0.8936020320992176
84.0,0.09570616816146962,0.0017724098684721553,0.009892517785078705,0.8926289041849799
85.0,0.0976913223054697,0.0016596181413523535,0.00910802519237357,0.8915410343608047
86.0,0.09970079841019874,0.001555504924541988,0.008394327730927636,0.8903493689343319
87.0,0.10173233938035686,0.0014592957719384858,0.007744571526427043,0.8890637933212779
88.0,0.10378387579997624,0.0013702983853543095,0.0071525879297802105,0.8876932378848896
89.0,0.10585350848189282,0.0012878920246677857,0.006612826073007208,0.8862457734204325
90.0,0.10793949288326408,0.001211518548021929,0.006120291384524478,0.8847286971841899
91.0,0.11004022515045514,0.0011406747996590843,0.005670489729729945,0.8831486103201562
92.0,0.11215422959246726,0.0010749061145909765,0.005259376808158188,0.881511487484784
93.0,0.11428014741166119,0.0010138007514653242,0.004883312422910593,0.8798227394139634
94.0,0.11641672654503496,0.0009569850993596464,0.004539019236370699,0.8780872691192352
95.0,0.11856281248971333,0.000904119532206305,0.004223545634354562,0.8763095223437263
96.0,0.12071734000336319,0.0008548948072958887,0.003934232335717436,0.874493532853624
97.0,0.12287932558458231,0.0008090289227853554,0.0036686824036814367,0.8726429630889514
98.0,0.125047860650412,0.0007662643641498706,0.0034247343369904963,0.8707611406484481
99.0,0.12722210533839598,0.0007263656817168055,0.0032004379421252654,0.8688510910377625
100.0,0.12940128286936672,0.000689117351341085,0.0029940327112661547,0.8669155670680265
101.0,0.13158467441464794,0.0006543218783579113,0.002803928453798551,0.8649570752531961
102.0,0.13377161441782373,0.0006217981115348846,0.00262868795144332,0.8629778995191986
103.0,0.13596148632681626,0.0005913797391265797,0.002467011428261582,0.8609801225057961
104.0,0.13815371869686852,0.0005629139435417511,0.002317722646639395,0.8589656447129509
105.0,0.14034778162926523,0.0005362601947529344,0.0021797564588084558,0.8569362017171739
106.0,0.1425431835143332,0.0005112891655604863,0.0020521476604709534,0.8548933796596359
107.0,0.14473946805052176,0.000487881754289019,0.0019340210086841968,0.8528386291865055
108.0,0.14693621151423833,0.0004659282025410352,0.0018245822803690515,0.8507732780028521
109.0,0.14913302025765562,0.00044532729733868566,0.0017231102607021967,0.848698542184304
110.0,0.1513295284139624,0.0004259856484129507,0.0016289495623151495,0.84661553637531
111.0,0.1535253957915344,0.00040781703260093843,0.0015415041867392865,0.8445252829891259
112.0,0.15572030594029057,0.00039074179832727934,0.0014602317489947158,0.8424287205123879
113.0,0.1579139643750964,0.0003746863240077764,0.0013846382947103107,0.8403267110061861
114.0,0.1601060969425062,0.0003595825249492011,0.0013142736467684432,0.8382200468857767
115.0,0.16229644831841852,0.0003453674039500021,0.0012487272252728388,0.8361094570523592
116.0,0.16448478062537078,0.000331982641350238,0.0011876242907185584,0.8339956124425609
117.0,0.16667087215923526,0.00031937422074952004,0.0011306225656710488,0.8318791310543446
118.0,0.1688545162160125,0.00030749208702079587,0.001077409195102632,0.8297605825018646
119.0,0.1710355200102598,0.00029628983360495555,0.0010276980098502765,0.8276404921462854
120.0,0.17321370367745312,0.0002857244163843383,0.0009812270615032336,0.8255193448446597
121.0,0.17538889935326765,0.0002757558917087287,0.0009377564004531604,0.8233975883545709
122.0,0.17756095032338462,0.0002663471763907211,0.0008970660718879053,0.8212756364283372
123.0,0.17972971023799453,0.000257463827702867,0.0008589543072239263,0.8191538716270792
124.0,0.18189504238567775,0.000249073841600538,0.0008232358908878874,0.8170326478818344
125.0,0.18405681902180623,0.000241147467565079,0.0007897406845080988,0.8149122928261211
126.0,0.18621492074703014,0.0002336570386142483,0.0007583122924904165,0.8127931099218657
127.0,0.18836923593179478,0.0002265768151633939,0.0007288068546571443,0.8106753803983852
128.0,0.19051966018318048,0.00021988284154322602,0.0007010919531446992,0.8085593650221321
129.0,0.19266609585067268,0.0002135528140900592,0.0006750456221070654,0.8064453057131307
130.0,0.19480845156775706,0.00020756595982343915,0.0006505554499758586,0.8043334270224441
131.0,0.19694664182649543,0.000201902924815364,0.0006275177651005508,0.8022239374835891
132.0,0.19908058658247604,0.00019654567143592957,0.0006058368965486853,0.8001170308495398
133.0,0.20121021088774882,0.00019147738373310653,0.0005854245026986776,0.7980128872258199
134.0,0.20333544454955363,0.00018668238027030778,0.0005661989610185741,0.795911674109158
135.0,0.20545622181282983,0.00018214603380515117,0.0005480848131031286,0.7938135473402623
136.0,0.20757248106465997,0.00017785469724699676,0.0005310122596478145,0.7917186519784457
137.0,0.20968416455895048,0.00017379563538000165,0.0005149167005799803,0.78962712310509
138.0,0.2117912181597894,0.00016995696188308845,0.0004997383160513777,0.7875390865622766
139.0,0.21389359110204637,0.00016632758121880856,0.0004854216844291144,0.7854546596323062
140.0,0.21599123576789436,0.00016289713499999435,0.0004719154338092942,0.7833739516632968
141.0,0.2180841074780378,0.0001596559524766901,0.0004591719239242095,0.7812970646455618
142.0,0.2201721642965266,0.00015659500481644546,0.0004471469556243693,0.7792240937430331
143.0,0.22225536684812375,0.00015370586287893298,0.0004357995053948034,0.7771551277836031
144.0,0.22433367814727403,0.0001509806582112686,0.00042509148261448256,0.7750902497119008
145.0,0.22640706343779454,0.00014841204701359923,0.0004149875074914245,0.773029537007701
146.0,0.22847549004247492,0.00014599317684568512,0.00040545470780688393,0.7709730620728731
147.0,0.23053892722183672,0.00014371765586452983,0.00039646253278239696,0.7689208925895169
148.0,0.2325973460413573,0.00014157952440077,0.0003879825825455435,0.7668730918516969
149.0,0.23465071924651545,0.00013957322869768025,0.00037998845181605256,0.7648297190729714
150.0,0.23669902114506314,0.00013769359665141644,0.00037245558656502387,0.762790829671721
151.0,0.23874222749597063,0.00013593581540463593,0.0003653611525181147,0.7607564755361071
152.0,0.24078031540453237,0.0001342954106580115,0.0003586839144799162,0.7587267052703303
153.0,0.242813263223157,0.00013276822757549836,0.0003524041255526341,0.7567015644237154
154.0,0.24484105045739793,0.00013135041316961521,0.000346503425408687,0.7546810957040243
155.0,0.24686365767681198,0.00013003840006254387,0.0003409647468549135,0.7526653391762711
156.0,0.24888106643026034,0.00012882889152761743,0.0003357722299966002,0.750654332448216
157.0,0.2508932591652929,0.00012771884772382113,0.0003309111433732881,0.7486481108436105
158.0,0.252900219151279,0.00012670547304333976,0.0003263678114959676,0.7466467075641822
159.0,0.25490193040597,0.0001257862044990066,0.00032212954826746267,0.7446501538412641
160.0,0.25689837762519746,0.00012495870108479557,0.000318184595815076,0.7426584790779032
161.0,0.25888954611542986,0.00012422083404829918,0.00031452206830742197,0.7406717109822148
162.0,0.26087542172892486,0.0001235706780194919,0.0003111319003662555,0.7386898756926898
163.0,0.2628559908012306,0.00012300650294503568,0.00030800479971940817,0.7367129978961054
164.0,0.26483124009080217,0.00012252676678197458,0.0003051322037730284,0.7347411009386433
165.0,0.2668011567205106,0.0001221301089089249,0.0003025062398105093,0.7327742069307704
166.0,0.268765728120834,0.00012181534421682656,0.00030011968855206395,0.7308123368463976
167.0,0.2707249419745288,0.00012158145784500746,0.0002979659508331312,0.7288555106167935
168.0,0.2726787861625884,0.00012142760053175359,0.00029603901718190103,0.7269037472196984
169.0,0.27462724871130434,0.00012135308455179565,0.00029433344009644196,0.7249570647640479
170.0,0.27657031774025126,0.0001213573802161411,0.000292844308840389,0.7230154805706926
171.0,0.27850798141102345,0.0001214401129125189,0.00029156722659307206,0.7210790112494714
172.0,0.2804402278765554,0.00012160106066738162,0.00029049828980549225,0.7191476727729721
173.0,0.28236704523086326,0.00012184015221294319,0.00028963406962782004,0.7172214805472964
174.0,0.28428842145904737,0.0001221574655451376,0.000288971595287225,0.7153004494801206
175.0,0.28620434438739983,0.00012255322696067792,0.0002885083393069622,0.7133845940463329
176.0,0.28811480163346115,0.00012302781056359137,0.0002882422044688394,0.7114739283515068
177.0,0.29001978055587396,0.00012358173823371813,0.00028817151243156814,0.7095684661934611
178.0,0.2919192682038807,0.00012421568005170007,0.00028829499392713913,0.7076682211221409
179.0,0.2938132512663128,0.00012493045517696463,0.00028861178046634474,0.7057732064980443
180.0,0.2957017160199191,0.0001257270331771378,0.0002891213974929611,0.7038834355494112
181.0,0.2975846482768793,0.00012660653580921007,0.00028982375893397006,0.7019989214283779
182.0,0.2994620333313466,0.0001275702392546406,0.00029071916310060186,0.7001196772662986
183.0,0.3013338559048619,0.0001286195768124269,0.00029180828990197234,0.6982457162284241
184.0,0.3032001000904786,0.0001297561420559998,0.0002930921993397177,0.6963770515681261
185.0,0.3050607492954332,0.00013098169246163446,0.00029457233125834877,0.6945136966808473
186.0,0.30691578618219306,0.0001322981535179095,0.00029625050633209194,0.6926556651579574
187.0,0.3087651926077079,0.00013370762332760177,0.00029812892827479963,0.6908029708406902
188.0,0.3106089495606858,0.00013521237771528725,0.0003002101872651348,0.6889556278743343
189.0,0.31244703709670835,0.00013681487585583485,0.000302497264584698,0.6871136507628517
190.0,0.3142794342709927,0.00013851776644093774,0.0003049935384721022,0.6852770544240948
191.0,0.3161061190686012,0.00014032389440283652,0.00030770279120124474,0.6834458542457953
192.0,0.3179270683318899,0.00014223630821645625,0.0003106292173972043,0.681620066142497
193.0,0.3197422576849791,0.00014425826780331495,0.000313777433608332,0.6797997066136098
194.0,0.32155166145501923,0.0001463932530627731,0.00031715248915823997,0.6779847928027602
195.0,0.3233552525900134,0.00014864497305848914,0.0003207598783065387,0.676175342558622
196.0,0.3251530025729483,0.00015101737589033585,0.00032460555375236845,0.6743713744974095
197.0,0.32694488133197086,0.00015351465928452424,0.00032869594152002687,0.6725729080672251
198.0,0.3287308571463358,0.00015614128193728376,0.0003330379572713471,0.6707799636144561
199.0,0.3305108965478349,0.0001589019756501713,0.00033763902409494494,0.6689925624524206
200.0,0.3322849642174014,0.0001618017582979346,0.0003425070918280586,0.6672107269324732
201.0,0.3340530228765699,0.00016484594767284785,0.0003476506579724701,0.6654344805177853
202.0,0.33581503317345085,0.00016804017625257894,0.00035307879027194966,0.6636638478600252
203.0,0.3375709535628619,0.00017139040694194824,0.0003588011510248243,0.6618988548791719
204.0,0.33932074018023795,0.00017490294984240932,0.0003648280232116638,0.6601395288467086
205.0,0.3410643467089199,0.00017858448010673036,0.00037117033852472473,0.6583858984724493
206.0,0.3428017242403985,0.0001824420569401946,0.00037783970739271817,0.6566379939952692
207.0,0.34453282112706757,0.00018648314381367748,0.0003848484511016958,0.6548958472780178
208.0,0.34625758282701163,0.00019071562995820774,0.00039220963612040117,0.6531594919069105
209.0,0.34797595174032864,0.00019514785321509128,0.0003999371107463372,0.6514289632957107
210.0,0.34968786703645693,0.0001997886243203785,0.00040804554419707575,0.6497042987950263
211.0,0.3513932644719456,0.00020464725270740006,0.00041655046828001076,0.6479855378070678
212.0,0.3530920761980737,0.00020973357391629107,0.00042546832178284703,0.646272721906228
213.0,0.35478423055769,0.00021505797870487913,0.0004348164977366589,0.6445658949658694
214.0,0.35646965187060564,0.00022063144396103617,0.0004446133937133555,0.6428651032917209
215.0,0.35814826020683616,0.00022646556552259535,0.00045487846532988685,0.6411703957623123
216.0,0.3598199711469441,0.00023257259301721908,0.00046563228314253205,0.639481823976897
217.0,0.36148469552869295,0.00023896546684117753,0.00047689659312615044,0.6377994424113406
218.0,0.3631423391791743,0.00024565785740286267,0.0004886943809453692,0.6361233085824783
219.0,0.364792802631523,0.00025266420676402283,0.0005010499402373425,0.6344534832214765
220.0,0.36643598082528245,0.00025999977281915455,0.0005139889451389632,0.6327900304567604
221.0,0.3680717627894283,0.0002676806761612314,0.0005275385273052548,0.6311330180071062
222.0,0.36970003130700246,0.00027572394978997097,0.0005417273576801172,0.6294825173855284
223.0,0.3713206625602475,0.0002841475918271349,0.0005565857332956687,0.6278386041146307
224.0,0.37293352575507105,0.00029297062141190347,0.0005721456693920969,0.6262013579541259
225.0,0.37453848272360213,0.00030221313795814124,0.0005884409971662094,0.6245708631412745
226.0,0.3761353875035325,0.0003118963839643493,0.0006055074674737507,0.6229472086450304
227.0,0.3777240858928652,0.00032204281157624027,0.000623382860827989,0.6213304884347316
228.0,0.37930441497861644,0.00033267615311113126,0.0006421071040550562,0.6197208017642184
229.0,0.3808762026379385,0.00034382149576266694,0.0006617223939849971,0.6181182534723149
230.0,0.3824392670100518,0.0003555053607136932,0.0006822733285763913,0.6165229543006591
231.0,0.38399341593728875,0.0003677557868943152,0.0007038070458916798,0.6149350212299262
232.0,0.38553844637346607,0.0003806024196311905,0.0007263733713598655,0.6133545778355438
233.0,0.3870741437577136,0.00039407660444281095,0.0007500249737829506,0.6117817546640616
234.0,0.3886002813517954,0.0004082114862437757,0.0007748175305621729,0.6102166896313996
235.0,0.39011661953886684,0.00042304211422868103,0.0008008099026396564,0.6086595284442659
236.0,0.39162290508151554,0.00043860555271306293,0.0008280643196702799,0.6071104250461021
237.0,0.3931188703368404,0.00045494099821459755,0.00085664657595716,0.6055695420889888
238.0,0.39460423242622517,0.0004720899030622279,0.0008866262377018495,0.6040370514330118
239.0,0.39607869235737,0.0004900961058237443,0.0009180768621368496,0.6025131346746704
240.0,0.39754193409604943,0.0005090059688432479,0.0009510762291229087,0.6009979837059853
241.0,0.39899362358497514,0.0005288685231784719,0.0009857065858064013,0.599491801306041
242.0,0.4004334077070547,0.0005497356212236619,0.0010220549049423041,0.5979948017667803
243.0,0.4018609131902562,0.0005716620972961007,0.0010602131574953023,0.5965072115549533
244.0,0.4032757454512147,0.0005947059364528044,0.0011002786001346658,0.5950292700121987
245.0,0.4046774873746518,0.0006189284517877304,0.0011423540782369253,0.5935612300953245
246.0,0.40606569802562686,0.0006443944704382548,0.0011865483450031074,0.5921033591589326
247.0,0.40743991129160095,0.0006711725285018213,0.0012329763972833197,0.5906559397826148
248.0,0.40879963445127393,0.0006993350750285443,0.0012817598286795759,0.5892192706450188
249.0,0.4101443466671573,0.000728958685212058,0.001333027200466565,0.5877936674471649
250.0,0.4114734973988727,0.0007601242828477967,0.0013869144308280253,0.5863794638874523
251.0,0.41278650473422357,0.000792917372063761,0.0014435652028517213,0.5849770126908618
252.0,0.41408275363518393,0.0008274282782521323,0.0015031313916567754,0.583586686694908
253.0,0.41536159409608164,0.0008637523980390847,0.0015657735109410069,0.5822088799949391
254.0,0.4166223392114429,0.0009019904580229137,0.0016316611791305096,0.5808440091514044
255.0,0.4178642631512053,0.0009422487818850119,0.0017009736051861368,0.5794925144617243
256.0,0.41908659904131745,0.0009846395653319425,0.0017739000939687407,0.5781548612993826
257.0,0.4202885367481276,0.001029281158157333,0.001850640570883478,0.5768315415228323
258.0,0.42146922056543457,0.0010762983525167314,0.0019314061253093897,0.57552307495674
259.0,0.4226277468036456,0.0011258226762839083,0.002016419572069569,0.5742300109480016
260.0,0.4237631612811682,0.0011779926901000742,0.002105916029904903,0.5729529299988276
261.0,0.4248744567189715,0.001232954286434597,0.0022001435155755028,0.5716924454790192
262.0,0.4259605700402077,0.001290860988643328,0.002299363551823017,0.5704492054193268
263.0,0.42702037957789507,0.001351874247634624,0.002403851786978041,0.5692238943874931
264.0,0.4280527021949594,0.0014161637333294892,0.00251389862348336,0.5680172354482286
265.0,0.429056290322424,0.001483907617626713,0.0026298098520188976,0.5668299922079312
266.0,0.4300298289232557,0.001555292845052154,0.0027519072872507094,0.5656629709444422
267.0,0.43097193239133597,0.0016305153866791448,0.002880529400476477,0.5645170228215092
268.0,0.4318811413972608,0.0017097804722502295,0.0030160319435958045,0.5633930461868939
269.0,0.4327559196952033,0.001793302794705231,0.0031587885578870482,0.5622919889522052
270.0,0.4335946509079244,0.0018813066805235795,0.003309191360015224,0.5612148510515376
271.0,0.4343956353102221,0.0019740262184171652,0.0034676514965197264,0.5601626869748417
272.0,0.43515708663468633,0.0020717053379619263,0.003634599656728409,0.5591366083706241
273.0,0.4358771289276094,0.0021745978287313833,0.0038104865326090503,0.558137786711051
274.0,0.4365537934873067,0.0022829672893945165,0.003995783212494285,0.5571674560108053
275.0,0.4371850159219581,0.002397086995066915,0.004190981493897235,0.5562269155890787
276.0,0.437768633369394,0.002517239669963844,0.004396594098769691,0.5553175328618734
277.0,0.4383023819270459,0.0026437171511058013,0.004613154772542989,0.5544407461493062
278.0,0.4387838943465473,0.0027768199274842194,0.004841218246137009,0.5535980674798323
279.0,0.43921069805421475,0.00291685653772486,0.005081360037832995,0.5527910853702283
280.0,0.4395802135658339,0.0030641428079122963,0.0053341760694939925,0.5520214675567606
281.0,0.43988975337178815,0.003219000909890355,0.00560028206910235,0.5512909636492199
282.0,0.44013652137655007,0.0033817582190675726,0.005880312728994116,0.550601407675389
283.0,0.4403176129848273,0.003552745949579209,0.006174920586541875,0.5499547204790524
284.0,0.44043001593511877,0.00373229754364323,0.006484774591417855,0.5493529119298208
285.0,0.4404706119899597,0.003920746791162533,0.006810558321017774,0.5487980828978607
286.0,0.44043617960054765,0.00411842565514647,0.007152967803216904,0.5482924269410896
287.0,0.4403233976715445,0.0043256617784405045,0.007512708903453033,0.5478382316465626
288.0,0.44012885055938267,0.0045427756476650845,0.007890494231294119,0.5474378795616588
289.0,0.43984903444407925,0.004770077391287598,0.008287039520278167,0.5470938486443556
290.0,0.43948036522001677,0.0050078631905104455,0.008703059434056495,0.5468087121554169
291.0,0.4390191880549914,0.005256411284290516,0.009139262751897623,0.5465851379088211
292.0,0.4384617887685877,0.005515977553455698,0.009596346887607398,0.5464258867903499
293.0,0.4378044071801062,0.0057867906737027654,0.010074991698102262,0.5463338104480895
294.0,0.4370432525722802,0.006069046833398877,0.010575852541466365,0.5463118480528553
295.0,0.4361745214092606,0.006362904019711101,0.01109955254957439,0.5463630220214546
296.0,0.435194417435186,0.006668475885786522,0.011646674087526229,0.546490432591502
297.0,0.4340991742624313,0.006985825222607745,0.012217749381475882,0.5466972511334858
298.0,0.43288508053569147,0.007314957071828358,0.012813250308198127,0.5469867120842827
299.0,0.4315485077287893,0.007655811530374583,0.013433577354157079,0.5473621033866798
300.0,0.4300859405949473,0.008008256313843484,0.014079047769122055,0.5478267553220879
301.0,0.42849401024779116,0.008372079163614701,0.014749882959667752,0.5483840276289271
302.0,0.42676952979926436,0.00874698020190356,0.015446195191275167,0.5490372948075577
303.0,0.4249095324218583,0.009132564359385429,0.01616797369419813,0.5497899295245589
304.0,0.4229113116362732,0.00952833402105051,0.01691507029763801,0.550645284045039
305.0,0.4207724635523385,0.009933682056997364,0.017687184748787676,0.5516066696418772
306.0,0.4184909307116205,0.01034788542518392,0.018483849907503323,0.552677333955693
307.0,0.4160650470959464,0.010770099551815508,0.01930441704307802,0.5538604363091608
308.0,0.41349358377887147,0.011199353711006044,0.02014804149594561,0.5551590210141776
309.0,0.4107757946091978,0.011634547637421864,0.021013669003027414,0.5565759887503536
310.0,0.4079114612298019,0.01207444961253797,0.021900023019503882,0.558114066138157
311.0,0.40490093665451576,0.012517696265590909,0.02280559340048104,0.559775773679413
312.0,0.40174518655429586,0.012962794323009109,0.023728626831562693,0.5615633922911331
313.0,0.39844582734540773,0.013408124523848403,0.02466711941581621,0.5634789287149283
314.0,0.39500516013100523,0.013851947892557543,0.02561881183402844,0.5655240801424095
315.0,0.3914261995274488,0.014292414523539637,0.026581187493484797,0.5677001984555275
316.0,0.38771269641190703,0.014727574984153204,0.02755147406587382,0.5700082545380667
317.0,0.38386915366165403,0.015155394384204648,0.028526648785659914,0.5724488031684821
318.0,0.3799008340206941,0.01557376909140478,0.029503447835090846,0.575021949052811
319.0,0.3758137593275646,0.01598054599513266,0.0304783800801427,0.5777273145971608
320.0,0.37161470046975514,0.016373544137292403,0.03144774534304048,0.5805640100499128
321.0,0.36731115759400124,0.016750578441856852,0.03240765730219562,0.583530606661947
322.0,0.3629113302949899,0.017109485187266873,0.03335407100101867,0.5866251135167253
323.0,0.35842407772325335,0.017448148782083537,0.034282814825572584,0.5898449586690913
324.0,0.353858868790083,0.017764529328366772,0.03518962668083848,0.5931869752007125
325.0,0.3492257228955052,0.018056690393453357,0.036070193960745414,0.5966473927502968
326.0,0.34453514185585843,0.018322826363218192,0.0369201967730812,0.6002218350078429
327.0,0.33979803395060787,0.018561288722141252,0.037735353752496315,0.6039053235747552
328.0,0.3350256312337167,0.018770610600425397,0.038511469678854784,0.6076922884870037
329.0,0.33022940145338825,0.018949528947856568,0.03924448401994647,0.6115765855788093
330.0,0.3254209560863374,0.019097003738682967,0.039930519442440915,0.6155515207325393
331.0,0.320611956111367,0.019212233680774692,0.04056592928758016,0.6196098809202788
332.0,0.31581401721621716,0.019294667993579477,0.04114734299205538,0.6237439717981487
333.0,0.31103861614799644,0.019344013929459863,0.041671708452017335,0.6279456614705271
334.0,0.3062969998800711,0.01936023983727577,0.0421363303799049,0.632206429902749
335.0,0.301600099178768,0.019343573700070622,0.042538903788742935,0.6365174233324192
336.0,0.29695844801579085,0.019294497214388848,0.042877541854096285,0.6408695129157248
337.0,0.29238211009325304,0.01921373561089653,0.04315079754575015,0.6452533567501011
338.0,0.2878806135358825,0.019102243538633035,0.04335767858386318,0.6496594643416221
339.0,0.28346289456873336,0.01896118744304483,0.04349765545122958,0.6540782625369931
340.0,0.2791372507488145,0.018791924956541774,0.04357066237717026,0.6585001619174743
341.0,0.27491130406567815,0.018595981886458415,0.04357709139200696,0.6629156226558574
342.0,0.27079197397896837,0.018375027427124407,0.04351777972681622,0.6673152188670919
343.0,0.2667854602289939,0.018130848239758423,0.04339399099457174,0.6716897005366768
344.0,0.26289723504694873,0.017865322036933393,0.04320739073016512,0.6760300521859536
345.0,0.2591320442101831,0.01758039127943109,0.04296001698365773,0.680327547526729
346.0,0.2554939162388506,0.0172780375453834,0.042654246750349886,0.684573799465417
347.0,0.2519861789154225,0.016960257068355005,0.04229275908120233,0.688760804935021
348.0,0.24861148222835203,0.01662903786653518,0.041878495747584114,0.6928809841575295
349.0,0.2453718267944481,0.016286338803680998,0.04141462033635028,0.6969272140655215
350.0,0.24226859679886825,0.015934070837967,0.04090447662711593,0.7008928557360496
351.0,0.23930259650367539,0.015574080631179963,0.04035154705645436,0.7047717758086911
352.0,0.23647408941158382,0.015208136610975635,0.0397594120074301,0.7085583619700112
353.0,0.23378283922642223,0.01483791750579601,0.039131710581605604,0.7122475326861769
354.0,0.23122815182145895,0.014465003307471141,0.038472103418799156,0.7158347414522716
355.0,0.2288089175066828,0.014090868561768754,0.037784238031703304,0.719315975899846
356.0,0.22652365297234278,0.01371687784284687,0.03707171702200295,0.7226877521628082
357.0,0.2243705423748899,0.013344283233787295,0.03633806944544063,0.725947104945883
358.0,0.22234747711983366,0.01297422361175013,0.03558672549841492,0.7290915737700021
359.0,0.22045209398137766,0.012607725522032777,0.0348209946106291,0.7321191858859613
360.0,0.21868181127905967,0.012245705419419625,0.0340440469488862,0.7350284363526353
361.0,0.21703386290555202,0.011888973056483627,0.03325889826761582,0.7378182657703493
362.0,0.21550533006633132,0.011538235805684903,0.0324683979828276,0.7404880361451569
363.0,0.21409317065058678,0.011194103713938051,0.031675220298138296,0.7430375053373376
364.0,0.21279424620334847,0.01085709510357914,0.03088185817411872,0.7454668005189544
365.0,0.21160534651152094,0.010527642551245294,0.030090619904924405,0.7477763910323101
366.0,0.210523211851663,0.010206099095103003,0.029303628048225117,0.7499670610050095
367.0,0.2095445529754922,0.009892744540288776,0.028522820444870572,0.7520398820393491
368.0,0.20866606893084,0.009587791751670648,0.027749953062452308,0.7539961862550377
369.0,0.207884462831841,0.009291392841560615,0.026986604400826272,0.7558375399257727
370.0,0.2071964557032201,0.009003645177402745,0.026234181206631572,0.7575657179127462
371.0,0.20659879853035673,0.008724597150448786,0.02549392525680569,0.7591826790623893
372.0,0.2060882826500363,0.008454253660838929,0.02476692098705554,0.7606905427020698
373.0,0.2056617486170772,0.008192581287245485,0.024054103759291408,0.7620915663363864
374.0,0.20531609367993023,0.00793951312030004,0.023356268581367415,0.7633881246184028
375.0,0.2050482779943962,0.00769495324845441,0.02267407911241075,0.7645826896447391
376.0,0.20485532969925735,0.0074587808928086915,0.022008076806987173,0.7656778126009472
377.0,0.20473434897125323,0.007230854193890698,0.02135869007087573,0.7666761067639808
378.0,0.2046825111697857,0.007011013658523156,0.020726243319945638,0.767580231851746
379.0,0.2046970691742857,0.006799085278910177,0.0201109658512685,0.768392879695536
380.0,0.2047753550095395,0.0065948833390569285,0.019513000451967043,0.769116761199437
381.0,0.20491478084663528,0.006398212925746962,0.018932411686274252,0.7697545945413439
382.0,0.20511283945969275,0.006208872162674046,0.018369193814790827,0.7703090945628427
383.0,0.20536710421128396,0.006026654187083578,0.0178232783119687,0.7707829632896641
384.0,0.2056752286325226,0.005851348888535268,0.017294540958438194,0.7711788815205043
385.0,0.20603494565724434,0.0056827444292541825,0.016782808493989314,0.7714995014195125
386.0,0.20644406656355643,0.0055206285650795306,0.016287864824889538,0.7717474400464749
387.0,0.20690047967032096,0.005364789785325796,0.015809456785862354,0.7719252737584913
388.0,0.2074021488308561,0.005215018289003742,0.015347299462563446,0.7720355334175771
389.0,0.2079471117612913,0.0050711068138636125,0.014901081084880379,0.7720807003399651
390.0,0.2085334782365845,0.004932851333664352,0.014470467504954164,0.7720632029247974
391.0,0.20915942818318245,0.004800051637977077,0.01405510627658221,0.7719854139022586
392.0,0.20982320969366391,0.0046725118077273285,0.01365463035471332,0.7718496481438958
393.0,0.2105231369854206,0.004550040598591251,0.01326866143518227,0.7716581609808062
394.0,0.21125758832248334,0.004432451743302969,0.01289681295574324,0.7714131469784707
395.0,0.21202500391696275,0.004319564182916411,0.01253869277992983,0.7711167391201913
396.0,0.21282388382422154,0.004211202236103598,0.012193905585368552,0.7707710083543066
397.0,0.21365278584380495,0.004107195714668425,0.011862054977969326,0.7703779634635576
398.0,0.21451032343630247,0.004007379992613496,0.011542745352969315,0.769939551218115
399.0,0.2153951636646778,0.0039115960353188,0.011235583523167473,0.7694576567768362
400.0,0.21630602516716171,0.003819690394674611,0.01094018013390121,0.7689341043042628
401.0,0.21724167616753629,0.003731515175355485,0.010656150883422545,0.7683706577736861
402.0,0.21820093252753078,0.0036469279768253453,0.010383117566361852,0.7677690219292824
403.0,0.21918265584508145,0.0035657918151224873,0.010120708956950622,0.7671308433828459
404.0,0.2201857516013659,0.0034879750279845916,0.009868561547633705,0.7664577118230163
405.0,0.22120916735879287,0.0034133511664340794,0.009626320157655178,0.7657511613171183
406.0,0.22225189101149848,0.0033417988755497156,0.009393638425165704,0.7650126716877865
407.0,0.2233129490893566,0.0032732017667977224,0.009170179195385148,0.7642436699484609
408.0,0.2243914051160479,0.003207448283981276,0.008955614816371766,0.7634455317835994
409.0,0.2254863580213357,0.003144431564587725,0.008749627353005643,0.7626195830610712
410.0,0.22659694060736146,0.0030840492980649926,0.008551908728894296,0.7617671013656796
411.0,0.22772231806849072,0.0030262035823393338,0.008362160805056062,0.7608893175441143
412.0,0.22886168656400463,0.0029708007796931247,0.008180095403434097,0.7599874172528686
413.0,0.23001427184273662,0.002917751372951,0.008005434282541574,0.7590625425017712
414.0,0.23117932791859452,0.0028669698227730207,0.007837909071836957,0.7581157931867959
415.0,0.2323561357957796,0.0028183744267224592,0.007677261170776572,0.7571482286067217
416.0,0.23354400224241154,0.002771887180661172,0.007523241617888615,0.756160868959039
417.0,0.2347422586111899,0.002727433642925601,0.007375610934656859,0.7551546968112279
418.0,0.23595025970566355,0.002684942801649515,0.00723413894849141,0.7541306585441958
419.0,0.23716738269063745,0.002644346945524223,0.007098604598595913,0.7530896657652427
420.0,0.23839302604522,0.0026055815382217597,0.00696879572811315,0.7520325966884454
421.0,0.23962660855699872,0.0025685850966503457,0.006844508865541655,0.7509602974808095
422.0,0.24086756835582893,0.002533299073163077,0.006725548998062262,0.749873583572946
423.0,0.24211536198572514,0.0024996677417994644,0.006611729339093075,0.7487732409333826
424.0,0.24336946351335753,0.002467638088604168,0.006502871092101625,0.747660027305937
425.0,0.24462936367167507,0.002437159706037352,0.006398803212441835,0.746534673409846
426.0,0.24589456903720114,0.002408184691465841,0.006299362168748435,0.7453978841025849
427.0,0.24716460123957604,0.002380667549703089,0.006204391705210642,0.7442503395055106
428.0,0.24843899620195248,0.0023545650995483287,0.006113742605858098,0.7430926960926414
429.0,0.2497173034108854,0.002329836384260747,0.006027272461823478,0.7419255877430306
430.0,0.25099908521439357,0.0023064425858926358,0.005944845442395881,0.7407496267573181
431.0,0.25228391614690876,0.0022843469433959157,0.005866332070545572,0.73956540483915
432.0,0.25357138227986886,0.0022635146744088477,0.005791609003482191,0.7383734940422404
433.0,0.2548610805967494,0.0022439129006238782,0.005720558818703813,0.7371744476839232
434.0,0.25615261839137077,0.002225510576633154,0.005653069805901849,0.7359688012260944
435.0,0.25744561268835764,0.0022082784221450864,0.005589035765005521,0.7347570731244919
436.0,0.2587396896846683,0.0021921888574632283,0.005528355810578407,0.7335397656472902
437.0,0.26003448421115233,0.0021772159421175113,0.005470934182717278,0.732317365664013
438.0,0.2613296392131341,0.0021633353165374084,0.005416680064549199,0.7310903454057793
439.0,0.2626248052490605,0.002150524146656728,0.005365507406375805,0.729859163197907
440.0,0.2639196400062884,0.002138761071340369,0.005317334756472986,0.7286242641658982
441.0,0.2652138078331273,0.0021280261525244196,0.005272085098519215,0.727386080915829
442.0,0.2665069792862883,0.002118300827962337,0.005229685695595774,0.7261450341901535
443.0,0.2677988306929287,0.0021095678664715357,0.005190067940676653,0.724901533499923
444.0,0.2690890437265166,0.0021018113255765105,0.005153167213504259,0.7236559777344026
445.0,0.2703773049957745,0.0020950165114465053,0.005118922743728975,0.72240875574905
446.0,0.2716633056459969,0.002089169941027719,0.005087277480175463,0.7211602469327999
447.0,0.2729467409720681,0.0020842593062720305,0.0050581779660861,0.7199108217555737
448.0,0.27422731004254186,0.0020802734403662228,0.005031574220181745,0.7186608422969102
449.0,0.27550471533417376,0.0020772022858676184,0.005007419623371792,0.7174106627565868
450.0,0.27677866237633186,0.0020750368646539185,0.004985670810938895,0.7161606299480753
451.0,0.2780488594047396,0.002073769249596797,0.0049662875700186605,0.7149110837756448
452.0,0.27931501702403655,0.0020733925378704572,0.004949232742190679,0.7136623576959022
453.0,0.2805768478786721,0.002073900825807863,0.004934472130994396,0.7124147791645256
454.0,0.28183406633167746,0.0020752891852186877,0.004921974414181233,0.7111686700689226
