timestamp,value1,value2,value3,value4
0.0,0.999,0.0,0.001,0.0
0.1,0.99895005,4.995000000000001e-05,0.0009857142857142857,1.4285714285714285e-05
0.2,0.9989008199471444,9.751896675000001e-05,0.0009732976530612245,2.836343304445066e-05
0.30000000000000004,0.9988522163267632,0.00014287972570977444,0.0009626440330996356,4.2259914427465765e-05
0.4,0.9988041509485223,0.00018619402448588054,0.0009536546330075857,5.600039398442759e-05
0.5,0.998756540580795,0.00022761326730398116,0.0009462374628760543,6.96086890251273e-05
0.6000000000000001,0.9987093066089192,0.0002672792011433503,0.0009403068937451005,8.31072961925083e-05
0.7000000000000001,0.9986623747157489,0.00030532455673115976,0.0009357832448249489,9.651748269519378e-05
0.8,0.99861567458302,0.00034187364738159237,0.000932592397980393,0.00010985937161817772
0.9,0.998569139612147,0.0003770429284665486,0.0009306654376838691,0.00012315202170277718
1.0,0.9985227066631581,0.00041094152011973413,0.0009299383147610797,0.0001364135019611996
1.1,0.9984763158105661,0.0004436716956033268,0.0009303515323637221,0.0001496609614670339
1.2000000000000002,0.998429910115047,0.00047532933760537814,0.0009318498527072083,0.00016291069464051684
1.3,0.9983834354098801,0.0005060043645858244,0.0009343820232077608,0.00017617820232645215
1.4000000000000001,0.998336840101165,0.0005357811291487335,0.0009379005207433679,0.0001894782489430685
1.5,0.9982900749809036,0.0005647387902875176,0.00094236131284723,0.0002028249159618054
1.6,0.9982430930520907,0.0005929516612276685,0.0009477236347209011,0.00021623165196092502
1.7000000000000002,0.998195849365015,0.000620489534477531,0.0009539497810277153,0.00022971131947988405
1.8,0.9981483008640268,0.0006474179855911732,0.000961004911495618,0.000243276238886489
1.9000000000000001,0.9981004062440746,0.0006737986570480342,0.0009688568694225292,0.0002569382294549311
2.0,0.9980521258163619,0.0006996895235612491,0.0009774760122371418,0.0002707086478397858
2.1,0.9980034213825174,0.0007251451400399298,0.000986835053323891,0.0002845984241189122
2.2,0.9979542561167105,0.0007502168733498043,0.000996908914372976,0.0002986180955668334
2.3000000000000003,0.9979045944551844,0.0007749531189411042,0.001007674587565022,0.00031277783830957977
2.4000000000000004,0.9978544019927105,0.0007993995033420776,0.0010191110069454634,0.0003270874970020677
2.5,0.9978036453855034,0.0008235990734506626,0.0010311989283862165,0.0003415566126598398
2.6,0.9977522922601645,0.0008475924734953768,0.0010439208175719117,0.0003561944487683467
2.7,0.9977003111282512,0.0008714181104790549,0.001057260745485016,0.0003710100157848778
2.8000000000000003,0.9976476713060951,0.0008951123088654575,0.0010712042908988175,0.000386012094140711
2.9000000000000004,0.9975943428395179,0.0009187094552186907,0.0010857384494195876,0.00040120925584400194
3.0,0.9975402964331147,0.0009422421334586175,0.0011008515486494546,0.0004166098847773577
3.1,0.9974855033838007,0.0009657412513517618,0.0011165331690697496,0.00043222219577789033
3.2,0.9974299355183309,0.0009892361588164156,0.0011327740702709547,0.0004480542525818048
3.3000000000000003,0.9973735651345274,0.0010127547585825616,0.001149566122180012,0.00046411398471021283
3.4000000000000004,0.9973163649459619,0.001036323609711637,0.001166902240958764,0.0004804092033678541
3.5,0.9972583080298617,0.0010599680244479303,0.0011847763292687887,0.0004969476164217239
3.6,0.9971993677780175,0.001083712158842354,0.001203183220617975,0.0005137368425222388
3.7,0.9971395178504914,0.0011075790975603437,0.0012221186275229395,0.0005307844244254837
3.8000000000000003,0.9970787321319314,0.0011315909332585488,0.001241579093238909,0.0005480978415712721
3.9000000000000004,0.9970169846903172,0.001155768840889672,0.0012615619468250667,0.0005656845219681881
4.0,0.9969542497379669,0.001180133147271195,0.00128206526132865,0.0005835518534334471
4.1000000000000005,0.9968905015946509,0.0012047033962316392,0.0013030878148853758,0.0006017071942323092
4.2,0.9968257146526668,0.0012294984096273992,0.0013246290545471154,0.0006201578831588663
4.3,0.9967598633437387,0.0012545363445039164,0.0013466890626602128,0.0006389112490973236
4.4,0.9966929221076133,0.001279834746656971,0.0013692685256294834,0.0006579746201003491
4.5,0.9966248653622345,0.0013054106008330536,0.0013923687049138182,0.0006773553320187075
4.6000000000000005,0.9965556674753843,0.0013312803777920847,0.0014159914101094847,0.0006970607367141836
4.7,0.9964853027376865,0.0013574600784410685,0.0014401389739867043,0.000717098209885728
4.800000000000001,0.9964137453368757,0.0013839652752335738,0.0014648142293539777,0.0007374751585368416
4.9,0.9963409693332397,0.0014108111510171219,0.001490020487632897,0.0007581990281104009
5.0,0.9962669486361521,0.0014380125354986118,0.0015157615190339502,0.000779277309315459
5.1000000000000005,0.9961916569816134,0.0014655839394867275,0.0015420415342310382,0.0008007175446689692
5.2,0.9961150679107271,0.0014935395870598407,0.0015688651674391999,0.0008225273347739259
5.300000000000001,0.9960371547490415,0.00152189344579817,0.001596237460806349,0.0008447143443540392
5.4,0.9959578905866907,0.0015506592552098338,0.001624163850035721,0.0008672863080637784
5.5,0.9958772482592754,0.0015798505534719426,0.0016526501511612527,0.0008902510360914336
5.6000000000000005,0.9957952003294251,0.0016094807025998986,0.001681702548403252,0.0009136164195717161
5.7,0.9957117190689895,0.0016395629121506545,0.0017113275830365354,0.0009373904358233867
5.800000000000001,0.9956267764418072,0.0016701102615587406,0.001741532143207702,0.0009615811534264229
5.9,0.995540344087008,0.0017011357211973663,0.0017723234546424072,0.000986196737152326
6.0,0.9954523933028014,0.0017326521722508628,0.0018037090721874278,0.0010112454527603264
6.1000000000000005,0.9953628950307136,0.0017646724254790484,0.0018356968721359697,0.0010367356716714455
6.2,0.9952718198402315,0.0017972092389488175,0.0018682950452880906,0.0010626758755316382
6.300000000000001,0.9951791379138208,0.0018302753348033087,0.0019015120907013169,0.0010890746606745515
6.4,0.9950848190322824,0.0018638834151343737,0.0019353568100895033,0.0011159407424937789
6.5,0.9949888325604156,0.0018980461770197682,0.001969838302830799,0.0011432829597339046
6.6000000000000005,0.9948911474329604,0.0019327763267824299,0.002004965961548161,0.0011711102787090556
6.7,0.9947917321407891,0.0019680865935254492,0.0020407494682283156,0.0011994317974571617
6.800000000000001,0.9946905547173223,0.002003989741992813,0.002077198790847331,0.0012282567498376367
6.9,0.9945875827251446,0.0020404985848026897,0.0021143241804730817,0.001257594509579727
7.0,0.9944827832427978,0.002077625994096969,0.002152136168816889,0.0012874545942883617
7.1000000000000005,0.9943761228517298,0.0021153849126478623,0.002190645566208452,0.0013178466694139252
7.2,0.9942675676233784,0.0021537883644597014,0.002229863459969926,0.0013487805521920147
7.300000000000001,0.994157083106373,0.002192849464901539,0.0022698012131666316,0.0013802662155588908
7.4,0.9940446343138348,0.0022325814304038063,0.00231047046371335,0.0014123137920480065
7.5,0.9939301857107605,0.0022729975877500887,0.002351883123816619,0.0014449335776727044
7.6000000000000005,0.9938137012014724,0.0023141113829930056,0.0023940513797347184,0.001478136035799881
7.7,0.9936951441171213,0.0023559363900212712,0.002436987691838275,0.0015119318010191596
7.800000000000001,0.9935744772032293,0.0023984863188032065,0.0024807047949555803,0.0015463316830118736
7.9,0.993451662607258,0.0024417750233302763,0.00252521569898775,0.0015813466704239167
8.0,0.9933266618661911,0.002485816509282667,0.0025705336897798863,0.001616987934746326
8.1,0.99319943589412,0.0025306249414374263,0.00261667233023531,0.001653266834207243
8.200000000000001,0.993069944969822,0.0025762146508383193,0.0026636454616608156,0.0016901949176787285
8.3,0.9929381487243213,0.0026226001417452398,0.0027114672053317,0.0017277839286017204
8.4,0.9928040061284218,0.0026697960983798367,0.002760151964266088,0.0017660458089322822
8.5,0.9926674754802063,0.0027178173914828387,0.0028097144251987573,0.0018049927031121098
8.6,0.992528514392491,0.002766679084697529,0.0028601695607453456,0.0018446369620661513
8.700000000000001,0.9923870797802288,0.0028163964407928056,0.002911532631748426,0.0018849911472300497
8.8,0.9922431278478543,0.0028669849277383284,0.002963819189797494,0.0019260680346099934
8.9,0.9920966140765638,0.002918460224643392,0.003017045079915474,0.0019678806188774614
9.0,0.9919474932115238,0.0029708382275703037,0.003071226443404794,0.0020104421175012187
9.1,0.9917957192490023,0.00302413505523231,0.003126379720846593,0.0020537659749188405
9.200000000000001,0.9916412454234178,0.003078367054585361,0.003182521655247005,0.00209786586674994
9.3,0.9914840241942997,0.003133550806322322,0.0032396692953248927,0.0021427557040531848
9.4,0.9913240072331576,0.0031897031302776163,0.0032978399989357574,0.0021884496376291225
9.5,0.9911611454102529,0.003246841090749635,0.003357051436626881,0.0022349620623707328
9.600000000000001,0.9909953887812697,0.0033049820017477267,0.003417321595319105,0.0022823076216635795
9.700000000000001,0.9908266865738818,0.0033641434321699964,0.003478668782110899,0.0023305012118373493
9.8,0.9906549871742112,0.003424343210917677,0.003541111628200695,0.002379557986670524
9.9,0.9904802381131753,0.0034855994319513014,0.003604669092923655,0.002429493361949841
10.0,0.9903023860527211,0.0035479304592935025,0.0036693604678993126,0.002480323020086181
10.100000000000001,0.9901213767719422,0.0036113549319827976,0.003735205381286726,0.002532062914788438
10.200000000000001,0.989937155153077,0.0036758917689823163,0.003802223802143961,0.002584729275796897
10.3,0.9897496651673866,0.0037415601740470577,0.003870436044888934,0.0026383386136776
10.4,0.9895588498609095,0.0038083796405528527,0.003939862773858755,0.0026929077246791154
10.5,0.9893646513400922,0.003876369956289898,0.004010525007964916,0.0027484536956531146
10.600000000000001,0.989167010757295,0.003945551208223366,0.004082444125441748,0.0028049939090401066
10.700000000000001,0.9889658682961695,0.004015943787223265,0.00415564186868574,0.002862546047921631
10.8,0.9887611631569111,0.004087568392765458,0.004230140349183386,0.002921128101140216
10.9,0.9885528335413811,0.004160446037605387,0.004305962052525329,0.0029807583684883154
11.0,0.9883408166381022,0.004234598052425819,0.00438312984350467,0.003041455465967467
11.100000000000001,0.9881250486071244,0.004310046090459639,0.00446166697129737,0.003103238331118835
11.200000000000001,0.9879054645647628,0.004386812132088418,0.0045415970747227285,0.0031661262284262987
11.3,0.9876819985682077,0.0044649184894173,0.004622944187582017,0.003230138754793219
11.4,0.9874545836000066,0.004544387810826404,0.004705732744073326,0.0032952958450939577
11.5,0.9872231515524195,0.004625243085498782,0.004789987584280777,0.0033616177778012413
11.600000000000001,0.986987633211649,0.004707507647924688,0.004875733959736251,0.0034291251806903957
11.700000000000001,0.9867479582419454,0.004791205182381686,0.004962997539051794,0.003497839036621468
11.8,0.9865040551695893,0.00487635972738992,0.00505180441362092,0.003567780689400237
11.9,0.9862558513667528,0.004962995680141622,0.005142181103386951,0.003638971849719056
12.0,0.9860032730352416,0.005051137800903714,0.005234154562676619,0.0037114346011784764
12.100000000000001,0.9857462451901206,0.005140811217392166,0.0053277521860970786,0.0037851914063905603
12.200000000000001,0.9854846916432246,0.005232041429116526,0.005423001814494478,0.0038602651131647557
12.3,0.9852185349865581,0.005324854311692862,0.00551993174097225,0.003936678960777215
12.4,0.9849476965755858,0.0054192761211230905,0.00561857071696717,0.004014456586324354
12.5,0.9846720965124192,0.005515333498038513,0.005718947958381266,0.0040936220311614865
12.600000000000001,0.9843916536289005,0.005613053471905133,0.0058210931517675805,0.0041741997474272815
12.700000000000001,0.9841062854695898,0.005712463465188113,0.005925036460567738,0.004256214604654803
12.8,0.9838159082746588,0.005813591297472569,0.006030808531399231,0.004339691896469857
12.9,0.9835204369626953,0.0059164651895376045,0.006138440500390232,0.00442465734737731
13.0,0.9832197851134243,0.006021113767380349,0.00624796399955972,0.0045111371196360495
13.100000000000001,0.9829138649503502,0.006127566066186515,0.006359411163240594,0.0045991578202232075
13.200000000000001,0.9826025873233251,0.0062358515342437575,0.006472814634543374,0.004688746507888227
13.3,0.982285861691051,0.006346000036793962,0.006588207571858022,0.00477993070029735
13.4,0.9819635961035198,0.0064580418598202665,0.006705623655391278,0.004872738381269017
13.5,0.9816356971843984,0.006572007713764499,0.006825097093736839,0.004967198008100677
13.600000000000001,0.9813020701133669,0.00668792873717043,0.006946662630475608,0.005063338518987459
13.700000000000001,0.9809626186084163,0.006805836500247992,0.007070355550803065,0.005161189340533082
13.8,0.9806172449081128,0.006925763008353475,0.007196211688180811,0.005260780395353409
13.9,0.9802658497538381,0.00704774070538033,0.007324267431009058,0.00536214210977292
14.0,0.979908332372014,0.007171802477055108,0.007454559729316844,0.005465305421614403
14.100000000000001,0.979544590456319,0.007297981654132728,0.007587126101466538,0.00557030178808209
14.200000000000001,0.9791745201499079,0.007426312015485045,0.0077220046408690585,0.005677163193738399
14.3,0.9787980160276434,0.007556827791076459,0.007859234022706144,0.005785922158574448
14.4,0.9784149710783503,0.007689563664819997,0.007998853510655747,0.005896611746174358
14.5,0.9780252766871034,0.007824554777307074,0.008140902963616569,0.006009265571973423
14.600000000000001,0.977628822617559,0.007961836728403872,0.008285422842427522,0.006123917811610068
14.700000000000001,0.9772254969943442,0.008101445579706962,0.008432454216577734,0.006240603209371507
14.8,0.9768151862855143,0.00824341785685059,0.00858203877090257,0.006359357086732966
14.9,0.9763977752850918,0.008387790551657672,0.008734218812260885,0.006480215350990199
15.0,0.9759731470957005,0.008534601124126318,0.008889037276188604,0.006603214503985043
15.100000000000001,0.97554118311131,0.008683887504243416,0.009046537733523456,0.006728391650923634
15.200000000000001,0.9751017630001018,0.00883568809361643,0.009206764396995519,0.006855784509286827
15.3,0.9746547646874758,0.008990041766914394,0.009369762127778035,0.006985431417832359
15.4,0.9742000643392112,0.009146987873108603,0.009535576441992637,0.007117371345688099
15.5,0.9737375363447984,0.00930656623650335,0.009704253517163029,0.00725164390153575
15.600000000000001,0.9732670533009589,0.009468817157546624,0.009875840198610814,0.007388289342884236
15.700000000000001,0.9727884859953713,0.009633781413410392,0.010050384005786974,0.007527348585431897
15.8,0.9723017033906218,0.009801500258329793,0.010227933138532267,0.007668863212516602
15.9,0.9718065726083982,0.009972015423690148,0.010408536483259465,0.007812875484652674
16.0,0.9713029589139464,0.010145369117850436,0.01059224361905019,0.00795942834915354
16.1,0.9707907257008115,0.010321604025691464,0.010779104823658776,0.008108565449838836
16.2,0.970269734475884,0.010500763307876653,0.010969171079415268,0.00826033113682461
16.3,0.9697398448447728,0.010682890599813007,0.011162494079019512,0.008414770476395212
16.400000000000002,0.9692009144975282,0.010868030010299363,0.011359126231217764,0.008571929260955189
16.5,0.9686527991947389,0.011056226119848836,0.0115591206663532,0.0087318540190596
16.6,0.9680953527540266,0.01124752397867185,0.011762531241781213,0.008894592025520875
16.7,0.9675284270369645,0.011441969104305741,0.011969412547140063,0.009060191311590205
16.8,0.9669518719364449,0.011639607478876766,0.012179819909467303,0.009228700675211539
16.900000000000002,0.9663655353645234,0.01184048554597962,0.01239380939815176,0.009400169691345751
17.0,0.9657692632407674,0.012044650207159502,0.012611437829710814,0.009574648722362812
17.1,0.9651628994811379,0.012252148817981182,0.01283276277238217,0.009752188928499328
17.2,0.9645462859874337,0.012463029183669103,0.013057842550518934,0.009932842278378776
17.3,0.9639192626373297,0.012677339554302388,0.013286736248776685,0.010116661559591724
17.400000000000002,0.9632816672750394,0.012895128619547853,0.013519503716080435,0.010303700389332876
17.5,0.9626333357026351,0.013116445502914105,0.013756205569359447,0.010494013225091933
17.6,0.9619741016720593,0.013341339755509154,0.013996903197037168,0.010687655375394893
17.7,0.9613037968778617,0.01356986134928354,0.014241658762263127,0.01088468301059218
17.8,0.960622250950696,0.013802060669740879,0.014490535205873584,0.011085153173690106
17.900000000000002,0.9599292914516154,0.014037988508096849,0.014743596249066756,0.011289123791221538
18.0,0.9592247438672024,0.014277696052867717,0.015000906395778548,0.011496653684151897
18.1,0.9585084316055716,0.01452123488086879,0.015262530934743973,0.011707802578816092
18.2,0.9577801759932869,0.014768656947602807,0.015528535941228966,0.011922631117881834
18.3,0.9570397962732303,0.015020014577018135,0.01579898827841722,0.012141200871334808
18.400000000000002,0.9562871096034684,0.015275360450615845,0.016073955598435677,0.012363574347480522
18.5,0.9555219310571554,0.015534747595884772,0.016353506343002356,0.012589815003957882
18.6,0.954744073623519,0.015798229374043002,0.016637709743679438,0.012819987258758986
18.7,0.953953348209973,0.016065859467063875,0.016926635821714015,0.013054156501249458
18.8,0.9531495636454035,0.0163376918639645,0.017220355387448805,0.013292389103183585
18.900000000000002,0.9523325266846744,0.016613780846333966,0.017518940039284073,0.013534752429707914
19.0,0.9515020420144026,0.0168941809730786,0.017822462162172092,0.013781314850347077
19.1,0.9506579122600497,0.017178947064360874,0.01813099492562464,0.0140321457499651
19.200000000000003,0.9497999379943832,0.017468134184708443,0.018444612281213465,0.014287315539695172
19.3,0.9489279177473565,0.017761797625269506,0.018763388959543548,0.014546895667830784
19.400000000000002,0.9480416480174613,0.018059992885190362,0.019087400466678103,0.014810958630670654
19.5,0.9471409232846064,0.018362775652090615,0.019416723079993804,0.015079577983309505
19.6,0.9462255360245774,0.01867020178161161,0.019751433843444535,0.015352828350366832
19.700000000000003,0.9452952767251316,0.018982327276012925,0.020091610562210958,0.015630785436644905
19.8,0.9443499339037876,0.019299208261792093,0.02043733179671313,0.01591352603770754
19.900000000000002,0.9433892941273652,0.019620900966302153,0.02078867685596268,0.016201128050370415
20.0,0.942413142033335,0.019947461693341502,0.021145725790230423,0.016493670483093453
20.1,0.9414212603530386,0.020278946797690777,0.021508559383005187,0.016791233466265765
20.200000000000003,0.9404134299368382,0.020615412658570767,0.02187725914221862,0.017093898262372738
20.3,0.9393894297812586,0.020956915651995943,0.022251907290710703,0.017401747276035086
20.400000000000002,0.9383490370581837,0.021303512121997725,0.022632586755909945,0.01771486406390895
20.5,0.9372920271461713,0.021655258350691653,0.023019381158701623,0.018033333344435746
20.6,0.9362181736639492,0.022012210527163095,0.023412374801457518,0.01835724100743047
20.700000000000003,0.9351272485061594,0.022374424715145485,0.023811652655199283,0.018686674123496227
20.8,0.9340190218814135,0.022741956819466006,0.024217300345867943,0.019021720953252903
20.900000000000002,0.9328932623527288,0.023114862551233278,0.024629404139671084,0.019362470956367155
21.0,0.9317497368804092,0.023493197391741907,0.025048050927478787,0.01970901480037049
21.1,0.9305882108674391,0.023877016555069453,0.02547332820823954,0.020061444369252182
21.200000000000003,0.9294084482074605,0.024266374949341047,0.025905324071386057,0.020419852771812762
21.3,0.928210211335397,0.024661327136637917,0.026344127178201424,0.020784334349763955
21.400000000000002,0.9269932612807988,0.02506192729152624,0.026789826742115056,0.02115498468556025
21.5,0.925757357723973,0.025468229158183062,0.02724251250789761,0.021531900609946662
21.6,0.9245022590549714,0.025880286006097313,0.027702274729724228,0.02191518020920745
21.700000000000003,0.9232277224355032,0.02629815058432365,0.028169204148074275,0.02230492283209923
21.8,0.9219335038638431,0.026721875074268556,0.028643391965436374,0.02270122909645235
21.900000000000002,0.920619358242802,0.02715151104098829,0.029124929820786717,0.02310420089542336
22.0,0.9192850394508316,0.027587109382979303,0.02961390976280841,0.023513941403381047
22.1,0.9179303004163287,0.02802872028044317,0.03011042422181999,0.023930555081408504
22.200000000000003,0.9165548931952094,0.028476393142008317,0.030614565980380197,0.024354147682402422
22.3,0.9151585690518192,0.02893017654989295,0.031126428142536938,0.024784826255751218
22.400000000000002,0.913741078543246,0.02939011820349411,0.03164610410168761,0.025222699151572582
22.5,0.9123021716071024,0.029856264861389356,0.03217368750701806,0.025667876024490575
22.6,0.9108415976528406,0.03032866228173943,0.03270927222848793,0.026120467836932466
22.700000000000003,0.9093591056566658,0.030807355161081004,0.033252952320329425,0.026580586861924237
22.8,0.9078544442601078,0.03129238707150122,0.03380482198302741,0.027048346685364023
22.900000000000002,0.9063273618723132,0.03178380039618685,0.034364975523748495,0.027523862207751798
23.0,0.9047776067761175,0.03228163626334289,0.03493350731518687,0.028007249645353116
23.1,0.9032049272379519,0.03278593447847801,0.03551051175279564,0.028498626530774875
23.200000000000003,0.9016090716216437,0.03329673345505539,0.036096083210371645,0.028998111712929677
23.3,0.8999897885061603,0.033814070143510906,0.036690315993963406,0.029505825356365874
23.400000000000002,0.8983468268073476,0.034337979958642115,0.03729330429407144,0.03002188893993935
23.5,0.8966799359037126,0.03486849670537436,0.03790514213611086,0.030546425254802605
23.6,0.8949888657662927,0.03540565250291334,0.03852592332910748,0.031079558401687028
23.700000000000003,0.8932733670926541,0.035949477707295424,0.039155741412598304,0.03162141378745269
23.8,0.8915331914450598,0.03650000083235095,0.039794689601709114,0.03217211812088071
23.900000000000002,0.8897680913928382,0.03705724846909812,0.04044286073038212,0.03273179940768219
24.0,0.8879778206589873,0.03762124520358843,0.04110034719272754,0.03330058694469728
24.1,0.8861621342710391,0.03819201353322845,0.04176724088247486,0.033878611313258256
24.200000000000003,0.8843207887162065,0.038769573781605504,0.04244363313049951,0.0344660043716892
24.3,0.882453542100833,0.039353944011849204,0.04312961464040302,0.035062899246915434
24.400000000000002,0.8805601543141559,0.039945139938564286,0.04382527542212558,0.03566943032515492
24.5,0.878640387196392,0.04054317483837383,0.04453070472357115,0.036285733241663704
24.6,0.8766940047111482,0.04114805945911705,0.04524599096022784,0.03691194486950762
24.700000000000003,0.8747207731221539,0.04175980192774882,0.045971221642766597,0.03754820330733137
24.8,0.8727204611743057,0.042378407656993716,0.0467064833026044,0.03819464786609685
24.900000000000002,0.8706928402790083,0.043003879250811214,0.04745186141541938,0.03885141905476175
25.0,0.868637684703791,0.043636216408733365,0.04820744032260708,0.039518658564869164
25.1,0.8665547717661685,0.04427541582914187,0.04897330315067048,0.04019650925401976
25.200000000000003,0.8644438820317116,0.04492147111155538,0.04974953172853707,0.04088511512819654
25.3,0.8623047995162828,0.04557437265800401,0.050536206502800274,0.041584621322913504
25.400000000000002,0.8601373118923851,0.04623410757357275,0.051333406450884224,0.04229517408315859
25.5,0.8579412106995649,0.04690065956620078,0.05214120899213352,0.04301692074210146
25.6,0.8557162915587999,0.047574008845829935,0.052959689896833556,0.04375000969853724
25.700000000000003,0.8534623543907958,0.04825413202300007,0.05378892319316837,0.04449459039303645
25.8,0.8511792036381043,0.04894100200699608,0.05462898107212786,0.04525081328277245
25.900000000000002,0.8488666484909687,0.049634587903656296,0.05547993379037829,0.04601882981499741
26.0,0.8465245031167913,0.050334854912958034,0.056341849571113795,0.04679879239913763
26.1,0.8441525868931065,0.05104176422650285,0.05721479450291078,0.0475908543774806
26.200000000000003,0.8417507246439373,0.05175527292502891,0.058098832436609786,0.04839516999442464
26.3,0.8393187468793966,0.05247533387608542,0.0589940248802544,0.049211894364264215
26.400000000000002,0.8368564900383879,0.05320189563200927,0.0599004308921203,0.05004118343748313
26.5,0.8343637967342502,0.05393490232835062,0.060818106971871254,0.050883193965528574
26.6,0.8318405160031747,0.054674293582900955,0.06174710694988479,0.0517380834640403
26.700000000000003,0.8292865035552173,0.05542000439548237,0.06268748187479267,0.0526060101745084
26.8,0.8267016220277132,0.056171965048664334,0.06363927989928789,0.053487133024335304
26.900000000000002,0.8240857412408902,0.056930101009579716,0.06460254616425355,0.05438161158527738
27.0,0.8214387384554666,0.057694332833017926,0.06557732268127399,0.055289606030242355
27.1,0.8187604986320054,0.05846457606598031,0.06656364821359449,0.05621127708842058
27.200000000000003,0.8160509146917861,0.059240741153887375,0.06756155815559964,0.057146785998727564
27.3,0.8133098877789405,0.06002273334863508,0.0685710844108873,0.05809629446153783
27.400000000000002,0.8105373275235888,0.06081045261870221,0.06959225526901962,0.059059964588690214
27.5,0.8077331523057004,0.06160379356151664,0.07062509528103796,0.06003795885174582
27.6,0.804897289519388,0.062402645318294925,0.0716696251338356,0.0610304400284823
27.700000000000003,0.8020296758373342,0.06320689149157319,0.07272586152348588,0.06203757114760758
27.8,0.7991302574750356,0.06401641006565434,0.07379381702763135,0.06305951543167954
27.900000000000002,0.7961989904545381,0.06483107333020037,0.07487349997704416,0.06409643623821824
28.0,0.7932358408673247,0.06565074780720304,0.075964914326474,0.06514849699899919
28.1,0.7902407851360033,0.06647529418157169,0.07706805952490733,0.06621586115751858
28.200000000000003,0.7872138102744336,0.06730456723557954,0.07818293038536582,0.06729869210462187
28.3,0.7841549141459163,0.06813841578741443,0.07930951695437989,0.0683971531122902
28.400000000000002,0.7810641057190586,0.06897668263408309,0.08044780438127877,0.06951140726558033
28.5,0.777941405320921,0.0698192044989199,0.0815977727874442,0.07064161739271564
28.6,0.7747868448870338,0.07066581198395533,0.08275939713568282,0.0717879459933289
28.700000000000003,0.7716004682078674,0.07151632952739893,0.08393264709987636,0.07295055516485811
28.8,0.7683823311713278,0.07237057536649513,0.0851174869350771,0.07412960652710078
28.900000000000002,0.765132502000837,0.07322836150600961,0.0863138753482211,0.07532526114493303
29.0,0.7618510614885564,0.07408949369260458,0.08752176536963728,0.07653767944920252
29.1,0.7585381032232922,0.07495377139536163,0.08874110422553882,0.07776702115580814
29.200000000000003,0.7551937338126264,0.07582098779270863,0.08997183321168606,0.07901344518297962
29.3,0.7518180730987998,0.07669092976600665,0.0912138875684189,0.08027710956677546
29.400000000000002,0.7484112543678711,0.07756337790005008,0.09246719635726078,0.08155817137481874
29.5,0.7449734245516766,0.07843810649072928,0.09373168233930156,0.08285678661829333
29.6,0.741504744422096,0.07931488356010329,0.09500726185557395,0.08417311016222748
29.700000000000003,0.7380053887771448,0.08019347087912287,0.09629384470964064,0.08550729563409243
29.8,0.7344755466183938,0.0810736239982413,0.09759133405261651,0.08685949533074916
29.900000000000002,0.7309154213192265,0.0819550922861423,0.09889962627085386,0.08822986012377813
30.0,0.7273252307834402,0.08283761897680796,0.10021861087652256,0.08961853936322997
30.1,0.7237052075936952,0.0837209412251425,0.101548170401323,0.09102568077984009
30.200000000000003,0.720055599149322,0.0846047901713569,0.10288818029357077,0.09245143038575103
30.3,0.7163766677929984,0.08548889101431184,0.1042385088188983,0.09389593237379222
30.400000000000002,0.7126686909258078,0.08637296309400447,0.1055990169648197,0.09535932901536881
30.5,0.7089319611102052,0.08725671998337281,0.1069695583494081,0.09684176055701463
30.6,0.705166786160412,0.08813986958958064,0.10834997913433853,0.09834336511566963
30.700000000000003,0.7013734892197794,0.08902211426493009,0.1097401179425483,0.09986427857274299
30.8,0.697552408824663,0.08990315092753683,0.11113980578077144,0.10140463446702949
30.900000000000002,0.6937038989543636,0.09078267119188639,0.11254886596720215,0.1029645638865486
31.0,0.6898283290667047,0.09166036150937383,0.11396711406454306,0.1045441953593792
31.1,0.6859260841188236,0.09253590331891297,0.1153943578186954,0.10614365474356875
31.200000000000003,0.6819975645727787,0.09340897320768175,0.1168303971033445,0.10776306511619574
31.3,0.6780431863855804,0.09427924308205325,0.1182750238706956,0.10940254666167153
31.400000000000002,0.6740633809832797,0.09514638034874068,0.11972802210861128,0.1110622165593691
31.5,0.670058595218768,0.09601004810616454,0.12118916780439863,0.11274218887066956
31.6,0.6660292913129541,0.09686990534602974,0.12265822891549368,0.11444257442552323
31.700000000000003,0.6619759467790192,0.09772560716507651,0.12413496534728287,0.11616348070862215
31.8,0.6578990543294648,0.09857680498694803,0.1256191289383004,0.11790501174528739
31.900000000000002,0.6537991217656988,0.09942314679409306,0.1271104634530325,0.11966726798717636
32.0,0.6496766718499308,0.10026427736959778,0.12860870458255416,0.12145034619791788
32.1,0.645532242159176,0.10109983854881743,0.13011357995321857,0.12325433933878863
32.2,0.6413663849211957,0.10192946948065146,0.13162480914360938,0.12507933645454417
32.300000000000004,0.637179666832234,0.10275280689828205,0.13314210370996052,0.12692542255952405
32.4,0.632972668856444,0.1035694853991687,0.13466516722023705,0.1287926785241509
32.5,0.6287459860069233,0.10437913773406605,0.13619369529706313,0.1306811809619481
32.6,0.6245002271083266,0.10518139510480445,0.13772737566966922,0.13259100211720037
32.7,0.6202360145410394,0.10597588747054809,0.1392658882350246,0.1345222097533886
32.800000000000004,0.6159539839669513,0.10676224386221697,0.14080890512830443,0.13647486704252798
32.9,0.6116547840368936,0.1075400927047332,0.14235609080283104,0.13844903245554288
33.0,0.607339076079845,0.10830906214672588,0.14390710211961505,0.1404447596538147
33.1,0.6030075337740558,0.10906878039730111,0.14546158844660667,0.14246209738203713
33.2,0.598660842800265,0.10981887606946,0.14701919176775569,0.14450108936252004
33.300000000000004,0.5942997004772413,0.1105589785297196,0.14857954680196025,0.1465617741910795
33.4,0.5899248153799064,0.11128871825346803,0.15014228113197042,0.1486441852346558
33.5,0.5855369069403424,0.11200772718556055,0.151707015343296,0.15074835053080168
33.6,0.5811367050320327,0.11271563910563845,0.15327336317314857,0.15287429268918087
33.7,0.5767249495377117,0.1134120899976316,0.1548409316694344,0.15502202879522298
33.800000000000004,0.5723023899012513,0.1140967184228819,0.15640932135979213,0.15719157031607534
33.9,0.5678697846640477,0.11476916589630455,0.15797812643065298,0.15938292300899543
34.0,0.5634279009864065,0.11542907726498464,0.1595469349162824,0.16159608683232718
34.1,0.5589775141544736,0.11607610108858661,0.1611153288977398,0.16383105585920066
34.2,0.554519407073285,0.11670989002093901,0.16268288471167738,0.16608781819409935
34.300000000000004,0.5500543697465543,0.11733010119213894,0.16424917316887522,0.1683663558924322
34.4,0.5455831987438523,0.11793639659050752,0.16581375978239107,0.17066664488324979
34.5,0.5411066966558606,0.11852844344371502,0.16737620500518338,0.1729886548952416
34.6,0.5366256715384292,0.11910591459838198,0.1689360644770427,0.17533234938614672
34.7,0.5321409363461823,0.11966848889745521,0.1704928892806501,0.177697685475713
34.800000000000004,0.5276533083564643,0.1202158515546486,0.172046226206556,0.1800846138823317
34.9,0.5231636085844366,0.12074769452523365,0.1735956180268553,0.18249307886347507
35.0,0.518672661190166,0.12126371687246129,0.1751406037773128,0.18492301816006054
35.1,0.5141812928785762,0.12176362512889415,0.17668071904767135,0.18737436294485896
35.2,0.5096903322931464,0.12224713365193009,0.17821549627985825,0.18984703777506587
35.300000000000004,0.5052006094042746,0.12271396497279921,0.17974446507378178,0.19234096054914507
35.4,0.500712954893234,0.12316385013832187,0.1812671525003924,0.1948560424680524
35.5,0.4962281995326707,0.12359652904472218,0.18278308342166422,0.19739218800094352
35.6,0.4917471735646096,0.12401175076279956,0.1842917808171312,0.19994929485546023
35.7,0.48727070607693646,0.12440927385377355,0.18579276611659887,0.20252725395269175
35.800000000000004,0.4827996243793464,0.12478886667512888,0.1872855595386304,0.2051259494068949
35.9,0.47833475337974884,0.12515030767580423,0.18876968043439227,0.2077452585100553
36.0,0.47387691496212164,0.1254933856800854,0.1902446476364278,0.21038505172136582
36.1,0.4694269273668189,0.12581790015958286,0.19170997981191026,0.21304519266168861
36.2,0.46498560457432053,0.12612366149269644,0.1931651958199167,0.21572553811306694
36.300000000000004,0.46055375569342266,0.12641049121099193,0.1946098150722459,0.2184259380233401
36.4,0.45613218435485275,0.12667822223194178,0.1960433578972944,0.22114623551591162
36.5,0.45172168811128544,0.12692669907750803,0.19746534590649303,0.22388626690471405
36.6,0.4473230578447289,0.12715577807807577,0.1988753023627934,0.22664586171440243
36.7,0.44293707718222697,0.1273653275612759,0.20027275255068938,0.2294248427058083
36.800000000000004,0.4385645219208141,0.12755522802526878,0.20165722414724588,0.23222302590667177
36.9,0.4342061594626373,0.1277253722960939,0.20302824759360363,0.23504022064766567
37.0,0.4298627482611342,0.12787566566872652,0.20438535646642197,0.23787622960371782
37.1,0.42553503727913916,0.12800602603151837,0.20572808784871638,0.2407308488406266
37.2,0.4212237654597522,0.1281163839737379,0.20705598269954725,0.24360386786696311
37.300000000000004,0.4169296612107855,0.1282066828759636,0.20836858622201168,0.24649506969123972
37.4,0.4126534419035659,0.12827687898312382,0.2096654482289912,0.24940423088431962
37.5,0.40839581338683817,0.12832694146001705,0.21094612350610975,0.2523311216470356
37.6,0.40415746951648407,0.12835685242918707,0.21221017217135638,0.25527550588297304
37.7,0.3999390917017248,0.12836660699106914,0.21345716003083373,0.2582371412763729
37.800000000000004,0.3957413484684462,0.1283562132263649,0.21468665893009556,0.2612157793750938
37.9,0.39156489504023945,0.12832569218064513,0.2158982471005444,0.2642111656785715
38.0,0.3874103729377084,0.12827507783122177,0.21709150950036765,0.2672230397307026
38.1,0.383278409596558,0.12820441703637175,0.21826603814949838,0.27025113521757227
38.2,0.3791696180049228,0.12811376946703676,0.21942143245809892,0.2732951800699419
38.300000000000004,0.37508459636036123,0.1280032075211637,0.22055729954807493,0.2763548965704005
38.400000000000006,0.3710239277468884,0.12787281622089097,0.22167325456714124,0.2794300014650798
38.5,0.36698817983237675,0.12772269309282477,0.2227689209949736,0.28252020607982525
38.6,0.36297790458660456,0.127552948031689,0.22384393094099675,0.2856252164407101
38.7,0.3589936380201913,0.12736370314766896,0.22489792543337217,0.288744733398768
38.800000000000004,0.3550358999446019,0.127155092597806,0.22593055469877013,0.2918784527588224
38.900000000000006,0.35110519375336474,0.12692726240183552,0.2269414784325241,0.29502606541227605
39.0,0.3472020062245957,0.126680370242894,0.22793036605878728,0.29818725747372343
39.1,0.34332680734487364,0.1264145852535534,0.22889689698032964,0.3013617104212437
39.2,0.3394800501544735,0.12613008778767187,0.22984076081763385,0.3045491012402211
39.300000000000004,0.3356621706139067,0.12582706917857844,0.230761657636971,0.3077491025705442
39.400000000000006,0.3318735874916843,0.12550573148413693,0.23165929816715738,0.3109613828570218
39.5,0.32811470227317036,0.1251662872192594,0.23253340400471678,0.3141856065028538
39.6,0.32438589909034854,0.1248089590764628,0.23338370780719617,0.3174214340259929
39.7,0.32068754467229016,0.12443397963508453,0.23420995347440404,0.3206685222182217
39.800000000000004,0.31701998831606304,0.12404159105979093,0.23501189631736777,0.32392652430677865
39.900000000000006,0.3133835618777904,0.12363204478903128,0.235789303214827,0.32719509011835174
40.0,0.30977857978352674,0.12320560121410418,0.23654195275710665,0.3304738662452628
40.1,0.3062053390595834,0.12276252934951663,0.2372696353772372,0.33376249621366316
40.2,0.3026641193819064,0.12230310649532761,0.23797215346921294,0.33706062065355347
40.300000000000004,0.29915518314406914,0.12182761789217544,0.23864932149330653,0.34036787747044933
40.400000000000006,0.29567877554342176,0.12133635636969649,0.23930096606837944,0.34368390201850274
40.5,0.29223512468490487,0.12082962198904612,0.23992692605115434,0.34700832727489506
40.6,0.28882444170200944,0.12030772168023583,0.2405270526024394,0.3503407840153157
40.7,0.2854469208943455,0.1197709688750011,0.24110120924031717,0.3536809009903366
40.800000000000004,0.2821027398812515,0.11921968313591198,0.2416492718803365,0.3570283051025004
40.900000000000006,0.2787920597708645,0.11865418978243586,0.24217112886276687,0.36038262158393314
41.0,0.2755150253440479,0.11807481951465568,0.24266668096699898,0.3637434741742978
41.1,0.2722717652525581,0.11748190803533941,0.24313584141319705,0.3671104852989059
41.2,0.26906239223082157,0.11687579567104828,0.24357853585132935,0.3704832762468012
41.300000000000004,0.26588700332067444,0.11625682699295864,0.24399470233772627,0.3738614673486411
41.400000000000006,0.2627456801084131,0.11562535043806157,0.24438429129933356,0.3772446781541922
41.5,0.25963848897349406,0.11498171793138902,0.24474726548584988,0.38063252760926747
41.6,0.2565654813482135,0.11432628450989975,0.24508359990995549,0.3840246342319317
41.7,0.2535266939876976,0.11365940794864228,0.24539328177585754,0.387420616287803
41.800000000000004,0.25052214924952576,0.1129814483897921,0.24567631039639526,0.39082009196428735
41.900000000000006,0.24755185538231422,0.11229276797514227,0.24593269709896365,0.3942226795435803
42.0,0.2446158068225867,0.1115937304826055,0.2461624651205308,0.39762799757427747
42.1,0.24171398449925952,0.11088470096726341,0.24636564949203865,0.4010356650414389
42.2,0.2388463561450789,0.11016604540747806,0.24654229691248974,0.4044453015349538
42.300000000000004,0.23601287661434694,0.10943813035655475,0.2466924656130368,0.407856527416062
42.400000000000006,0.23321348820628654,0.10870132260042385,0.24681622521140237,0.4112689639818877
42.5,0.2304481209934019,0.10795598882178274,0.2469136565569679,0.41468223362784795
42.6,0.22771669315420062,0.1072024952711148,0.24698485156688016,0.41809596000780486
42.7,0.22501911130965935,0.10644120744497719,0.2470299130535333,0.4215097681918306
42.800000000000004,0.22235527086282061,0.1056724897719217,0.24704895454379158,0.4249232848214666
42.900000000000006,0.21972505634092976,0.10489670530638905,0.2470421000903253,0.4283361382623564
43.0,0.21712834173953072,0.10411421543088921,0.24700948407543838,0.4317479587541422
43.1,0.21456499086795627,0.10332537956675474,0.24695125100777127,0.4351583785575182
43.2,0.212034857695668,0.10253055489372855,0.24686755531226637,0.4385670320983376
43.300000000000004,0.20953778669891207,0.10173009607861994,0.24675856111378686,0.4419735561086816
43.400000000000006,0.2070736132071817,0.10092435501323882,0.24662444201478198,0.44537758976479797
43.5,0.20464216374899136,0.10011368056179121,0.24646538086739306,0.4487787748218248
43.6,0.20224325639648746,0.09929841831789428,0.24628156954039476,0.4521767557452239
43.7,0.199876701108443,0.0984789103713455,0.24607320868136653,0.4555711798388454
