timestamp,value1,value2,value3,value4
0.0,0.9990000000000001,0.0,0.001,0.0
1.0,0.9985224801530457,0.0004053611504495703,0.0009356909778075891,0.00013646771869705289
2.0,0.9980477175694438,0.0006949317606216137,0.0009854016923071102,0.000271948977627223
3.0,0.99752858713222,0.000941756624383794,0.0011097288823383438,0.00041992736105774404
4.0,0.9969332419244791,0.0011843174389477172,0.0012929245279630498,0.0005895161086100709
5.0,0.9962339569706635,0.001447704949212801,0.0015296821972086091,0.0007886558829149778
6.0,0.9954036754491385,0.0017487412023322185,0.001822471965517138,0.0010251113830118564
7.0,0.9944144468901459,0.0021010149754991363,0.002177611100158613,0.0013069270341961848
8.0,0.9932330991846653,0.002518263039574838,0.0026049549387930607,0.001643682836966723
9.0,0.9918202790393733,0.003015153452578652,0.0031177613532256225,0.0020468061548223025
10.0,0.9901351543333905,0.0036061983688641247,0.003730416752280602,0.0025282305454645717
11.0,0.9881211156321525,0.004311335391000116,0.004462993696912446,0.00310455527993487
12.0,0.9857167707736949,0.005151364582178959,0.00533790012287378,0.003793964521252257
13.0,0.9828487720926002,0.0061507237142991115,0.006382089787849043,0.004618414405251479
14.0,0.9794338028229699,0.007336838584667591,0.007626307142629943,0.005603051449732445
15.0,0.9753686034164218,0.008743473551770659,0.009108314933448604,0.00677960809835874
16.0,0.970541587004195,0.01040674631521218,0.010868938973035189,0.00818272770755737
17.0,0.9648152457217223,0.012369963091332013,0.01295857786756492,0.009856213319380549
18.0,0.958036070800315,0.014680028567665154,0.015433759684758136,0.011850140947261497
19.0,0.9500298019483849,0.017388204928551927,0.018358873007030194,0.014223120116032646
20.0,0.940600841768206,0.02054930291471537,0.02180635031482068,0.017043505002257715
21.0,0.9295274655699065,0.024220929355853363,0.02585761032167723,0.020393994752562688
22.0,0.9165823527511223,0.028460855172755498,0.030595964625556332,0.024360827450565475
23.0,0.9015223862995791,0.033312834504692045,0.0361163327973264,0.02904844639840215
24.0,0.8840958357412291,0.0388150263422426,0.04251893065895307,0.03457020725757488
25.0,0.8640591139815058,0.04499588270332386,0.049887384811418925,0.04105761850375114
26.0,0.8411698216753873,0.051877124724868724,0.05829942065216628,0.048653632947577234
27.0,0.8152396073804797,0.059420409304840195,0.06783541469506774,0.057504568619611944
28.0,0.7861536627454064,0.06753304014354237,0.07853843838826353,0.0677748587227872
29.0,0.7538781589135551,0.07607832923026728,0.09040523771050368,0.07963827414567354
30.0,0.7184875112128432,0.08488567326663223,0.1033899040137162,0.09323691150680789
31.0,0.6802265947344537,0.0936716957995685,0.11737158142286168,0.10873012804311558
32.0,0.6394245167812974,0.10218112164742921,0.13218427028336996,0.12621009128790298
33.0,0.5966059645583696,0.11001283922460904,0.1475673176056855,0.14581387861133535
34.0,0.5524500365377989,0.11679041709822269,0.16318873466104228,0.1675708117029357
35.0,0.5076864512688004,0.12217749496434911,0.17865471109944953,0.19148134266740044
36.0,0.4634223735672179,0.1258184337373288,0.19331745227959068,0.2174417404158622
37.0,0.4195738287519361,0.12773365404443848,0.20722681617339095,0.24546570103023402
38.0,0.3778306819373603,0.12759653215179959,0.21935982418967712,0.27521296172116255
39.0,0.3384941099986726,0.12553612765882988,0.229498668223353,0.306471094119144
40.0,0.3020392948128494,0.12167223673375724,0.2373602687635631,0.33892819968982985
41.0,0.26878711548585277,0.1162459772340279,0.24273728300996902,0.37222962427014983
42.0,0.23889380473279728,0.1095628893248722,0.24553488009039148,0.40600842585193864
43.0,0.21234745890734338,0.10199199659257985,0.24576694094171084,0.4398936035583655
44.0,0.18904142465764256,0.09386749830294135,0.24353644448683173,0.47355463255258395
45.0,0.16881454761381134,0.08548819097394887,0.2390030275703083,0.5066942338419311
46.0,0.15139815934943623,0.07717673709987802,0.23244065629057598,0.5389844472601093
47.0,0.13649103955860234,0.06921114052949079,0.22418653958353674,0.5701112803283697
48.0,0.12381745083903588,0.06171285079486896,0.21458561684343588,0.5998840815226588
49.0,0.11310593526934848,0.054738840813190075,0.20402330451825745,0.6281319193992034
50.0,0.10409851808060616,0.0483466600778183,0.19281784607224872,0.6547369757693262
51.0,0.0965542613727355,0.04258246592538737,0.18123097465806826,0.6796322980438084
52.0,0.09026671989108304,0.03744664167016961,0.16949231698028766,0.7027943214584592
53.0,0.08505671583258342,0.03290999944452225,0.1578110410540404,0.7242222436688535
54.0,0.08076930371510789,0.02892426034248985,0.14636880450492948,0.7439376314374723
55.0,0.0772744843006533,0.025438691479141854,0.13529681128168883,0.7619900129385155
56.0,0.07446062134716062,0.022403777895756566,0.12469073602209488,0.7784448647349874
57.0,0.07223150993051367,0.019769856834714373,0.1146202783226932,0.7933783549120783
58.0,0.07050794251756269,0.01748720009068892,0.10512974531160209,0.8068751120801458
59.0,0.06922321944665182,0.015510033352245477,0.09624302987161017,0.819023717329492
60.0,0.06831930516126927,0.013796415011965166,0.08796978716902339,0.8299144926577416
61.0,0.06774819128707109,0.0123099602690863,0.08030332877372215,0.8396385196701199
62.0,0.06746926421576177,0.011018946685302882,0.07322736127584946,0.8482844278230853
63.0,0.06744698582379113,0.009895055347310182,0.06671983857114779,0.8559381202577504
64.0,0.06765146085676849,0.008913978157936243,0.06075293036711597,0.8626816306181788
65.0,0.06805726247691103,0.008055263371035161,0.05529547654724745,0.8685919976048059
66.0,0.06864190248275602,0.0073010670334630575,0.0503149313457821,0.8737420991379983
67.0,0.06938604115379829,0.00663637876249263,0.045777670126936204,0.8781999099567724
68.0,0.07027309822366067,0.006048707682283732,0.041650440338791395,0.8820277537552639
69.0,0.07128831823048283,0.005527232685010912,0.037900905486297584,0.8852835435982083
70.0,0.0724186326148599,0.005062692797796255,0.0344977331426896,0.8880209414446539
71.0,0.07365285077562336,0.00464766057439154,0.031411455268315104,0.8902880333816696
72.0,0.0749806980030963,0.004275519601079789,0.028613963276266835,0.8921298191195568
73.0,0.07639119339516727,0.003939638308845347,0.026073026714956003,0.8935961415810311
74.0,0.07788257685772998,0.0036389917292713276,0.023783325484719182,0.8946951059282793
75.0,0.07944005783266751,0.003365121337515853,0.0216994353019356,0.8954953855278808
76.0,0.08106066994585723,0.0031165521095167944,0.01981121164086347,0.8960115663037623
77.0,0.08273903131654867,0.002890620512406136,0.018101287290197075,0.8962690608808479
78.0,0.08447337406965519,0.0026863064690433557,0.016564044991781914,0.8962762744695193
79.0,0.08624856236447019,0.0024968471820111353,0.015150253540946939,0.8961043369125715
80.0,0.088070926541673,0.0023250897717316753,0.013880525618730207,0.8957234580678649
81.0,0.08993449676993792,0.0021685914332059014,0.012735713597886118,0.8951611981989698
82.0,0.09183352029375257,0.002024968444470778,0.011697330339310641,0.8944441809224658
83.0,0.09376311984632936,0.0018922467691005326,0.010749670406083251,0.8935949629784866
84.0,0.0957218761922338,0.0017702613111565918,0.009888146809899979,0.8926197156867095
85.0,0.09770710198082022,0.0016581836073928762,0.0091040952501436,0.8915306191616431
86.0,0.09971619637685673,0.0015550447657520705,0.008389282734522312,0.8903394761228688
87.0,0.10174751852946823,0.0014599114855343147,0.007738947669825988,0.8890536223151714
88.0,0.10379893075528102,0.0013718320460072478,0.007146531867028015,0.8876827053316836
89.0,0.10586645064226019,0.0012891960402310668,0.006600702764721119,0.8862436505527874
90.0,0.10795443620207433,0.001213793133029854,0.006114044124752195,0.8847177265401435
91.0,0.11005550729663754,0.0011426848269566407,0.0056658311564059104,0.8831359767199998
92.0,0.11216917967301757,0.0010761082654332042,0.00525454085928877,0.8815001712022603
93.0,0.11429504788894952,0.0010142078725555554,0.004878937155854059,0.8798118070826406
94.0,0.11643146920467586,0.0009566949920880657,0.004534642395728294,0.8780771934075076
95.0,0.11857762642224727,0.0009034032553798619,0.004219515076121782,0.876299455246251
96.0,0.12073204867594461,0.000853879546599045,0.003929945030764297,0.8744841267466918
97.0,0.12289415691695722,0.0008079417541678094,0.0036645426413077402,0.8726333586875671
98.0,0.12506280612587883,0.0007652164895894371,0.0034206501408808837,0.8707513272436506
99.0,0.1272371392087363,0.0007253714234810836,0.0031963365364453804,0.868841152831337
100.0,0.1294164247233911,0.0006881651035875793,0.0029899691633854322,0.8669054410096356
101.0,0.13160007739387353,0.000653433779661061,0.0028002698372975553,0.8649462189891676
102.0,0.13378747688499346,0.0006210212573391542,0.0026259594485837845,0.8629655424090834
103.0,0.13597779019320794,0.0005906997409975367,0.002465241732806215,0.8609662683329882
104.0,0.13817021088664191,0.0005622511101212258,0.002316377636485413,0.8589511603667512
105.0,0.14036436503493718,0.0005356451627290885,0.0021786388375568825,0.8569213509647766
106.0,0.14255983514512457,0.0005108327692254874,0.0020511952106150805,0.8548781368750347
107.0,0.14475609014289212,0.00048771544980771083,0.001932951197124476,0.8528232432101754
108.0,0.14695274779564232,0.00046598282578229214,0.001823276292345049,0.8507579930862302
109.0,0.14914960092710544,0.0004452684474000359,0.0017220254186126967,0.8486831052068817
110.0,0.15134611992116606,0.000425882420308014,0.0016279725063300735,0.8466000251521958
111.0,0.15354199419601242,0.0004077005593642586,0.001540603218541901,0.8445097020260813
112.0,0.15573688175296804,0.0003905985433867224,0.0014593564280819653,0.8424131632755633
113.0,0.15793051543804032,0.0003745208005329334,0.001383777396617555,0.8403111863648091
114.0,0.1601226286801355,0.00035940272038973385,0.0013134280064549468,0.8382045405930197
115.0,0.16231301536428275,0.0003451925617889378,0.001247982298651657,0.8360938097752765
116.0,0.16450144610212214,0.0003318336950004709,0.0011870940913170963,0.8339796261115602
117.0,0.1666876265273453,0.0003192524437348263,0.001130301662909976,0.8318628193660097
118.0,0.16887127508456817,0.0003073794728589739,0.0010771639266023193,0.8297441815159704
119.0,0.1710522614148324,0.0002961989448206301,0.0010274926261123808,0.8276240470142344
120.0,0.17323042352617177,0.00028568382941275404,0.000981046608467078,0.8255028460359483
121.0,0.17540556850878808,0.00027579615682305045,0.000937533019918574,0.8233811023144701
122.0,0.17757754645204962,0.00026649277479135055,0.0008967453146066255,0.8212592154585522
123.0,0.1797462435459371,0.0002577261800535558,0.0008585494077872969,0.8191374808662218
124.0,0.18191151288059812,0.00024945285868243093,0.0008227447767618482,0.8170162894839574
125.0,0.18407278068402153,0.00024146684358037875,0.0007886245752933245,0.8148971278971047
126.0,0.18623114540134586,0.00023416809450477994,0.0007575300446497291,0.8127771564594996
127.0,0.1883855261664863,0.00022715243775367537,0.0007281638844111623,0.8106591575113486
128.0,0.1905359220021907,0.00022042015126977238,0.0007005245519146571,0.8085431332946247
129.0,0.19268229531941605,0.00021398192584526146,0.0006745527101501833,0.8064291700445884
130.0,0.1948246202826282,0.00020784486488977557,0.0006502076821591588,0.8043173271703227
131.0,0.19696276853144573,0.00020204070303053392,0.000627288916344723,0.8022079018491789
132.0,0.19909668151674595,0.00019658045405438954,0.0006057079059320384,0.8001010301232674
133.0,0.2012262526149384,0.00019144940240402157,0.0005853333180383085,0.797996964664619
134.0,0.2033514397018209,0.0001866375479046339,0.0005661167771672425,0.7958958059731069
135.0,0.20547215398761084,0.00018209939128749938,0.0005479767960182187,0.7937977698250832
136.0,0.207588364437406,0.00017782011832123164,0.0005308843663784793,0.7917029310778939
137.0,0.20969998987543725,0.000173765553289795,0.0005147614062904549,0.7896114831649821
138.0,0.21180700221284604,0.0001699267653041936,0.0004995790086130246,0.7875234920132363
139.0,0.21390932597903686,0.00016628904343365068,0.00048525344571197785,0.7854391315318171
140.0,0.21600693351649694,0.00016284666795016395,0.00047175445579990954,0.7833584653597526
141.0,0.21809974628529472,0.00015958264276400594,0.0004589970703659672,0.781281674001575
142.0,0.22018775318319478,0.00015649456534455808,0.00044696927844455726,0.7792087829730158
143.0,0.22227093061627634,0.00015357897053461635,0.00043564572536837975,0.7771398446878204
144.0,0.22434919789079777,0.0001508240071245884,0.0004249396954536652,0.7750750384066237
145.0,0.2264225482840242,0.00014822868776974787,0.00041484396426712635,0.7730143790639387
146.0,0.22849095474746162,0.00014578930544488115,0.00040533024920985005,0.7709579256978834
147.0,0.230554354217538,0.00014349721721956354,0.0003963326093937754,0.7689058159558483
148.0,0.23261274411156624,0.0001413520691337423,0.00038784834429499853,0.7668580554750047
149.0,0.2346660953355515,0.0001393476957301726,0.00037984987244327136,0.7648147070962747
150.0,0.23671436172307886,0.00013747431364772626,0.0003722934275008885,0.7627758705357722
151.0,0.238757542675383,0.00013573179456033302,0.0003651784435830573,0.7607415470864733
152.0,0.24079560582761775,0.00013411012051706175,0.0003584780862781146,0.7587118059655867
153.0,0.24282852147622605,0.00013260009732071596,0.0003521677277081462,0.7566867106987448
154.0,0.24485628887368932,0.00013120150481507172,0.0003462467808484072,0.754666262840647
155.0,0.24687887401194333,0.0001299043270786761,0.0003406885392373059,0.7526505331217404
156.0,0.24889625847259395,0.00012870313959842487,0.0003354785389484279,0.7506395598488589
157.0,0.2509084395776674,0.00012759719935516453,0.0003306148119242006,0.7486333484110529
158.0,0.2529153783662361,0.00012657569641581586,0.00032606872556403154,0.7466319772117836
159.0,0.25491706200488357,0.00012563507007528458,0.0003218308485193596,0.7446354720765215
160.0,0.25691349049360973,0.00012477532033357063,0.0003179011807901848,0.7426438330052663
161.0,0.25890466317106114,0.00012399630446663636,0.00031427930408867334,0.7406570612203832
162.0,0.2608905437334269,0.0001232901878936156,0.0003109422572520782,0.7386752238214271
163.0,0.2628711113757357,0.00012265248077654925,0.0003078768817079307,0.7366983592617795
164.0,0.2648463660979877,0.00012208318311543733,0.0003050831774562309,0.7347264675414403
165.0,0.2668163079001827,0.0001215822949102798,0.00030256114449697885,0.7327595486604097
166.0,0.2687808800686719,0.00012128313925467138,0.0003001636006250245,0.7307976731914481
167.0,0.27074005528259887,0.0001211970286386866,0.0002978639641333979,0.7288408837246287
168.0,0.2726938724802506,0.00012115021156473237,0.00029583245550569794,0.7268891448526784
169.0,0.27464232277238393,0.00012113074213763325,0.0002940747454174505,0.7249424717400605
170.0,0.27658538699060947,0.00012116476784617226,0.00029255895625027384,0.7230008892852936
171.0,0.2785230487901092,0.00012126702453558888,0.000291265293432106,0.7210644188919226
172.0,0.28045526637452584,0.0001214430063021931,0.00029017853548604904,0.7191331120836852
173.0,0.2823819663310293,0.00012169700819797065,0.00028927987783655104,0.7172070567829346
174.0,0.2843032176691967,0.00012202539994741056,0.0002885863214833141,0.7152861706093698
175.0,0.2862190203890281,0.0001224281815505128,0.0002880978664263383,0.713370453562991
176.0,0.28812937449052345,0.00012290535300727738,0.0002878145126656235,0.711459905643798
177.0,0.2900342799736828,0.0001234569143177043,0.0002877362602011697,0.709554526851791
178.0,0.29193373683850604,0.0001240828654817936,0.00028786310903297706,0.7076543171869698
179.0,0.29382759825710425,0.00012479761603363408,0.00028818114783980245,0.7057594229790112
180.0,0.2957158271681293,0.00012560480313482362,0.0002886868652157193,0.7038698811635072
181.0,0.2975985323299268,0.0001264937533560862,0.00028939056555381254,0.7019855833511486
182.0,0.2994757137424968,0.00012746446669742185,0.00029029224885408214,0.7001065295419352
183.0,0.3013473714058393,0.00012851694315883054,0.00029139191511652813,0.698232719735867
184.0,0.30321350531995417,0.0001296511827403123,0.0002926895643411505,0.6963641539329442
185.0,0.30507411548484153,0.00013086718544186708,0.0002941851965279492,0.6945008321331664
186.0,0.3069288682791669,0.00013220165676315268,0.00029589925570303526,0.6926430308083434
187.0,0.30877792020670997,0.00013363737793293314,0.0002978221514504757,0.6907906202638822
188.0,0.31062133911280493,0.00013516688450984846,0.00029994972626702193,0.6889435442763929
189.0,0.3124591249974518,0.00013679017649389876,0.0003022819801526739,0.6871018028458757
190.0,0.31429127786065064,0.00013850725388508392,0.00030481891310743173,0.6852653959723305
191.0,0.3161177977024014,0.000140318116683404,0.0003075605251312954,0.6834343236557574
192.0,0.3179385961340212,0.00014223347496091214,0.00031052216116884783,0.6816086482298225
193.0,0.31975266266982016,0.0001443757694440814,0.0003138792491866892,0.6797890823115219
194.0,0.32156088941302224,0.0001466369038303784,0.00031747691331061786,0.677974996769809
195.0,0.32336327636362755,0.0001490168781198032,0.0003213151535406335,0.676166391604684
196.0,0.325159823521636,0.00015151569231235573,0.0003253939698767363,0.6743632668161463
197.0,0.3269505308870476,0.0001541333464080361,0.00032971336231892636,0.6725656224041965
198.0,0.3287353984598623,0.0001568698404068442,0.00033427333086720343,0.6707734583688345
199.0,0.33051442624008026,0.00015972517430878013,0.00033907387552156774,0.66898677471006
200.0,0.33228761422770137,0.00016269934811384383,0.00034411499628201914,0.6672055714278732
201.0,0.3340549624227256,0.0001657923618220353,0.0003493966931485577,0.6654298485222742
202.0,0.3358164708251531,0.00016900421543335456,0.00035491896612118335,0.6636596059932627
203.0,0.33757129713350037,0.0001724568923283299,0.000360861541309369,0.6618953844328321
204.0,0.3393197538474686,0.00017610513582546968,0.00036715773907809447,0.660136983277598
205.0,0.34106206692816754,0.0001799162218935493,0.00037375934496738347,0.6583842575049416
206.0,0.3427982363755972,0.0001838901505325688,0.00038066635897723595,0.656637207114863
207.0,0.3445282621897575,0.00018802692174252813,0.0003878787811076519,0.6548958321073621
208.0,0.34625214437064866,0.00019232653552342732,0.0003953966113586314,0.6531601324824392
209.0,0.347969549611145,0.0001968359904711165,0.00040329811675952193,0.6514303162815941
210.0,0.3496796036374325,0.00020167856520315097,0.0004117885938942656,0.6497069292034391
211.0,0.35138312973267893,0.00020673817113361649,0.00042067471977956267,0.6479894573763759
212.0,0.3530801278968843,0.0002120148082625131,0.00042995649441541307,0.6462779008004048
213.0,0.3547705981300486,0.0002175084765898408,0.0004396339178018169,0.6445722594755254
214.0,0.3564545404321718,0.00022321917611559954,0.00044970698993877404,0.6428725334017381
215.0,0.35813195480325394,0.00022914690683978938,0.0004601757108262845,0.6411787225790427
216.0,0.3598017816336302,0.0002354356754862544,0.0004712918459528454,0.6394914908448501
217.0,0.36146430401988866,0.00024204700768697213,0.0004829881309727286,0.6378106608412973
218.0,0.3631198142166827,0.00024894118444301335,0.0004951951255646696,0.6361360494730622
219.0,0.36476831222401235,0.0002561182057543781,0.0005079128297286683,0.6344676567401453
220.0,0.36640979804187757,0.00026357807162106654,0.0005211412434647246,0.632805482642546
221.0,0.36804319799519114,0.00027147954343528606,0.0005351407844059865,0.6311501816763445
222.0,0.36966858456034096,0.0002798119043122076,0.0005498938735570625,0.6295017096610316
223.0,0.3712863995034438,0.00028850983150705044,0.0005652933614759509,0.6278597973026702
224.0,0.3728966428244994,0.00029757332501981453,0.0005813392481626512,0.6262244446012604
225.0,0.374499314523508,0.0003070023848504999,0.0005980315336171636,0.6245956515568021
226.0,0.3760953884900868,0.00031665651046693723,0.0006151342818118647,0.6229728207162384
227.0,0.3776790950462558,0.0003273680783646013,0.0006340452639921537,0.6213594916098046
228.0,0.37925500110733307,0.0003384782315014365,0.0006536580920833786,0.6197528625673024
229.0,0.38082296225552514,0.00035000780465836733,0.0006740077529668827,0.6181530221848629
230.0,0.3823828340730387,0.00036197763261631847,0.0006951292335240101,0.616560059058617
231.0,0.38393384402018255,0.00037450227827741996,0.0007172125730376421,0.6149744411260749
232.0,0.38547536295370605,0.00038767490697907736,0.0007404124132626306,0.6133965497233976
233.0,0.38700762099217667,0.00040146046532264204,0.0007646712864749247,0.6118262472531377
234.0,0.38853037059866635,0.0004158951754888138,0.0007900496345981532,0.61026368458812
235.0,0.3900433642362473,0.00043101525965829213,0.0008166078995559445,0.6087090126011683
236.0,0.39154635436799123,0.0004468569400117767,0.0008444065232719269,0.6071623821651068
237.0,0.39303871027913273,0.0004635276367780776,0.0008736097596206238,0.605624152320631
238.0,0.39452028883113993,0.0004810441739334473,0.0009042497665277037,0.6040944172243625
239.0,0.39599086290339114,0.0004994389801167152,0.0009363814546558574,0.60257331665762
240.0,0.3974501505200472,0.0005187546765824042,0.0009700745962454165,0.6010610202027515
241.0,0.3988978697052686,0.0005390338845850379,0.001005398963536713,0.5995576974421051
242.0,0.4003335927312028,0.0005603357561792726,0.0010424594493925762,0.5980636120586079
243.0,0.401756295277575,0.000582787107322911,0.0010815047024759058,0.5965794129078613
244.0,0.4031661063906508,0.0006063839422521299,0.0011225054545274805,0.5951050042076572
245.0,0.40456267439125015,0.0006311767877863131,0.0011655482736085744,0.5936406005422935
246.0,0.4059456476001928,0.0006572161707448437,0.001210719727780462,0.5921864164960675
247.0,0.407314674338299,0.0006845526179471051,0.0012581063851044183,0.5907426666532768
248.0,0.4086686601567004,0.0007133403295021865,0.0013079793064003184,0.5893100202018543
249.0,0.4100067769794041,0.0007436963260910238,0.0013605433894938622,0.587888983299282
250.0,0.4113290659251195,0.0007756163091274412,0.00141578763739035,0.5864795301224314
251.0,0.41263506032784913,0.0008091668549032448,0.001473827179137688,0.5850819456319577
252.0,0.41392429352159565,0.0008444145397102405,0.0015347771437837824,0.5836965147885165
253.0,0.41519629884036174,0.000881425939840234,0.0015987526603765386,0.5823235225527624
254.0,0.4164486792752788,0.0009205653214313965,0.0016663340980052582,0.5809644212983488
255.0,0.4176815857793128,0.0009618040140206025,0.0017374877307778872,0.5796191224686578
256.0,0.4188946064336926,0.00100520015099891,0.0018123154928835173,0.5782878779148772
257.0,0.420087107486515,0.0010508460759859394,0.001890972783445791,0.5769710736461658
258.0,0.4212584551858773,0.001098834132601311,0.001973615001588351,0.575669095671682
259.0,0.4224074636255267,0.0011493376530404208,0.002060530424365055,0.5743826682884287
260.0,0.4235311638769592,0.0012027914986033434,0.002152436419547657,0.5731136081958408
261.0,0.4246302342564633,0.0012590955621317485,0.002249172632330341,0.5718614975395907
262.0,0.4257038117564698,0.0013183758138750293,0.0023509496330373966,0.5706268627866726
263.0,0.42675103336940967,0.0013807582240825784,0.002457977991993113,0.5694102304040813
264.0,0.42777103608771366,0.0014463687630037888,0.002570468279521782,0.5682121268588114
265.0,0.4287608709311037,0.0015156114225245787,0.0026891370225078717,0.5670343806123688
266.0,0.4297185827360222,0.001588757737116712,0.002814459695741945,0.5658781998190477
267.0,0.4306442843181232,0.001665803617816289,0.002946410181810606,0.5647435018695707
268.0,0.4315368073660596,0.00174691572622766,0.0030852731030372653,0.563631003791356
269.0,0.4323949835684848,0.0018322607239551756,0.0032313330817453317,0.5625414226118217
270.0,0.4332176446140517,0.0019220052726031849,0.0033848747402582167,0.561475475358386
271.0,0.4339988879641951,0.0020168970334286836,0.003547299153633102,0.5604369158333049
272.0,0.43473927164637155,0.002116890806163135,0.0037184838290323335,0.5594253537022247
273.0,0.43543765046073396,0.002222150416092979,0.0038987079384922656,0.5584414911676687
274.0,0.43609246106329375,0.0023328910045040743,0.004088349263209479,0.5574862986511426
275.0,0.4367021401100619,0.0024493277126822794,0.004287785584380553,0.5565607465741526
276.0,0.437263792304588,0.0025718195548844725,0.004497686484497111,0.5556667016364035
277.0,0.43777111511536376,0.0027010935833003567,0.004719467995815884,0.5548083232849689
278.0,0.43822525097425696,0.002837072670518111,0.0049529151239490025,0.5539847612097732
279.0,0.4386241486659389,0.002980024656025031,0.005198512531902159,0.5531973141236528
280.0,0.438965756975081,0.0031302173793084113,0.005456744882681051,0.5524472807394442
281.0,0.4392480246863546,0.0032879186798555468,0.005728096839291376,0.5517359597699838
282.0,0.439462174613565,0.0034539071953151065,0.00601434003740575,0.5510695781281723
283.0,0.4396115065330604,0.0036280443886430916,0.006314935261073757,0.5504455137906356
284.0,0.4396904937555375,0.003810862041254529,0.00663103218361697,0.5498676119919548
285.0,0.43969688037251975,0.004002643537884467,0.0069631546348010165,0.5493373214261076
286.0,0.43962831218936177,0.004203679727527832,0.007311845250838316,0.5488561628025337
287.0,0.4394823367252489,0.0044142689234394315,0.007677665474388073,0.5484257288461364
288.0,0.43925138840615013,0.004634631827299465,0.008061797247353569,0.5480521824873971
289.0,0.43893458468617885,0.00486511164954896,0.008464627674022361,0.5477356759574656
290.0,0.43852881842792873,0.005106022992274196,0.008886817786133908,0.5474783407599287
291.0,0.4380305127287509,0.005357681619706033,0.009329091993137308,0.5472827136237638
292.0,0.4374359329596948,0.005620409751937719,0.009792200642748048,0.5471514566101215
293.0,0.43674118676550944,0.005894536064924904,0.010276920020948013,0.5470873571123256
294.0,0.4359433068336374,0.006179919599754165,0.010783534268280789,0.5470932392613964
295.0,0.43504034704196853,0.0064759074867240096,0.011311789375039363,0.547171956059036
296.0,0.4340267933565989,0.0067833527617521625,0.01186308897658536,0.547326764867794
297.0,0.4328985993261679,0.007102400272515955,0.012438084968176194,0.5475609153961453
298.0,0.43165160146498666,0.007433183430399965,0.013037435713025883,0.5478777793552335
299.0,0.4302815192530373,0.007775824210496016,0.01366180604230506,0.5482808504588709
300.0,0.42878395513597356,0.008130433151603179,0.01431186725514098,0.5487737444235384
301.0,0.4271551848343875,0.008495939582443662,0.014988278548502201,0.5493605970022236
302.0,0.42539250705257503,0.008871227434016419,0.015690983456342962,0.5500452820249803
303.0,0.42349382516141165,0.009256950628013051,0.016418788648578358,0.5508304355299833
304.0,0.4214565915409425,0.009652747206771128,0.017171180873685743,0.5517194803465773
305.0,0.41927931248867617,0.010058011458832988,0.017947870146801607,0.5527148058736023
306.0,0.41695841108054404,0.010470800682529122,0.01874751013993823,0.5538232780648263
307.0,0.41449438641934677,0.010891723495873381,0.019570460343876783,0.5550434297087097
308.0,0.4118858573500989,0.011318176721112821,0.020414454186877592,0.5563815117096936
309.0,0.40913285853480136,0.01175022568860578,0.021279548551703987,0.5578373671926563
310.0,0.40623579184728353,0.012187664614924428,0.02216544489856768,0.5594110986069885
311.0,0.4031961979602681,0.012624411997025388,0.023065734615729423,0.5611136553947301
312.0,0.4000133906315526,0.01306492841201237,0.023985053151006533,0.5629366277731788
313.0,0.39669204527466345,0.013504636229176845,0.02491806130445197,0.5648852571594611
314.0,0.393231816418966,0.013942788896263261,0.025864050732585825,0.5669613439199426
315.0,0.3896345269602534,0.01437734693786628,0.02682062122083235,0.5691675048488078
316.0,0.3859097506355081,0.014805922028998594,0.027782964933877084,0.5715013623693828
317.0,0.3820575071592988,0.015226555851770678,0.028749241773963236,0.5739666951827392
318.0,0.3780809761451596,0.01563714970516183,0.029716634946807763,0.5765652391706455
319.0,0.3739938377659696,0.01603541626585609,0.030679816014426316,0.5792909299215272
320.0,0.36979750520880483,0.016419288563277016,0.031636390696588815,0.582146815499112
321.0,0.36549727786953,0.01678662981860295,0.0325830351652663,0.5851330571143855
322.0,0.3611088410812945,0.017135508955403354,0.03351403370644911,0.5882416162246401
323.0,0.35663519098547697,0.017463743576927062,0.03442659293264192,0.5914744724727428
324.0,0.35208512277195764,0.017769266141549597,0.0353165839328976,0.5948290271213854
325.0,0.3474724977059505,0.018051054146442664,0.03617952424813169,0.5982969238672663
326.0,0.342805234085498,0.01830704429126772,0.03701150551627964,0.601876216074746
327.0,0.3380930659145203,0.018535361486348996,0.03780833226900351,0.6055632402979183
328.0,0.3333474584587282,0.018734305476356204,0.038565531304883056,0.6093527047278234
329.0,0.32857897646154205,0.018902912252045413,0.03927954611198507,0.6132385651422178
330.0,0.32379604909894955,0.01904140593255627,0.039948471172001475,0.6172140737642813
331.0,0.31901385023858153,0.01914794962760025,0.040566772144344385,0.621271427957261
332.0,0.3142459040476449,0.019221716804685145,0.04113027680665442,0.6254021023088013
333.0,0.3095064909473493,0.019262010990755175,0.04163474457891723,0.6295967534507634
334.0,0.30479694939206403,0.01927022909439046,0.042081900292466855,0.6338509211888625
335.0,0.3001315748066741,0.019246149393916074,0.042468026270137696,0.6381542494970548
336.0,0.29552468858479886,0.019189784896546193,0.04278965815192111,0.6424958683345153
337.0,0.2909887618212058,0.019101652257818822,0.04304441135011882,0.6468651745386373
338.0,0.2865322193590262,0.018982864009938604,0.04323172135501874,0.651253195243797
339.0,0.2821540831336598,0.01883561725324703,0.04335491857961517,0.655655381001258
340.0,0.27786993534559584,0.018660825017864615,0.043411171796131784,0.6600580678081874
341.0,0.27368840325739907,0.018460261572056515,0.043400596503994075,0.6644507386343298
342.0,0.26961778604808107,0.018235957849688053,0.04332368808709033,0.6688225679829201
343.0,0.2656593573479521,0.01798810222072218,0.04318307745066182,0.6731694629484435
344.0,0.2618193895506846,0.01771880934855174,0.04298037903389104,0.6774814220346522
345.0,0.25810426518497914,0.017430587915833348,0.04271747228820061,0.6817476745787668
346.0,0.2545184582270985,0.017125707894313984,0.04239703084494674,0.6859588030014209
347.0,0.25106514116566,0.016806061532936605,0.04202170869204898,0.6901070885771347
348.0,0.24774476966407064,0.01647205009223713,0.0415931797899358,0.6941900004215367
349.0,0.24456052138813425,0.016126861876560417,0.0411158286139573,0.6981967880891284
350.0,0.2415135427457732,0.015772733450250535,0.040593524806953246,0.7021201989648036
351.0,0.23860426856121955,0.015411987657075408,0.04003051865046933,0.7059532250990164
352.0,0.23583361125704758,0.015044970540469209,0.03942799769878834,0.7096934204714755
353.0,0.23320095151889006,0.014673537284991973,0.038789904960290875,0.7133356062036078
354.0,0.23070472433870481,0.014300035505709952,0.03812124196512165,0.7168739981582444
355.0,0.2283429938867239,0.013926307918394231,0.03742640418024776,0.7203042939824148
356.0,0.22611360216221424,0.013553979576768169,0.036709548516548555,0.7236228697122498
357.0,0.22401896716775743,0.013182123733372433,0.035969467908317836,0.726829441158333
358.0,0.22205332416363502,0.01281346851021039,0.03521322023386758,0.7299199870600677
359.0,0.22021361596487285,0.01244909916110006,0.034444495275866335,0.7328927895659414
360.0,0.21849620556015187,0.012090057264284616,0.033667126309171666,0.7357466108341724
361.0,0.21690059948305768,0.011736711202876482,0.03288234001006932,0.7384803492717772
362.0,0.2154238315678569,0.011389677058453776,0.0320928748664615,0.7410936164750084
363.0,0.2140613840585352,0.01104965427812801,0.03130229191506066,0.7435866697160566
364.0,0.21280973739279535,0.01071699097511928,0.0305130877252572,0.7459601838746086
365.0,0.2116653496081852,0.010391841926196046,0.02972743309534671,0.7482153753380525
366.0,0.21062457530467013,0.010075312896815469,0.02894802848928934,0.7503520832770055
367.0,0.20968388494518617,0.009768204814442842,0.028177076734818535,0.752370833473333
368.0,0.2088400472019912,0.009470053261478421,0.02741548737757831,0.7542744121267327
369.0,0.20808997659399542,0.009180842796271235,0.026664179236790868,0.7560650013407231
370.0,0.20743087085166412,0.008900405915419664,0.0259235667360913,0.7577451564646056
371.0,0.2068590429638762,0.008628792639025417,0.02519582521401409,0.759316339150865
372.0,0.20637037030395336,0.008366141194118784,0.024484115366391026,0.7607793731033176
373.0,0.2059633599893441,0.00811174153676549,0.023786887941108472,0.7621380105005627
374.0,0.20563582720538714,0.007865069404720065,0.02310419905922493,0.7633949042984486
375.0,0.20538597265420455,0.007625463150462277,0.02243575311537591,0.7645528110477382
376.0,0.2052121188406014,0.007392337335171576,0.02178110018129113,0.7656144436107167
377.0,0.20510997694637906,0.007167043916566392,0.02114160273181298,0.7665813763730226
378.0,0.20507574729658692,0.0069501385859285095,0.02051855961138269,0.7674555544738827
379.0,0.20510660840591546,0.006741328745394006,0.01991251826284985,0.7682395445536215
380.0,0.20520012495441162,0.006540175025935706,0.019323567209852437,0.7689361327775811
381.0,0.20535369474604487,0.00634650614781558,0.018751853931551467,0.7695479451423689
382.0,0.20556502844812616,0.006160022581857387,0.018197165549787644,0.7700777833880096
383.0,0.20583171877890785,0.005980555982078178,0.017659491244385914,0.7705282339624088
384.0,0.20615147236679485,0.005807865388827047,0.017138663589125108,0.7709019986230338
385.0,0.20652206265480313,0.0056417626102067365,0.016634546023534296,0.7712016286792366
386.0,0.20694130287605345,0.005482034968609769,0.016146946950975783,0.7714297151721419
387.0,0.20740711187451327,0.005328478776878038,0.015675627931157312,0.7715887813852322
388.0,0.2079185111895255,0.005180887391023661,0.015219924415143977,0.7716806769720876
389.0,0.20847303792210586,0.005039055414967217,0.014779761245896873,0.7717081453848109
390.0,0.2090684633456697,0.004902777378464219,0.014354969580893513,0.7716737896627535
391.0,0.2097027406398788,0.004771847753658398,0.013945307802277084,0.7715801037719665
392.0,0.21037382298439497,0.004646061012693483,0.013550534292190775,0.7714295816785016
393.0,0.21108067380394058,0.004525267689070247,0.013170095194945526,0.7712239632798246
394.0,0.21182325032250204,0.004409373465022713,0.012803129499944966,0.7709642466803112
395.0,0.21259831449601915,0.004298106708319543,0.012449763762488722,0.7706538150009534
396.0,0.21340408611501274,0.004191276686095448,0.012109673962934586,0.770294963203738
397.0,0.21423878497000368,0.004088692665485137,0.011782536081640342,0.7698899862506516
398.0,0.21510063085151276,0.003990163913623324,0.011468026098963777,0.769441179103681
399.0,0.21599119067774336,0.0038957657111461513,0.01116529319292716,0.7689477503859642
400.0,0.21690779210622058,0.0038052364227775335,0.010874153756143293,0.7684128176826395
401.0,0.2178485120682615,0.003718373961894385,0.010594306253490839,0.7678388076841342
402.0,0.21881188520227987,0.0036350126182174564,0.010325377111614348,0.7672277250356692
403.0,0.2197964461466895,0.0035549866814674966,0.010066992757158378,0.7665815743824654
404.0,0.22080186811189131,0.0034782376417383455,0.009818793681135467,0.7659011005330156
405.0,0.22182880598931154,0.003404799417686414,0.009580432500908814,0.765185962059874
406.0,0.22287452133376218,0.0033343864339394984,0.009351519917181672,0.7644395722828975
407.0,0.22393783869871997,0.003266860276694332,0.009131685937814512,0.763663615054552
408.0,0.2250175826376615,0.0032020825321476478,0.008920560570667816,0.7628597742273039
409.0,0.22611257770406346,0.0031399147864961787,0.008717773823602056,0.7620297336536193
410.0,0.2272248536839872,0.0030805873415185596,0.008523519395690978,0.761171039546584
411.0,0.22835206427155424,0.003023827093002317,0.008337221380524257,0.7602868872227
412.0,0.22949284005507226,0.0029694733142610306,0.008158475674097304,0.7593792109243502
413.0,0.23064622657973982,0.002917413013388024,0.00798695114918555,0.7584494092254674
414.0,0.23181126939075533,0.0028675331984766178,0.007822316678564417,0.7574988806999845
415.0,0.23298701403331729,0.0028197208776201336,0.007664241135009336,0.7565290239218341
416.0,0.23417366187067026,0.0027740107442365556,0.007512764144531068,0.7555395632083429
417.0,0.23537183018916855,0.0027304906365617134,0.007368058749329178,0.7545296203927214
418.0,0.2365793510295707,0.00268889250645164,0.007229404564805247,0.7535023518669532
419.0,0.2377954625440004,0.0026491279724618283,0.007096532246504878,0.7524588772048136
420.0,0.23901940288458154,0.002611108653147768,0.006969172449973678,0.7514003159800778
421.0,0.24025041020343785,0.00257474616706495,0.006847055830757255,0.7503277877665208
422.0,0.2414877226526931,0.0025399521327688665,0.006729913044401213,0.7492424121379176
423.0,0.2427332868202547,0.0025070301025517027,0.006618409692021341,0.748141273352953
424.0,0.24398506961929436,0.002475707735860262,0.006511837600510186,0.747027385012116
425.0,0.24524230832463256,0.0024458965242967687,0.006409927122570336,0.745901867996281
426.0,0.24650441220600783,0.002417532848593664,0.006312467983139701,0.7447655869300395
427.0,0.24777079053315862,0.002390553089483393,0.006219249907156191,0.7436194064379826
428.0,0.24904085257582337,0.0023648936276983996,0.006130062619557715,0.7424641911447013
429.0,0.2503157396125263,0.0023407706113197503,0.006045526988608525,0.7412979627553262
430.0,0.25159321942768337,0.0023178552757756416,0.005964645035637728,0.7401242802286839
431.0,0.2528737147371051,0.0022962477013841387,0.005887692810448459,0.738942344718843
432.0,0.25415666867367853,0.0022758897387132587,0.00581447628797119,0.7377529652674177
433.0,0.2554415416512684,0.00225672602968718,0.0057448097358019,0.7365569225510233
434.0,0.2567278113647178,0.0022387040075862352,0.005678515714202078,0.7353549688812746
435.0,0.25801497278984753,0.0022217738970469205,0.005615425076098724,0.7341478282047876
436.0,0.2593035197964942,0.002206056807222815,0.0055558878935680085,0.7329345354704957
437.0,0.26059249585082506,0.0021914253096965205,0.00549949860613136,0.7317165802011277
438.0,0.2618815442024765,0.002177854516168539,0.005446163136681421,0.7304944381124542
439.0,0.26317033954521,0.0021653247550180044,0.005395803072649638,0.729268532594903
440.0,0.26445858216886126,0.002153820569872043,0.005348352622114209,0.728039244606933
441.0,0.26574599795934006,0.0021433307196057714,0.0053037586138000746,0.7268069126750348
442.0,0.26703233839863005,0.0021338481783422956,0.005261980497078928,0.7255718328937295
443.0,0.26831675625944984,0.0021253055420645743,0.005222784825070382,0.7243351533411958
444.0,0.2695991515950182,0.0021177142906621733,0.005186188344945768,0.7230969457371546
445.0,0.2708793998669373,0.002111084926632464,0.005152203903090573,0.7218573112711203
446.0,0.2721572633456173,0.002105417808177211,0.0051208112787514345,0.7206165075352347
447.0,0.2734325229028787,0.0021007167850473616,0.005092000569227942,0.7193747597106267
448.0,0.2747049780119523,0.0020969891985430445,0.005065772189872639,0.7181322605674126
449.0,0.2759744467474794,0.002094245881513573,0.005042136874091024,0.7168891704646966
450.0,0.27724011072841837,0.0020923735264308254,0.005020810348363384,0.715646705364568
451.0,0.2785015503428623,0.002091336389545052,0.005001695855063334,0.7144054173803099
452.0,0.2797588811343949,0.00209120286452777,0.004984947722734888,0.7131649682461231
453.0,0.2810118612050672,0.0020919715680467847,0.004970555322713514,0.711925611871953
