timestamp,value1,value2,value3,value4
0.0,0.999,0.0,0.001,0.0
1.0,0.9985228143788676,0.00040527165517319794,0.0009355409676767078,0.00013637299828250544
2.0,0.998047637875518,0.0006957379910996858,0.0009846511675587774,0.00027197296582350005
3.0,0.9975291181582607,0.0009414910954103928,0.001109614381832131,0.0004197763644967466
4.0,0.996933702222543,0.001184444355561415,0.0012924677943451143,0.0005893856275503945
5.0,0.9962349028657973,0.0014471752926099074,0.0015295359671019916,0.0007883858744907179
6.0,0.9954053860537562,0.0017478798327820423,0.0018221124105331497,0.0010246217029286225
7.0,0.9944164502908931,0.0021004920989690923,0.0021767054117561913,0.0013063521983815382
8.0,0.9932362611271109,0.0025167590545813836,0.002604205810557708,0.0016427740077499073
9.0,0.9918256277108876,0.003013195637366786,0.0031159113262228975,0.002045265325522639
10.0,0.9901403351294459,0.0036050963355118335,0.0037278460898216422,0.002526722445220595
11.0,0.9881288170993267,0.004308803405629517,0.004460107002330266,0.003102272492713494
12.0,0.9857283985418656,0.005146083984662243,0.0053350245832342125,0.0037904928902379328
13.0,0.9828644238851483,0.006145273271319028,0.006376538541764619,0.00461376430176803
14.0,0.9794503074883097,0.007337616086546941,0.007613735259467006,0.005598341165676191
15.0,0.9753917467142807,0.008744769591118917,0.009090797606104036,0.00677268608849621
16.0,0.9705738228669091,0.010399484693127951,0.010854016750144954,0.00817267568981792
17.0,0.9648595387992663,0.01234802334617539,0.01295024380434407,0.009842194050214149
18.0,0.9580898189136475,0.014650158549370915,0.015426889825740758,0.011833132711240719
19.0,0.9500843104798102,0.017374640058163596,0.01833493667148483,0.014206112790541296
20.0,0.9406580961586097,0.020550515427906913,0.02176600468556602,0.017025383727917336
21.0,0.9296076680268525,0.024206651385520674,0.025820254884102396,0.02036542570352446
22.0,0.9166967664056177,0.028407107469541573,0.03057748057183199,0.024318645553008604
23.0,0.9016562257277358,0.0332519167404979,0.036096300320251795,0.028995557211514443
24.0,0.8842118316412364,0.038834532291992005,0.04243315650225622,0.03452047956451529
25.0,0.8641614896456354,0.04506387091596915,0.04977045276663017,0.0410041866717652
26.0,0.8413088151417368,0.05187669504104891,0.05823680849687833,0.048577681320335804
27.0,0.815444391981186,0.05930285683624678,0.06784941675299364,0.05740333442957337
28.0,0.7863549695513743,0.06745227446957854,0.07852017537314189,0.0676725806059053
29.0,0.7540248984917398,0.07614810876570169,0.09028447026602406,0.07954252247653441
30.0,0.7186439325382451,0.08494090361227982,0.10328619863743838,0.09312896521203673
31.0,0.6804320782396686,0.09357619316674287,0.11741546325948515,0.1085762653341035
32.0,0.6396350014321723,0.10201815902384644,0.13228620240931777,0.1260606371346635
33.0,0.5967258685049077,0.11001572780801629,0.14755746702271386,0.14570093666436224
34.0,0.5525175786203591,0.11684557680156138,0.16315762482381535,0.16747921975426414
35.0,0.5077774009642162,0.1221168464427407,0.17872485296304652,0.1913808996299966
36.0,0.46319842021514335,0.12582748947745256,0.19356855946444324,0.2174055308429609
37.0,0.4195789753639389,0.12782779267893554,0.20714917509571623,0.24544405686140935
38.0,0.37778756968145466,0.12770663707882876,0.21928817304818876,0.2752176201915279
39.0,0.3384531976658329,0.12548858549316172,0.22958911808266308,0.30646909875834244
40.0,0.3019680167638748,0.1216097745457574,0.23745298664286157,0.3389692220475062
41.0,0.26867659076240125,0.11625296164093142,0.24271846137960248,0.3723519862170648
42.0,0.23878372867216022,0.10953915476155443,0.24549492265674422,0.40618219390954113
43.0,0.2122847298156304,0.10186594135889691,0.24574302774283754,0.44010630108263504
44.0,0.1890122695424209,0.09378220617785421,0.243380933759375,0.47382459052034986
45.0,0.16879401898309745,0.08549258430204076,0.2387554111320143,0.5069579855828474
46.0,0.15138639535101842,0.07720520535614617,0.23222787787055696,0.5391805214222785
47.0,0.1365042950876555,0.0691799349498479,0.22406429530481495,0.5702514746576817
48.0,0.12384589764412395,0.06164824845519651,0.2145211057127423,0.5999847481879372
49.0,0.1131415271222432,0.05466302096478221,0.20399486319265314,0.6282005887203215
50.0,0.1041264637234704,0.048292002005057566,0.19278943669446244,0.6547920975770097
51.0,0.0965703533634393,0.04255695238932421,0.181187127549155,0.6796855666980817
52.0,0.09027770672760352,0.0374299591843411,0.16945424756394387,0.7028380865241115
53.0,0.08506859341285826,0.032874982234548794,0.15781130971384819,0.7242451146387447
54.0,0.08077985136628216,0.02888915350876578,0.14637696102749248,0.7439540340974595
55.0,0.07727790776393617,0.0254317429358855,0.13527514137049945,0.7620152079296789
56.0,0.07445796400111326,0.022415295214181723,0.12465244449529797,0.778474296289407
57.0,0.07222952154582014,0.019766824852780494,0.11460615919163222,0.7933974944097671
58.0,0.07050616684892101,0.017476585740460904,0.10512855893472524,0.8068886884758928
59.0,0.06921861454018251,0.01551021837653251,0.09622946051684304,0.8190417065664419
60.0,0.0683118025767801,0.013810430906299043,0.08793926442431454,0.8299385020926063
61.0,0.06774119753535661,0.012316072784491419,0.08028476613083571,0.8396579635493163
62.0,0.06746273458543631,0.0110163676888108,0.07322140132138061,0.8482994964043723
63.0,0.06744016968351216,0.009894090800506516,0.06671182415047232,0.855953915365509
64.0,0.06764358502707847,0.0089219328179001,0.06073314045948286,0.8627013416955386
65.0,0.06804908610765022,0.008064067519378644,0.05527486864242274,0.8686119777305484
66.0,0.06863419499138006,0.0073044442705950926,0.05030172271020816,0.8737596380278168
67.0,0.06937884854163404,0.0066369322210612595,0.04576841416668457,0.8782158050706202
68.0,0.07026607635848692,0.006050255323443089,0.04163992463350377,0.8820437436845663
69.0,0.07128124039244821,0.005531219516582498,0.03788714643853103,0.8853003936524384
70.0,0.07241178477460704,0.005066161326746612,0.03448488412837876,0.8880371697702677
71.0,0.07364584520656832,0.004650725166816929,0.03139885695794682,0.890304572668668
72.0,0.07497385469601094,0.00427817788526685,0.028601904999071663,0.8921460624196507
73.0,0.07638707532332238,0.003942226323853854,0.026069175606227256,0.8936015227465965
74.0,0.07787730101553429,0.003638376678434035,0.02377617843934362,0.8947081438666882
75.0,0.0794368575463224,0.003363934498962092,0.02169878546380685,0.8955004224909088
76.0,0.08105880454347816,0.0031174397201118383,0.01981390464030795,0.8960098510961021
77.0,0.08273790976626397,0.002894140442275728,0.01810541288625694,0.8962625369052034
78.0,0.08446951470523593,0.0026889247501696053,0.016559888104148164,0.8962816724404464
79.0,0.08624894772310866,0.0024992273871879316,0.01516231311041636,0.8960895117792872
80.0,0.08807152335096363,0.002325054180847219,0.013896034961786936,0.8957073875064023
81.0,0.08993263868290834,0.0021684215713083928,0.012743485413103411,0.89515545433268
82.0,0.09182901982177592,0.0020264386698941156,0.011695127025389777,0.8944494144829402
83.0,0.09375806071956719,0.0018947665748432238,0.010744707770140794,0.8936024649354489
84.0,0.09571699491253358,0.0017713729533940623,0.009884043589279069,0.8926275885447934
85.0,0.09770291666158734,0.0016563370649672255,0.009103246242782536,0.891537500030663
86.0,0.09971278684310653,0.0015518140579036206,0.008390768545241156,0.8903446305537488
87.0,0.10174418983409919,0.0014577769189656857,0.007738823482239398,0.8890592097646959
88.0,0.10379565617472407,0.001370481191900573,0.007145227047919702,0.8876886355854559
89.0,0.10586556818268089,0.0012879248198953528,0.006606201240274397,0.8862403057571495
90.0,0.1079521384843463,0.0012097535841989141,0.006116456141599325,0.8847216517898556
91.0,0.11005341001477384,0.0011372611041219657,0.005669189918493844,0.8831401389626106
92.0,0.11216741820632051,0.0010725000825113251,0.005257203032320284,0.881502878678848
93.0,0.1142931676393486,0.0010131422290909613,0.004879305936483475,0.8798143841950772
94.0,0.11642976444060858,0.0009570907289298673,0.004534401204385055,0.8780787436260767
95.0,0.11857614739629505,0.0009035571474078484,0.0042200837422564,0.8763002117140409
96.0,0.12073111525485328,0.0008528952196310138,0.003932848480778824,0.8744831410447371
97.0,0.12289332699668228,0.0008065993760883896,0.0036680921928945735,0.8726319814343348
98.0,0.12506172415817407,0.0007651129664216907,0.0034228073879692443,0.8707503554874352
99.0,0.12723584575850472,0.0007263572732806552,0.0031973315644954104,0.8688404654037194
100.0,0.12941509837679066,0.0006892748034848612,0.002990933702520545,0.8669046931172041
101.0,0.13159877198863296,0.0006536264975402525,0.0028020623800219563,0.864945539133805
102.0,0.13378603996611735,0.0006199917296391393,0.002628345772906788,0.8629656225313369
103.0,0.13597597507398315,0.0005896865707125729,0.0024666906888266885,0.8609676476664777
104.0,0.13816804333631522,0.0005623400193360131,0.0023162021120867056,0.8589534145322623
105.0,0.14036200033389631,0.00053650352333472,0.002177394690601989,0.8569241014521671
106.0,0.14255747658467802,0.0005115049920043024,0.0020499481629694906,0.8548810702603484
107.0,0.14475400273292935,0.00048728392550614647,0.001932909761020317,0.8528258035805444
108.0,0.14695100954923707,0.0004643914148674162,0.0018246942098197245,0.850759904826076
109.0,0.14914784227085992,0.000443920431446698,0.001723166768697245,0.8486850705289963
110.0,0.15134417789429003,0.00042555055600358173,0.0016279551227144347,0.8466023164269921
111.0,0.15353992010311884,0.0004081204361841216,0.0015397312107652175,0.844512228249932
112.0,0.1557348617542698,0.00039108246545242173,0.001458496429805624,0.8424155593504724
113.0,0.15792870813511384,0.00037436443820127493,0.0013837503229365085,0.8403131771037485
114.0,0.16012107696346956,0.0003583695497521622,0.0013144905794035466,0.838206062907375
115.0,0.16231149861223532,0.00034397534040243606,0.0012492142750471424,0.8360953117723153
116.0,0.1644996656438922,0.00033140626166183566,0.0011872298821194887,0.8339816982123267
117.0,0.16668559171686026,0.00031959171155820665,0.0011293729665787752,0.831865443605003
118.0,0.1688691948512163,0.00030796774954423373,0.0010759162019281896,0.8297469211973115
119.0,0.17105031396759138,0.0002963571794798405,0.0010267195589489086,0.8276266092939801
120.0,0.17322870888717085,0.00028496954963218936,0.000981230305700097,0.825505091257497
121.0,0.17540406033169437,0.00027440115267568125,0.0009384830075189084,0.8233830555081113
122.0,0.17757601873748427,0.000265421573250631,0.000897344373364276,0.8212612153159011
123.0,0.17974458051271497,0.000257379966050354,0.000858321720089344,0.8191397178011456
124.0,0.18190978222708903,0.00024954584300633466,0.0008220138319388234,0.817018658097966
125.0,0.18407157243744351,0.0002415858849754124,0.0007885879001991516,0.8148982537773822
126.0,0.1862298254675771,0.0002334986989482481,0.0007578559531771413,0.8127788198802978
127.0,0.18838434140825008,0.00022561481804932436,0.0007292748561999801,0.8106607689175009
128.0,0.1905348461171843,0.0002185967015369453,0.0007019463116152304,0.8085446108696638
129.0,0.1926811169355511,0.00021291638812962857,0.0006752037646270801,0.8064307629116925
130.0,0.19482326720506493,0.00020772324409816756,0.0006498621538155033,0.8043191473970216
131.0,0.19696134681862038,0.000202476671498265,0.0006263881077963713,0.8022097884020852
132.0,0.19909533045121355,0.0001969487448589681,0.0006049141264689189,0.8001028066774588
133.0,0.20122512011179097,0.0001912131359124149,0.0005852512115846803,0.7979984155407122
134.0,0.20335054514324963,0.00018564511359383403,0.0005668888667474887,0.7958969208764093
135.0,0.20547136222243687,0.00018092154404154495,0.0005489950974134761,0.7937987211361084
136.0,0.20758742615281764,0.0001773411750649203,0.0005311656431968446,0.7917040670289208
137.0,0.2096988948550844,0.00017405482207041983,0.0005142500395541743,0.7896128002832912
138.0,0.21180583986749496,0.00017058334633716788,0.0004986893252859372,0.7875248874608821
139.0,0.21390825862931667,0.00016673710206612836,0.0004846184907461819,0.7854403857778712
140.0,0.21600607476601022,0.00016261476312262444,0.0004718677882629394,0.7833594426826044
141.0,0.21809913808922962,0.0001586033230363386,0.00045996273213822294,0.781282295855596
142.0,0.22018722459682233,0.00015537809500131255,0.000448124098648028,0.7792092732095286
143.0,0.22227021636639197,0.00015321363335057844,0.0004360137680881232,0.7771405562321696
144.0,0.22434829973373793,0.00015126586030877957,0.00042449054172550665,0.7750759438642281
145.0,0.22642156810309444,0.0001490653588952591,0.00041400547962893136,0.7730153610583816
146.0,0.2284900379915237,0.00014642872512575983,0.00040471077296354985,0.7709588225103872
147.0,0.2305536492298486,0.00014345777574726438,0.00039646061252135586,0.7689064323818829
148.0,0.2326122649626526,0.00014053954823799503,0.0003888111887211841,0.7668583843003884
149.0,0.23466567164827987,0.0001383463008074139,0.0003810206916087104,0.7648149613593043
150.0,0.2367137541815702,0.00013718749965232178,0.000372738532353501,0.7627763197864242
151.0,0.23875672048428634,0.0001362152411537965,0.0003648310032228178,0.7607422332713373
152.0,0.24079468172417834,0.00013495507819349123,0.0003577634699919261,0.7587125997276365
153.0,0.2428276684029294,0.00013322094773441937,0.0003517038215489513,0.7566874068277875
154.0,0.24485563090712278,0.00013111307800271068,0.0003465247236633531,0.7546667312912114
155.0,0.24687843950824195,0.0001290179884876112,0.0003418036189859258,0.7526507388842848
156.0,0.2488958843626704,0.0001276084899414832,0.00033682272704879776,0.7506396844203396
157.0,0.2509078510747743,0.00012721413460319486,0.0003312274714742044,0.7486337073191486
158.0,0.2529145630088944,0.00012698491073882354,0.00032588324540811593,0.746632568834959
159.0,0.25491614270937285,0.00012644501909576936,0.00032125977642047957,0.7446361524951113
160.0,0.2569126284643576,0.00012540996854346718,0.0003175303405056517,0.7426444312265936
161.0,0.25890397513358265,0.0001239835370882089,0.00031457497842980313,0.7406574663508997
162.0,0.26089005414836797,0.0001225577718731436,0.00031198049573091953,0.7386754075840283
163.0,0.2628706535116195,0.00012181298917827738,0.00030904046271880073,0.7366984930364837
164.0,0.2648456676120338,0.00012205628066954751,0.0003054360603154708,0.7347268400469815
165.0,0.2668153314332314,0.00012243536938336903,0.0003020283031442254,0.7327602048942414
166.0,0.2687797726773919,0.00012248124798176733,0.0002992798698983125,0.7307984662047283
167.0,0.270739031598924,0.00012201844973377565,0.0002973588045172979,0.7288415911468253
168.0,0.27269306153508677,0.00012116316019315634,0.0002961404814432717,0.7268896348232772
169.0,0.27464172890599,0.00012032321719840097,0.00029520760562084874,0.7249427402711911
170.0,0.2765848132145938,0.00012019811087273022,0.000293850212497168,0.7230011384620366
171.0,0.2785222280903289,0.00012102845552373644,0.000291826487921631,0.7210649169662261
172.0,0.2804542179535802,0.00012195698596867938,0.00028999402130043555,0.719133831039151
173.0,0.28238091163558854,0.00012252456516675676,0.000288804083123894,0.7172077597161212
174.0,0.28430234654296344,0.00012257088977373357,0.00028841202247109333,0.7152866705447921
175.0,0.28621846869739076,0.0001222343528109714,0.000288677407648635,0.71337061954215
176.0,0.2881291327356328,0.00012195204366542815,0.00028916402619063447,0.7114597511945115
177.0,0.2900341023644803,0.0001224582159176169,0.00028914142954355765,0.709554297990059
178.0,0.29193332334100325,0.00012387947955465927,0.0002884888616628301,0.7076543083177796
179.0,0.29382704692542777,0.00012535354306970328,0.0002880598180814165,0.7057595397134215
180.0,0.295715399849528,0.00012643245700292324,0.00028829267876632683,0.7038698750147032
181.0,0.2975984116239494,0.00012697849854989088,0.00028932255417030226,0.7019852873233309
182.0,0.29947601453820893,0.0001271641715615754,0.000290981285231815,0.7001058400049981
183.0,0.30134804366069484,0.0001274722065443434,0.0002927974433750683,0.6982316866893862
184.0,0.3032142410767472,0.0001286816418055206,0.00029401014950919256,0.6963630671319385
185.0,0.30507460264022057,0.00013074448943720183,0.00029467538898075613,0.6944999774813619
186.0,0.3069293816680163,0.0001328001130364905,0.0002956361983205846,0.692642182020627
187.0,0.30877869669481933,0.00013442192693555248,0.00029730867363402197,0.6907895727046115
188.0,0.31062256225200086,0.0001355078504088336,0.0002997955988820048,0.6889421342987088
189.0,0.3124608888676183,0.0001362803076730594,0.00030288644588106247,0.687099944378828
190.0,0.3142934830664156,0.0001372862278872353,0.0003060573743033171,0.6852631733313943
191.0,0.31612006552879585,0.00013933878921267386,0.00030852821944365473,0.6834320674625483
192.0,0.3179407070823002,0.00014213555533842598,0.00031060440069890995,0.6816065529616628
193.0,0.31975565020352376,0.00014484790589741042,0.0003130902174305379,0.6797864116731487
194.0,0.3215649956551865,0.00014708966256727057,0.00031636250172056585,0.6779715521805262
195.0,0.3233687332408885,0.00014881349339412224,0.0003204748259579576,0.6761619784397599
196.0,0.32516674180511024,0.00015031091279255388,0.0003251575028386138,0.6743577897792591
197.0,0.3269587892332125,0.00015221228154562642,0.00032981758536537167,0.672559180899877
198.0,0.32874458969594506,0.00015530704376094388,0.00033371228201952867,0.670766390978275
199.0,0.33052430765673957,0.00015897970746066832,0.0003374466938596796,0.6689792659419406
200.0,0.332298154840796,0.00016248105525698466,0.00034174377683337707,0.6671976203271142
201.0,0.3340662025784475,0.0001654871324298326,0.0003469226468812716,0.6654213876422419
202.0,0.3358284043506472,0.0001680263098790421,0.00035297018951102984,0.6636505991499632
203.0,0.33758459578896854,0.00017047928412433324,0.0003595410597973341,0.6618853838671103
204.0,0.33933449467560484,0.0001735790773053164,0.0003659576823818827,0.6601259685647084
205.0,0.3410778467869294,0.0001779617355662734,0.0003716381357848197,0.65837255334172
206.0,0.3428148994803795,0.00018272839210009003,0.00037745304151450275,0.6566249190860063
207.0,0.34454581633168274,0.00018724197967828155,0.00038401772707880196,0.6548829239615607
208.0,0.34627062719991103,0.00019125841482136438,0.0003915803431236028,0.6531465340421444
209.0,0.3479892364685371,0.0001949007199316105,0.00040004679263460773,0.6514158160188972
210.0,0.3497014230454338,0.00019865902329304746,0.00040898073093733646,0.6496909372003363
211.0,0.35140684037399,0.00020339052496995275,0.0004176035980424991,0.647972165502998
212.0,0.35310533167068003,0.0002093648402217332,0.00042569301886013664,0.6462596104702385
213.0,0.3547971696912949,0.00021556161525103674,0.0004342296518071284,0.6445530390416474
214.0,0.3564824648712391,0.00022144337160333753,0.00044373922763991686,0.642852352529518
215.0,0.358161192435377,0.00022685942163605416,0.00045439091072953523,0.6411575572322579
216.0,0.35983319239803235,0.0002320458685185497,0.0004659972990616073,0.6394687644343878
217.0,0.3614981695629888,0.0002376256062321316,0.00047801442423634757,0.6377861904065432
218.0,0.3631557109524936,0.0002445558686426385,0.0004895908405414373,0.6361101423383227
219.0,0.3648058070257374,0.00025257635903223413,0.000501010653754478,0.6344406059614763
220.0,0.3664486914640793,0.00026070857022170044,0.0005132156666813553,0.632777384299018
221.0,0.3680844150730416,0.00026849809038178673,0.0005266640902837228,0.6311204227462932
222.0,0.3697128807146605,0.00027590372672589743,0.000541437455403948,0.62946977810321
223.0,0.3713338433074863,0.0002832975055100917,0.0005572406127651122,0.6278256185742388
224.0,0.37294690982658335,0.0002914646720330838,0.0005734017329710101,0.6261882237684129
225.0,0.3745516301196345,0.00030133487936994627,0.0005891209133575881,0.6245579140876383
226.0,0.3761481365159766,0.000312110114512159,0.000605189865137408,0.6229345635043742
227.0,0.377736582957326,0.00032292469954606424,0.0006224551326586984,0.6213180372104696
228.0,0.3793169375264278,0.0003334258206778565,0.0006412984560467484,0.6197083381968479
229.0,0.38088900471207154,0.00034370578287429873,0.0006617003958991771,0.6181055891091554
230.0,0.38245242540909097,0.00035430200986272237,0.0006832403332859342,0.6165100322477607
231.0,0.3840066769183642,0.00036619704413102703,0.0007050964697492995,0.6149220295677559
232.0,0.3855513436672509,0.0003800286535191151,0.0007267685927185704,0.6133418590865117
233.0,0.38708663440320523,0.0003946064728424724,0.0007494214091666132,0.611769337714786
234.0,0.3886125858295874,0.00040921589980205474,0.0007737841969462538,0.6102044140736647
235.0,0.3901290494884259,0.00042363243377851724,0.000800149346525146,0.6086471687312707
236.0,0.3916356949734658,0.00043811214424101935,0.0008283811614237285,0.6070978117208697
237.0,0.3931320099301684,0.00045339167074722467,0.0008579158582152246,0.6055566825408695
238.0,0.3946173081414744,0.00047066465778179207,0.0008877830485263105,0.6040242441522178
239.0,0.3960913133080227,0.0004899006069711986,0.0009181287514391676,0.6025006573335672
240.0,0.39755416466893767,0.0005098561031557263,0.0009501902334423276,0.6009857889944645
241.0,0.3990057564739474,0.0005299390466176123,0.0009846225336298188,0.5994796819458055
242.0,0.4004457785265123,0.0005500792736677646,0.0010216214144871138,0.5979825207853331
243.0,0.401873716183825,0.0005707285566457621,0.0010609233618911296,0.5964946318976384
244.0,0.40328885035681045,0.0005928606039198539,0.0011018055851102267,0.5950164834541598
245.0,0.4046903350467685,0.0006177480740808913,0.001143287216715197,0.5935486296624357
246.0,0.40607801909359775,0.0006446281769715408,0.0011862228099476066,0.5920911299194833
247.0,0.40745187460962035,0.0006723479801847183,0.001231813713306002,0.5906439636968892
248.0,0.40881160501095065,0.0007004335916928545,0.0012806661018809284,0.5892072952954758
249.0,0.4101566782718066,0.00072899020345283,0.001332882939896514,0.5877814485848444
250.0,0.41148632692450954,0.0007587020914059755,0.0013880639807104678,0.5863669070033743
251.0,0.4127995480594844,0.0007908326154780718,0.0014453057668140806,0.5849643135582238
252.0,0.4140953437024438,0.0008265402024601303,0.0015038134745172006,0.5835743026205792
253.0,0.41537358404214747,0.0008644609742409886,0.0015650468549374822,0.5821969081286744
254.0,0.41663400739624723,0.0009035258323814402,0.0016302068461614891,0.5808322599252101
255.0,0.4178760574744052,0.0009433713650286796,0.0016998866517519834,0.5794806845088144
256.0,0.41909889590956534,0.000984303095783441,0.001774105023218904,0.5781426959714326
257.0,0.42030140225795337,0.0010272954836999986,0.001852306260019367,0.5768189959983275
258.0,0.4214821739990769,0.001073991923286166,0.0019333602095576656,0.5755104738680796
259.0,0.4226400416904773,0.0011252522940168699,0.002016851476868438,0.5742178545386377
260.0,0.42377475879924215,0.001179257619616816,0.0021047420831342674,0.5729412414980071
261.0,0.4248857652231167,0.001234933927887407,0.0021983486507305,0.5716809521982658
262.0,0.4259721470652586,0.0012920223314440286,0.0022982942206617443,0.570437536382636
263.0,0.42703263714239686,0.0013510775614625373,0.0024045095654723577,0.5692117757306685
264.0,0.428065614984832,0.0014134679676792588,0.0025162331892464454,0.5680046838582427
265.0,0.42906911351041427,0.0014813565552099386,0.002632028138560947,0.5668175017958151
266.0,0.43004174588078603,0.0015551132865719661,0.0027520620956421197,0.5656510787370002
267.0,0.4309830182241233,0.0016324947642651232,0.00287881002504419,0.5645056769865676
268.0,0.4318919787871121,0.0017123271930896444,0.0030138306733239655,0.5633818633464746
269.0,0.43276721752448016,0.0017944761386085061,0.003157802275570068,0.5622805040613416
270.0,0.43360686609899696,0.0018798465271474252,0.0033105225554029313,0.5612027648184529
271.0,0.43440859788147396,0.001970382645794861,0.003470908724974803,0.5601501107477567
272.0,0.4351696798869446,0.002068923089253267,0.0036371248539748846,0.5591242721698275
273.0,0.43588848080995307,0.0021750368904204006,0.003810225634948862,0.558126256664678
274.0,0.4365641543144401,0.0022859362709588306,0.003993342657421589,0.5571565667571797
275.0,0.43719521830625396,0.002400314572803852,0.004188342452443063,0.5562161246684993
276.0,0.4377795858012484,0.0025182436490405677,0.00439592040968674,0.5553062501400245
277.0,0.43831456492528265,0.0026411738639038904,0.004615600777449532,0.5544286604333643
278.0,0.43879685891422143,0.0027719340927785407,0.004845736662651814,0.5535854703303484
279.0,0.43922279314647805,0.002914108958167877,0.005084052248687325,0.552779045646667
280.0,0.439590622290962,0.0030657331878590813,0.0053331318604580204,0.5520105126607211
281.0,0.43989903566357036,0.0032233869409467298,0.0055968494240149535,0.5512807279714682
282.0,0.4401458748547062,0.003385666784313415,0.005877344106298151,0.5505911142546825
283.0,0.4403281815695742,0.0035530514738407876,0.006175137117259926,0.5499436298393253
284.0,0.44044219762818065,0.003727901954409559,0.006489131709864875,0.5493407687075452
285.0,0.440483364965333,0.003914461359899496,0.006816613180089878,0.5487855604946779
286.0,0.44044719382395164,0.004116510261978477,0.007155278138546071,0.5482810177755241
287.0,0.440332197211413,0.004329384274993862,0.007510173996061706,0.5478282445175318
288.0,0.44013654666323077,0.004549065040482903,0.007885799241917926,0.5474285890543686
289.0,0.4398573393105281,0.0047742356763458916,0.008284283373729391,0.5470841416393969
290.0,0.43949062003266415,0.005006222040967959,0.008705437138363654,0.5467977207880045
291.0,0.4390313814572342,0.005248992733219077,0.009146752531941162,0.5465728732776058
292.0,0.438473591889906,0.005509086013714467,0.009603465236721944,0.5464138568596579
293.0,0.43781324975650454,0.005787426608653638,0.010075627897887886,0.5463236957369543
294.0,0.4370494844087075,0.006076193154687544,0.010570902939796642,0.5463034194968086
295.0,0.4361801553210394,0.0063709690220831415,0.011093921549326138,0.5463549541075516
296.0,0.435201754931193,0.006671116742568932,0.011645913705346171,0.5464812146208922
297.0,0.4341094086400294,0.006979778009334966,0.012224708178718416,0.5466861051719175
298.0,0.43289687481157774,0.00730387367703284,0.012824732532296417,0.5469745189790933
299.0,0.4315576082977843,0.007651295754692551,0.013439431883827254,0.5473516640636962
300.0,0.4300909722505822,0.008014084520696541,0.014075940030579832,0.5478190031981417
301.0,0.42849684397850446,0.00838296372271424,0.014742482559882034,0.5483777097388995
302.0,0.42677328998129954,0.008754194870889607,0.015442200535947899,0.5490303146118632
303.0,0.42491665734829,0.009129360876841405,0.01617332704929706,0.5497806547255718
304.0,0.42292157375837247,0.009515366053663196,0.016929187216754755,0.5506338729712099
305.0,0.42078120825932475,0.009923752151687872,0.0176987878127432,0.5515962517762444
306.0,0.41849455860411755,0.010351026400382726,0.018484019141368917,0.552670395854131
307.0,0.4160649506881623,0.010782314850162506,0.0192966993965568,0.5538560350651186
308.0,0.4134934791574108,0.011210108375437528,0.02014182568105319,0.5551545867860987
309.0,0.4107791789614843,0.011634002229427511,0.02101772243026539,0.556569096378823
310.0,0.40791902535367375,0.012060696044161573,0.021916041412261614,0.5581042371899033
311.0,0.4049079963581496,0.012503827794140934,0.022821906205206802,0.5597662696425029
312.0,0.4017464378385154,0.01296381800307905,0.023731733177603572,0.5615580109808023
313.0,0.3984422920711184,0.013421108186305103,0.024659617287344473,0.5634769824552321
314.0,0.3950010230669613,0.013864852584731021,0.025611570216471674,0.5655225541318363
315.0,0.3914256977414022,0.014293079865418109,0.026585210801657096,0.5676960115915228
316.0,0.3877169859141555,0.014712693121577036,0.02756976503420239,0.5700005559300654
317.0,0.3838732087936259,0.015139336105373017,0.028546184689872856,0.5724412704111285
318.0,0.37989856370758346,0.015574190090565694,0.029508050315160354,0.5750191958866907
319.0,0.3758062570553247,0.015994350813861417,0.030470804790634097,0.5777285873401801
320.0,0.3716065707154454,0.016387262007293565,0.03144036948512505,0.5805657977921362
321.0,0.3673069945363837,0.016750691588393887,0.032412960942896446,0.5835293529323262
322.0,0.36291222633641995,0.017092731660192505,0.033375090883643814,0.586619951119744
323.0,0.35842430862916047,0.017431401830831326,0.03430392696224908,0.5898403625777594
324.0,0.3538525886077084,0.017765339358619413,0.035194342006615545,0.5931877300270569
325.0,0.34921445761385606,0.01807069563528952,0.036062500936122996,0.5966523458147317
326.0,0.34452367158629166,0.018335703998887835,0.03691356854029319,0.6002270558745276
327.0,0.33979081160389174,0.018559513191477753,0.03774258788121219,0.6039070873234186
328.0,0.33502328388572133,0.01875218735913987,0.038534480293530265,0.6076900484616088
329.0,0.33022570315193445,0.01893353743450202,0.03926513725177346,0.6115756221617903
330.0,0.3254112177465125,0.019098187973679386,0.03993453642124067,0.6155560578585677
331.0,0.32059806005044755,0.019225034655118094,0.04055858091619022,0.6196183243782444
332.0,0.31580040509598656,0.01930532193012037,0.04114195229704683,0.6237523206768465
333.0,0.311029128609348,0.019340409529003386,0.04168005289663689,0.6279504089650119
334.0,0.3062918070107222,0.019341772461099256,0.04215900582018849,0.6322074147079902
335.0,0.3015933423646722,0.019329013546643667,0.042557561011758505,0.6365200830769258
336.0,0.2969467808703792,0.019294955518770533,0.04288107093294799,0.6408771926779024
337.0,0.2923672630597251,0.019223874670240684,0.04314445092472775,0.6452644113453067
338.0,0.2878661504394169,0.019110548678460054,0.04335295535340625,0.6496703455287169
339.0,0.2834518637453544,0.018957665073578166,0.04350454950878944,0.6540859216722781
340.0,0.2791298829426309,0.018775821238488134,0.04358990960418069,0.6585043862147004
341.0,0.2749031362928581,0.018582248915695338,0.04359367460530096,0.6629209401861458
342.0,0.2707803337959066,0.018372988323108613,0.04352213069585105,0.6673245471851339
343.0,0.26677136391060724,0.018137241296777493,0.043389423237463184,0.6717019715551522
344.0,0.2628830310187935,0.017872177326400448,0.043202122944408006,0.6760426687103982
345.0,0.2591200285346278,0.01757987088254626,0.04296211541383455,0.6803379851689916
346.0,0.2554849389046018,0.01726730141665402,0.04266660112577029,0.6845811585529741
347.0,0.251978233607536,0.01694635336103313,0.04230809544312111,0.6887673175883099
348.0,0.2486017173562172,0.016622143841470517,0.04188625818944878,0.6928898806128636
349.0,0.2453604529254114,0.01628591589890444,0.04141531408204108,0.6969383170936432
350.0,0.2422564959644409,0.015936907055995115,0.04090152639825768,0.7009050705813064
351.0,0.2392909012984321,0.015576053488423381,0.04034934073254208,0.7047837044806025
352.0,0.23646373374669094,0.015205954134747963,0.03976142102586459,0.7085688910926966
353.0,0.23377406812270266,0.014830870696405466,0.03913864956572235,0.7122564116151696
354.0,0.231219989234132,0.014456727637710384,0.0384801269861393,0.7158431561420183
355.0,0.22880123016304293,0.01408192580020263,0.03779283605337497,0.7193240079833795
356.0,0.22651783489294558,0.013702288450286383,0.037086217077976075,0.7226936595787921
357.0,0.22436625637083715,0.01332511934471838,0.03635733784006401,0.7259512864443806
358.0,0.22234336661943574,0.012955293270907584,0.035605619028513114,0.7290957210811436
359.0,0.22044648560454097,0.012595155428532165,0.034832940500210734,0.7321254184667162
360.0,0.2186733812350342,0.012244521429539489,0.03404364128005722,0.7350384560553692
361.0,0.21702226936287822,0.011900677298146135,0.0332445195609659,0.7378325337780098
362.0,0.2154918137831176,0.011558379470837881,0.032444832703863107,0.7405049740421815
363.0,0.21408100383271647,0.011210330579184002,0.03165578824539963,0.7430528773427
364.0,0.21278524176079738,0.010862446792280437,0.030874124579901158,0.745478186867021
365.0,0.21159867190718748,0.010525197220507501,0.030091276275709875,0.7477848545965953
366.0,0.2105170760907513,0.010202610705461329,0.02930535402916081,0.7499749591746266
367.0,0.20953730368274964,0.009894504090929969,0.028518795322070405,0.7520493969042501
368.0,0.2086572716068395,0.009596482222893388,0.027738364421736505,0.7540078817485307
369.0,0.2078759139072204,0.009300132880263972,0.026974941563925173,0.7558490116485905
370.0,0.20718968537265983,0.009006544207503579,0.026228872347549656,0.7575748980722871
371.0,0.2065934421639438,0.008723014163645676,0.025493495894768927,0.7591900477776418
372.0,0.2060833838704924,0.008451822764550322,0.024767404954411945,0.7606973884105455
373.0,0.2056563680538798,0.008192895887834478,0.024051585625817367,0.7620991504324685
374.0,0.2053099102478341,0.007943805272872032,0.023349417358833533,0.7633968671204605
375.0,0.2050421795161609,0.0076997858940390275,0.02266665420375827,0.7645913803860419
376.0,0.2048505519949612,0.007459369777543984,0.022005313036570107,0.7656847651909249
377.0,0.20473089858961543,0.007227153547708523,0.021360638399693575,0.7666813094629825
378.0,0.204679705737944,0.007005626727548215,0.02073004992924911,0.7675846176052588
379.0,0.20469398920676063,0.006795533175893142,0.020112780390697006,0.7683976972266493
380.0,0.20477129409187245,0.006595871087387893,0.019509875678837416,0.7691229591419023
381.0,0.2049096948180799,0.006403892992491564,0.018924194817810346,0.7697622173716183
382.0,0.20510779449232375,0.0062151082724417215,0.018360407229745163,0.7703166900054894
383.0,0.20536346957842216,0.006028149740436042,0.017819701571025134,0.7707886791101167
384.0,0.20567310261261273,0.005847719250754094,0.01729658954359547,0.7711825885930378
385.0,0.20603369431982774,0.005676418720862876,0.016787826599146915,0.7715020603601626
386.0,0.20644273014993758,0.00551528180905707,0.01629184401999173,0.7717501440210137
387.0,0.20689818027775092,0.005363773914459043,0.015808748919063687,0.7719292968887265
388.0,0.2073984996030146,0.00521979217701884,0.015340324239918067,0.7720413839800486
389.0,0.20794262775041356,0.005079665477514192,0.014890028756731667,0.7720876780153406
390.0,0.20852980745689775,0.004938854415800366,0.014462234390348163,0.7720691037369538
391.0,0.20915740590650111,0.004800309431443661,0.014053144471911876,0.7719891401901434
392.0,0.20982255927567214,0.004668084475599352,0.01365778237847008,0.7718515738702585
393.0,0.21052302778242427,0.0045440882768385815,0.013273500465778267,0.7716593834749589
394.0,0.21125703165225826,0.0044287219690221985,0.012899281801112196,0.7714149645776074
395.0,0.2120232511181622,0.00432087909130076,0.012535740163267901,0.7711201296272692
396.0,0.21282082642061156,0.00421794558811453,0.012185120042561682,0.7707761079487123
397.0,0.2136493578075692,0.004115799809193479,0.011851296640830117,0.7703835457424073
398.0,0.21450813309123518,0.004011750277533619,0.011536591330212106,0.7699435253010192
399.0,0.21539442399542827,0.003910946978811394,0.011234864243659229,0.7694597647821012
400.0,0.21630623737255758,0.0038159021444641316,0.010942868774759652,0.7689349917082188
401.0,0.21724201832503023,0.003727665606706925,0.010658940516347006,0.7683713755519159
402.0,0.2182006099457979,0.003645978840583987,0.01038282960523392,0.7677705816083843
403.0,0.21918125331835672,0.0035692749639686513,0.010115700722212032,0.7671337709954626
404.0,0.2201835875167473,0.00349467873756337,0.009860133092051979,0.7664616006536374
405.0,0.22120752699189442,0.0034184663958365877,0.009619625335952597,0.7657543812763165
406.0,0.22225137724426972,0.0033430964032066836,0.009391048061174034,0.7650144782913496
407.0,0.2233133426091543,0.0032715027591451677,0.009170810380520766,0.7642443442511798
408.0,0.2243921622520612,0.0032047588728957325,0.008957330224451204,0.7634457486505919
409.0,0.22548686602161785,0.003143000179971069,0.008750035392766744,0.7626200984056444
410.0,0.22659677444956625,0.003085424142152866,0.00854936355461177,0.7617684378536692
411.0,0.22772149875076295,0.003030290247491811,0.008356762248473641,0.7608914487532716
412.0,0.22886093880638195,0.002974927458368123,0.008174680918303378,0.7599894528169466
413.0,0.23001431514103918,0.0029192909533452332,0.008002781041509031,0.7590636128641066
414.0,0.23118012742406335,0.002866059371155462,0.00783786380285139,0.7581159494019298
415.0,0.2323573635024452,0.0028162050668818464,0.0076785664528523255,0.7571478649778206
416.0,0.2335452122381251,0.0027700670471697652,0.007524204155658841,0.7561605165590464
417.0,0.23474306350799304,0.002727350970226936,0.007374769989043068,0.755154815532737
418.0,0.2359505082038887,0.002687129145823417,0.007230934944402264,0.7541314277058857
419.0,0.23716733823260133,0.002647840535291607,0.007094047926758819,0.7530907733053482
420.0,0.23839342451825324,0.002607733548408609,0.0069656661176452405,0.752033175815693
421.0,0.23962777187526346,0.0025682578669611756,0.00684398508021374,0.7509599851775617
422.0,0.24086936250960106,0.002530975365360134,0.006727123561918128,0.7498725385631207
423.0,0.24211741116708788,0.002496680017863115,0.006614014640150275,0.7487718941748988
424.0,0.24337131553621327,0.002465581351818824,0.006504208298728881,0.7476588948132391
425.0,0.2446306562481339,0.002437304447667045,0.006397871427899473,0.7465341678762997
426.0,0.24589519687667388,0.002410889938938635,0.006295787824334413,0.7453981253600531
427.0,0.2471648839383247,0.0023847940122555295,0.006199358191132891,0.7442509638582869
428.0,0.2484397427919132,0.002357259318843938,0.006110211267613974,0.7430927866216289
429.0,0.24971886945883584,0.0023298667591260674,0.006026506584335894,0.7419247571977022
430.0,0.2510012860490072,0.0023044594374375675,0.005946170030690292,0.740748084482865
431.0,0.2522863039838466,0.002281907336274446,0.00586814312181542,0.7395636455580635
432.0,0.25357346168032674,0.002262334425045152,0.005792141202331264,0.7383720626922969
433.0,0.25486252455097347,0.0022451186600705754,0.005718653446339551,0.7371737033426164
434.0,0.25615348500386603,0.0022288919845840473,0.005648942857423742,0.7359686801541262
435.0,0.257446558911421,0.0022115527763935973,0.005585033318829085,0.7347568549933564
436.0,0.2587414034708481,0.0021929921075021855,0.005526893316870973,0.7335387111047789
437.0,0.2600369519774324,0.002175604828521113,0.005471946638594559,0.732315496555452
438.0,0.26133247303929114,0.0021606373911179345,0.005418813083811308,0.7310880764857797
439.0,0.262627474904208,0.0021485461941926193,0.0053669212783296035,0.7298570576232698
440.0,0.2639217054596331,0.0021389975838775506,0.005316508673954749,0.7286227882825346
441.0,0.2652151522326831,0.002130867853537527,0.005268621548488967,0.7273853583652904
442.0,0.266508042390141,0.00212224324376976,0.0052251150057313995,0.7261445993603579
443.0,0.26780055591249696,0.002111407979949286,0.005187639883281292,0.7249003962242725
444.0,0.2690917013905717,0.0021006521047147063,0.005153778518138655,0.723653867986575
445.0,0.2703805759821527,0.0020919352138906197,0.005121483552804712,0.7224060052511521
446.0,0.2716665859554626,0.00208619294743803,0.005089744913276218,0.7211574761838232
447.0,0.27294942722231885,0.002083405851136789,0.005058518028580226,0.7199086488979642
448.0,0.27422908533813384,0.0020825993765855983,0.005028723830774094,0.7186595914545065
449.0,0.2755058355019149,0.002081843881202009,0.005002248754945482,0.7174100718619377
450.0,0.2767801705668239,0.002078499109458409,0.0049816963689120666,0.7161596339548058
451.0,0.27805141185735727,0.002073881899826999,0.004965676204607724,0.7149090300382082
452.0,0.2793184062151184,0.002070851444548279,0.004951283298770174,0.7136594590415632
453.0,0.2805804390731958,0.002070805981990729,0.004937086151271196,0.7124116687935423
