timestamp,value1,value2,value3,value4
0.0,0.999,0.0,0.001,0.0
0.1,0.9989503946226956,4.878781632244732e-05,0.0009866314473178175,1.4186113664078803e-05
0.2,0.9989014138903983,9.537086402590543e-05,0.0009750237348421001,2.8191510733633728e-05
0.30000000000000004,0.998852963010218,0.0001399240470645526,0.0009650696256762629,4.20433170411927e-05
0.4,0.9988049693371712,0.0001825772380132788,0.0009566911077971147,5.57623170183432e-05
0.5,0.9987573630404117,0.0002234542726668747,0.000949814196864218,6.936849005712862e-05
0.6000000000000001,0.9987100759499156,0.00026267527683223983,0.0009443674324399709,8.288134081224103e-05
0.7000000000000001,0.998663041556481,0.00030035666632838266,0.0009402818779896079,9.631989920102115e-05
0.8,0.9986161950117289,0.00033661114698642087,0.0009374911208811994,0.00010970272040345842
0.9,0.9985694731281025,0.00037154771464958074,0.0009359312723856519,0.00012304788486219094
1.0,0.9985228143788676,0.00040527165517319794,0.0009355409676767078,0.00013637299828250546
1.1,0.9984761588981119,0.000437884544424717,0.0009362613658309456,0.00014969519163233748
1.2000000000000002,0.9984294484807462,0.0004694842482836913,0.0009380361498277798,0.0001630311211422711
1.3,0.9983826265825032,0.0005001649226417831,0.0009408115265494611,0.00017639696830553915
1.4000000000000001,0.9983356383199381,0.0005300170134027637,0.0009445362267810761,0.00018980843987802314
1.5,0.9982884284265102,0.000559131287241269,0.0009491589302910884,0.00020328135595738995
1.6,0.9982409460100226,0.0005875890719667141,0.0009546346291734099,0.00021683028883724923
1.7000000000000002,0.9981931580017782,0.0006154356451404057,0.000960941659371684,0.0002304646937096508
1.8,0.9981450322833011,0.0006427139479883574,0.0009680600152274616,0.00024419375348302334
1.9000000000000001,0.9980965364628699,0.0006694670184343007,0.0009759697883385029,0.0002580267303572163
2.0,0.998047637875518,0.0006957379910996858,0.0009846511675587774,0.00027197296582350005
2.1,0.9979983035830332,0.0007215700973036808,0.0009940844389984631,0.0002860418806645659
2.2,0.9979485003739583,0.0007470066650631722,0.0010042499860239483,0.0003002429749545259
2.3000000000000003,0.9978981947635904,0.0007720911190927648,0.0010151282892578292,0.0003145858280589131
2.4000000000000004,0.9978473529939815,0.0007968669808047817,0.001026699926578912,0.0003290800986346815
2.5,0.9977959410339383,0.0008213778683092644,0.0010389455731222115,0.0003437355246302058
2.6,0.9977439245790217,0.0008456674964139725,0.0010518460012789521,0.00035856192328528175
2.7,0.9976912690515479,0.0008697796766243841,0.0010653820806965674,0.0003735691911311258
2.8000000000000003,0.9976379396005872,0.0008937583171436953,0.0010795347782786998,0.00038876730399037577
2.9000000000000004,0.9975839011019648,0.0009176474228728207,0.0010942851581852008,0.00040416631697708956
3.0,0.9975291181582607,0.0009414910954103929,0.001109614381832131,0.0004197763644967466
3.1,0.9974735550988092,0.0009653335330527632,0.0011255037078917612,0.000435607660246247
3.2,0.9974171759796995,0.0009892190307940012,0.0011419344922925698,0.0004516704972139119
3.3000000000000003,0.9973599448153978,0.0010131914873994698,0.0011588885156559277,0.00046797518154674447
3.4000000000000004,0.9973018388191823,0.0010372666769056774,0.0011763662582639095,0.0004845282456479763
3.5,0.9972428407406518,0.0010614493045123696,0.0011943753303487058,0.0005013346244870371
3.6,0.9971829292670117,0.0010857522462316802,0.0012129180742387348,0.000518400412517788
3.7,0.9971220824870984,0.0011101889403924176,0.0012319966945460023,0.0005357318779631038
3.8000000000000003,0.9970602778913789,0.0011347733876400663,0.001251613258166102,0.0005533354628148729
3.9000000000000004,0.9969974923719509,0.0011595201509367865,0.0012717696942782161,0.0005712177828339978
4.0,0.996933702222543,0.001184444355561415,0.0012924677943451143,0.0005893856275503945
4.1000000000000005,0.9968688831385143,0.001209561689109464,0.0013137092121131544,0.0006078459602629931
4.2,0.9968030102168548,0.0012348884014931215,0.0013354954636122822,0.0006266059180397372
4.3,0.996736057956185,0.0012604413049412512,0.0013578279271560315,0.0006456728117175841
4.4,0.9966680002567565,0.001286237773999394,0.0013807078433415241,0.0006650541259025054
4.5,0.9965988104204512,0.0013122957455297649,0.0014041363150494696,0.0006847575189694859
4.6000000000000005,0.996528461150782,0.0013386337187112555,0.001428114307444166,0.0007047908230625244
4.7,0.9964569245528924,0.0013652707550394338,0.0014526426479734987,0.0007251620440946337
4.800000000000001,0.9963841721335566,0.0013922264783265432,0.0014777220263689416,0.00074587936174784
4.9,0.9963101748011797,0.0014195210747015026,0.001503352994645556,0.0007669511294731834
5.0,0.9962349028657973,0.0014471752926099074,0.0015295359671019916,0.0007883858744907179
5.1000000000000005,0.996158326039076,0.001475210442814029,0.0015562712203204866,0.0008101922977895113
5.2,0.9960804134343126,0.0015036483983928138,0.0015835588931668657,0.0008323792741276449
5.300000000000001,0.9960011335664353,0.0015325115947418854,0.0016113989867905432,0.0008549558520322142
5.4,0.9959204543520025,0.001561823029573542,0.00163979136462452,0.0008779312537993279
5.5,0.9958383431092037,0.001591606262916758,0.001668735752385386,0.0009013148754941091
5.6000000000000005,0.9957547701158705,0.0016218766728920515,0.0016982379211102278,0.0009251152901271429
5.7,0.9956697134651117,0.0016526321453794336,0.0017283155498555522,0.0009493388396532944
5.800000000000001,0.9955831480330889,0.0016838793743097736,0.0017589798534572026,0.0009739927391441086
5.9,0.9954950478174265,0.0017156259072212729,0.001790241814319763,0.0009990844610324706
6.0,0.9954053860537562,0.0017478798327820423,0.0018221124105331497,0.0010246217029286225
6.1000000000000005,0.9953141352157171,0.001780649780790102,0.0018546026158726106,0.0010506123876201628
6.2,0.9952212670149558,0.0018139449221733811,0.001887723399798725,0.0010770646630720452
6.300000000000001,0.9951267524011262,0.0018477749689897183,0.0019214857274574043,0.0011039869024265809
6.4,0.9950305615618897,0.0018821501744268614,0.0019559005596798914,0.0011313877040034367
6.5,0.9949326639229151,0.0019170813328024672,0.0019909788529827613,0.0011592758912996359
6.6000000000000005,0.9948330281478784,0.0019525797795641028,0.0020267315595679206,0.001187660512989558
6.7,0.9947316221384632,0.001988657391289243,0.002063169627322607,0.001216550842924939
6.800000000000001,0.9946284130343604,0.002025326585685274,0.0021003039998193918,0.0012459563801348714
6.9,0.9945233672132685,0.0020626003215894894,0.0021381456163161753,0.0012758868488258026
7.0,0.9944164502908931,0.0021004920989690923,0.0021767054117561913,0.0013063521983815382
7.1000000000000005,0.9943076271209476,0.0021390159589211965,0.0022159943167680057,0.001337362603363239
7.2,0.9941968617951522,0.0021781864836728235,0.002256023257665514,0.0013689284635094222
7.300000000000001,0.9940841176432351,0.002218018796580905,0.002296803156447947,0.0014010604037359617
7.4,0.9939693572329318,0.0022585285621322814,0.0023383449307998634,0.0014337692741360868
7.5,0.9938525423699848,0.0022997319859437027,0.002380659494091156,0.001467066149980384
7.6000000000000005,0.9937336340981443,0.0023416458147618286,0.0024237577553770486,0.0015009623317167957
7.7,0.993612592699168,0.0023842873364632268,0.0024676506193980967,0.0015354693449706209
7.800000000000001,0.9934893776928209,0.0024276743800543763,0.0025123489865801884,0.0015705989405445145
7.9,0.9933639478368753,0.002471825315671663,0.0025578637530345415,0.0016063630944184873
8.0,0.9932362611271109,0.0025167590545813836,0.002604205810557708,0.0016427740077499075
8.1,0.9931062747973152,0.0025624950491797446,0.0026513860466315696,0.0016798441068734985
8.200000000000001,0.9929739453192824,0.002609053292992861,0.0026994153444233424,0.0017175860433013418
8.3,0.9928392284028148,0.002656454320676755,0.0027483045827855703,0.001756012693722872
8.4,0.9927020789957216,0.002704719208017362,0.002798064636256132,0.0017951371600048826
8.5,0.9925624511924038,0.0027538680381650727,0.0028487079008333526,0.0018349728685977138
8.6,0.9924203001889913,0.0028039081059252216,0.0029002583812774018,0.001875533323805987
8.700000000000001,0.9922755847770082,0.0028548489910140014,0.0029527357144815813,0.0019168305174961874
8.8,0.9921282630807242,0.002906702328297725,0.0030061580366426144,0.001958876554335415
8.9,0.9919782921001201,0.0029594803003330124,0.0030605437106773787,0.0020016838888694275
9.0,0.9918256277108876,0.003013195637366786,0.003115911326222897,0.002045265325522639
9.1,0.9916702246644292,0.003067861617336273,0.0031722796996363446,0.0020896340185981173
9.200000000000001,0.9915120365878582,0.0031234920658690063,0.0032296678739950446,0.0021348034722775897
9.3,0.9913510159839992,0.0031801013562828186,0.0032880951190964666,0.002180787540621435
9.4,0.9911871142313872,0.0032377044095858514,0.003347580931458233,0.002227600427568692
9.5,0.9910202815842682,0.003296316694476549,0.0034081450343181148,0.0022752566869370526
9.600000000000001,0.9908504671725994,0.003355954227343659,0.0034698073776340313,0.002323771222422868
9.700000000000001,0.9906776190020485,0.0034166335722662336,0.0035325881380840495,0.00237315928760114
9.8,0.9905016839539944,0.0034783718410136295,0.0035965077190663877,0.0024234364859255313
9.9,0.9903226077855266,0.0035411866930455077,0.0036615867506994138,0.0024746187707283588
10.0,0.9901403351294459,0.0036050963355118335,0.0037278460898216422,0.002526722445220595
10.100000000000001,0.9899548094942634,0.0036701195232528767,0.0037953068199917408,0.0025797641624918702
10.200000000000001,0.9897659732642017,0.003736275558799209,0.0038639902514885204,0.0026337609255104666
10.3,0.9895737676991939,0.003803584292371709,0.003933917921310946,0.002688730087123327
10.4,0.9893781329348842,0.003872066121881559,0.004005111593178131,0.002744689350056047
10.5,0.9891790079826275,0.0039417419929302444,0.0040775932575293355,0.00280165676691288
10.600000000000001,0.9889763307294896,0.004012633398809557,0.004151385131523973,0.0028596507401767346
10.700000000000001,0.9887700379382476,0.004084762380501589,0.0042265096590416,0.0029186900222091744
10.8,0.9885600652473888,0.004158151526678741,0.004302989510681927,0.00297879371525042
10.9,0.988346347171112,0.004232823973703713,0.004380847583764814,0.0030399812714193494
11.0,0.9881288170993267,0.004308803405629517,0.004460107002330266,0.003102272492713494
11.100000000000001,0.987907407297653,0.004386114054199462,0.004540791117138443,0.0031656875310090427
11.200000000000001,0.9876820489074223,0.004464780698847161,0.004622923505669646,0.0032302468880608393
11.3,0.9874526719456767,0.004544828666696537,0.004706527972124333,0.0032959714155023833
11.4,0.9872192053051692,0.004626283832561813,0.004791628547423108,0.003362882314845833
11.5,0.9869815767543637,0.0047091726189475176,0.004878249489206723,0.0034310011374819992
11.600000000000001,0.986739712937435,0.0047935219960484835,0.004966415281836082,0.003500349784680352
11.700000000000001,0.9864935393742689,0.0048793594817498455,0.005056150636392235,0.003570950507589013
11.8,0.9862429804604618,0.004966713141627046,0.005147480490676384,0.0036428259072347636
11.9,0.9859879594673212,0.0050556115889458285,0.005240430009209876,0.0037159989345230396
12.0,0.9857283985418656,0.005146083984662244,0.0053350245832342125,0.0037904928902379328
12.100000000000001,0.9854642187068241,0.005238160037422647,0.005431289830711043,0.003866331425042193
12.200000000000001,0.9851953398606369,0.005331870003563691,0.005529251596322161,0.0039435385394772215
12.3,0.984921680777455,0.0054272446871123405,0.005628935951469514,0.004022138583963079
12.4,0.9846431591071404,0.005524315439785862,0.005730369194275198,0.004102156258798483
12.5,0.9843596913752659,0.005623114160991824,0.0058335778495814585,0.004183616614160803
12.600000000000001,0.9840711640691805,0.005723719437896156,0.005938559622440129,0.004266556870483127
12.700000000000001,0.9837774493947997,0.005826228668988228,0.006045301856538265,0.004351020079673705
12.8,0.9834784723615798,0.005930651088686336,0.006153848870948673,0.004437027678785119
12.9,0.9831741566881134,0.006036995803568934,0.006264245976937325,0.004524601531380238
13.0,0.9828644238851483,0.006145273271319028,0.006376538541764619,0.00461376430176803
13.100000000000001,0.9825491932555868,0.006255495300724173,0.006490771988685383,0.004704539455003563
13.200000000000001,0.9822283818944866,0.00636767505167647,0.006606991796948871,0.0047969512568879985
13.3,0.9819019046890599,0.006481827035172581,0.00672524350179877,0.0048910247739686
13.4,0.9815696743186743,0.006597967113313711,0.00684557269447319,0.004986785873538729
13.5,0.9812316012548518,0.00671611249930562,0.006968025022204675,0.005084261223637845
13.600000000000001,0.9808875937612695,0.006836281757458618,0.007092646188220196,0.005183478293051508
13.700000000000001,0.9805375578937598,0.006958494803187562,0.007219481951741146,0.005284465351311369
13.8,0.9801813975003095,0.007082772903011864,0.007348578127983357,0.005387251468695185
13.9,0.9798190142210605,0.0072091386745554865,0.007479980588157082,0.005491866516226809
14.0,0.9794503074883097,0.007337616086546941,0.007613735259467006,0.005598341165676191
14.100000000000001,0.9790751745265089,0.007468230458819295,0.007749888125112243,0.005706706889559383
14.200000000000001,0.9786935103522649,0.007601008462310158,0.007888485224286331,0.005816995961138528
14.3,0.978305207774339,0.0077359781190616955,0.00802957265217724,0.005929241454421874
14.4,0.9779101573936482,0.007873168802220623,0.008173196559967368,0.006043477244163765
14.5,0.9775082476032635,0.008012611236038211,0.008319403154833545,0.0061597380058646435
14.600000000000001,0.9770993645884115,0.008154337495870276,0.008468238699947023,0.006278059215771051
14.700000000000001,0.9766833923264736,0.008298381008177183,0.008619749514473484,0.006398477150875624
14.8,0.9762602125869859,0.008444776550523853,0.008773981973573042,0.006521028888917102
14.9,0.9758297049316396,0.008593560251579759,0.008930982508400236,0.006645752308380319
15.0,0.9753917467142807,0.008744769591118917,0.009090797606104036,0.00677268608849621
15.100000000000001,0.9749462130809103,0.008898443400019903,0.009253473809827844,0.00690186970924181
15.200000000000001,0.9744929769696844,0.009054621860265838,0.009419057718709477,0.007033343451340244
15.3,0.9740319091109135,0.009213346504944393,0.009587595987881196,0.007167148396260741
15.4,0.9735628780270638,0.009374660218247795,0.00975913532846968,0.007303326426218633
15.5,0.9730857500327557,0.00953860723547282,0.009933722507596044,0.007441920224175342
15.600000000000001,0.9726003892347649,0.009705233143020794,0.010111404348375833,0.007582973273838393
15.700000000000001,0.9721066575320219,0.00987458487839759,0.010292227729919003,0.007726529859661407
15.8,0.9716044146156122,0.010046710730213636,0.010476239587329959,0.007872635066844104
15.9,0.9710935179687762,0.010221660338183915,0.010663486911707525,0.008021334781332302
16.0,0.9705738228669091,0.010399484693127951,0.010854016750144954,0.00817267568981792
16.1,0.9700451823775612,0.010580236136969833,0.011047876205729935,0.008326705279738975
16.2,0.9695074473604376,0.010763968362738177,0.011245112437544565,0.008483471839279572
16.3,0.9689604664673984,0.010950736414566179,0.0114457726606654,0.008643024457369934
16.400000000000002,0.9684040861424585,0.011140596687691566,0.011649904146163402,0.008805413023686367
16.5,0.967838150621788,0.011333606928456617,0.011857554221103957,0.008970688228651269
16.6,0.9672625019337117,0.011529826234308175,0.01206877026854691,0.009138901563433164
16.7,0.9666769798987092,0.011729315053797616,0.012283599727546491,0.009310105319946641
16.8,0.9660814221294152,0.011932135186580886,0.012502090093151407,0.009484352590852419
16.900000000000002,0.9654756640306194,0.012138349783418469,0.012724288916404758,0.00966169726955729
17.0,0.9648595387992663,0.01234802334617539,0.01295024380434407,0.009842194050214149
17.1,0.9642328774244553,0.012561221727821256,0.013180002420001334,0.010025898427722005
17.2,0.9635955086874408,0.01277801213243019,0.013413612482402923,0.010212866697725947
17.3,0.9629472591616322,0.012998463115180898,0.013651121766569685,0.010403155956617179
17.400000000000002,0.9622879532125934,0.013222644582356611,0.013892578103516857,0.010596824101532985
17.5,0.9616174129980439,0.013450627791345116,0.014138029380254121,0.010793929830356753
17.6,0.9609354584678576,0.01368248535063877,0.014387523539785597,0.010994532641717989
17.7,0.9602419073640633,0.01391829121983445,0.014641108581109811,0.011198692834992259
17.8,0.9595365752208452,0.014158120709633617,0.01489883255921975,0.011406471510301271
17.900000000000002,0.958819275364542,0.014402050481842262,0.015160743585102793,0.0116179305685128
18.0,0.9580898189136475,0.014650158549370915,0.015426889825740758,0.011833132711240719
18.1,0.9573480147788103,0.014902524276234693,0.015697319504109918,0.012052141440845028
18.2,0.9565936535127649,0.015159260101315667,0.01597205296143496,0.012275033424484433
18.3,0.9558265066209186,0.01542049895520491,0.016251089284555105,0.012501905139321303
18.400000000000002,0.9550464075616094,0.015686233982005363,0.016534546959036087,0.012732811497349087
18.5,0.9542531906674468,0.015956453194012465,0.016822549894171417,0.012967806244369237
18.6,0.9534466869876782,0.01623114814060275,0.01711521994734818,0.013206944924370866
18.7,0.9526267242881885,0.016510313908233792,0.017412676924046966,0.013450284879530691
18.8,0.9517931270515007,0.016793949120444285,0.017715038577841954,0.0136978852502131
18.900000000000002,0.9509457164767751,0.01708205593785395,0.018022420610400828,0.013949806974970091
19.0,0.9500843104798102,0.017374640058163596,0.01833493667148483,0.014206112790541296
19.1,0.949208723693042,0.017671710716155135,0.01865269835894877,0.014466867231854015
19.200000000000003,0.9483187674655443,0.017973280683691518,0.018975815218740966,0.014732136632023152
19.3,0.9474142498630287,0.01827936626971677,0.019304394744903298,0.015001989122351254
19.400000000000002,0.9464949756678442,0.018589987320256025,0.019638542379571206,0.015276494632328528
19.5,0.9455607463789781,0.018905167218415446,0.01997836151297364,0.015555724889632779
19.6,0.944611360212055,0.019224932884382318,0.020323953483433136,0.01583975342012949
19.700000000000003,0.9436466120993375,0.019549314775424955,0.02067541757736575,0.01612865554787175
19.8,0.9426662936897259,0.01987834688589276,0.02103285102928107,0.01642250839510028
19.900000000000002,0.941670193348758,0.020212066747216234,0.02139634902178227,0.016721390882243482
20.0,0.9406580961586097,0.020550515427906913,0.02176600468556602,0.017025383727917336
20.1,0.9396297839180944,0.020893737533557447,0.022141909099422593,0.01733456944892551
20.200000000000003,0.9385850351426634,0.021241781206841524,0.022524151290235758,0.017649032360259272
20.3,0.9375236250644057,0.02159469812751392,0.02291281823298283,0.017968858575097536
20.400000000000002,0.9364453256320479,0.0219525435124105,0.02330799485073471,0.018294136004806873
20.5,0.9353499055109545,0.022315376115448173,0.023709764014655795,0.018624954358941456
20.6,0.9342371300831278,0.02268325822762496,0.024118206544004074,0.01896140514524313
20.700000000000003,0.9331067614472076,0.023056255677019917,0.024533401206131053,0.019303581669641353
20.8,0.9319585584184717,0.02343443782879319,0.024955424716481763,0.019651579036253208
20.900000000000002,0.9307922765288357,0.02381787758518602,0.02538435173859484,0.020005494147383465
21.0,0.9296076680268525,0.024206651385520674,0.025820254884102393,0.02036542570352446
21.1,0.928404481877713,0.024600839206200556,0.02626320471273015,0.02073147420335624
21.200000000000003,0.9271824637632461,0.02500052456071009,0.02671326973229733,0.021103741943746437
21.3,0.9259413560819182,0.025405794499614782,0.027170516398716697,0.021482333019750322
21.400000000000002,0.9246808979488332,0.025816739610561253,0.027635009115994605,0.021867353324610837
21.5,0.9234008251957334,0.026233454018277143,0.028106810236230892,0.022258910549758513
21.6,0.9221008703709981,0.026656035384571217,0.028585980059619015,0.022657114184811568
21.700000000000003,0.9207807627396449,0.02708458490833327,0.02907257683444591,0.023062075517575827
21.8,0.9194402282833289,0.027519207325534187,0.02956665675709207,0.023473907634044736
21.900000000000002,0.918078989700343,0.027960010909225955,0.030068273972031573,0.023892725418399423
22.0,0.9166967664056177,0.028407107469541573,0.03057748057183199,0.024318645553008604
22.1,0.9152932745307215,0.028860612353695192,0.031094326597154484,0.02475178651842868
22.200000000000003,0.9138682269238605,0.02932064444598198,0.03161886003675374,0.025192268593403653
22.3,0.9124213331498786,0.02978732616777817,0.032151126827477956,0.025640213854865146
22.400000000000002,0.9109522994902574,0.030260783477541138,0.03269117085426895,0.02609574617793249
22.5,0.9094608289431161,0.030741145870809245,0.033239033950162006,0.026558991235912564
22.6,0.9079466212232119,0.03122854638020202,0.03379475589628603,0.027030076500299968
22.700000000000003,0.9064093727619397,0.03172312157541998,0.034358374421863395,0.027509131240776873
22.8,0.904848776707332,0.03222501156324476,0.034929925204210066,0.027996286525213094
22.900000000000002,0.9032645099796062,0.03273443716596227,0.03550936237738897,0.028491690477042555
23.0,0.9016562257277358,0.0332519167404979,0.036096300320251795,0.028995557211514443
23.1,0.9000237262783028,0.03377735001984031,0.03669093413358506,0.02950798956827174
23.200000000000003,0.8983668341424543,0.03431053878629453,0.03729355400494135,0.030029073066309708
23.3,0.8966853705281826,0.03485129413113963,0.037904438979240895,0.030558896361436827
23.400000000000002,0.8949791553403247,0.03539943645462878,0.03852385695877163,0.03109755124627486
23.5,0.8932480071805631,0.035954795465989085,0.039152064703189035,0.03164513265025873
23.6,0.8914917433474251,0.03651721018342181,0.039789307829516375,0.03220173863963665
23.700000000000003,0.8897101798362833,0.03708652893410216,0.04043582081214445,0.03276747041747002
23.8,0.8879031313393554,0.03766260935417941,0.04109182698283174,0.03334243232363345
23.900000000000002,0.8860704112457037,0.03824531838877692,0.041757538530704415,0.03392673183481486
24.0,0.8842118316412364,0.038834532291992005,0.04243315650225622,0.03452047956451529
24.1,0.8823272033087061,0.03943013662689612,0.043118870801348644,0.0351237892630491
24.200000000000003,0.8804163357277107,0.04003202626553468,0.04381486018921075,0.03573677781754382
24.3,0.8784790370746933,0.04064010538892715,0.04452129228443924,0.036359565251940215
24.400000000000002,0.876515114222942,0.04125428748706708,0.04523832356299855,0.03699227472699232
24.5,0.87452437274259,0.041874495358922,0.04596609935822065,0.037635032540267316
24.6,0.8725066169006154,0.04250066111243355,0.04670475386080529,0.038287968126145724
24.700000000000003,0.8704616496608416,0.04313272616451734,0.04745441011881977,0.03895121405582119
24.8,0.8683892726839373,0.043770641241063044,0.04821518003769903,0.039624906037300615
24.900000000000002,0.8662892863274156,0.0444143663769344,0.04898716438024575,0.040309182915404175
25.0,0.8641614896456354,0.04506387091596915,0.04977045276663017,0.0410041866717652
25.1,0.8620056803898003,0.04571913351097911,0.05056512367439025,0.04171006242483033
25.200000000000003,0.8598216550079589,0.046380142123750114,0.05137124443843154,0.04242695842985936
25.3,0.8576092086450053,0.047046894025042,0.05218887125102724,0.04315502607892532
25.400000000000002,0.8553681351426784,0.047719395794588754,0.05301804916181828,0.043894419900914534
25.5,0.8530982270395622,0.04839766332109826,0.05385881207781311,0.044645297561526465
25.6,0.8507992755710855,0.04908172180225258,0.05471118276338796,0.04540781986327388
25.700000000000003,0.8484710706695229,0.04977160574470771,0.055575172840286624,0.04618215074548273
25.8,0.8461134009639935,0.05046735896409371,0.05645078278762053,0.046968457284292164
25.900000000000002,0.8437260537804616,0.05116903458501473,0.05733800194186887,0.04776690969265466
26.0,0.8413088151417368,0.05187669504104891,0.05823680849687833,0.048577681320335804
26.1,0.8388614697674736,0.052590412074748454,0.05914716950386338,0.04940094865391451
26.200000000000003,0.8363838010741713,0.05331026673763959,0.060069040871406076,0.05023689131678287
26.3,0.8338755911751751,0.05403634939022256,0.06100236736545607,0.05108569206914615
26.400000000000002,0.8313366208806744,0.05476875970197173,0.0619470826093308,0.05194753680802299
26.5,0.8287666696977042,0.055507606651335396,0.06290310908371521,0.052822614567245095
26.6,0.8261655158301443,0.056253008525736004,0.06387035812666202,0.05371111751745753
26.700000000000003,0.8235329361787199,0.057005092921569966,0.06484872993359148,0.05461324096611851
26.8,0.8208687063410012,0.057763996744207714,0.06583811355729155,0.055529183357499456
26.900000000000002,0.8181726006114031,0.058529866207993816,0.06683838690791788,0.056459146272685126
27.0,0.815444391981186,0.05930285683624678,0.06784941675299364,0.05740333442957337
27.1,0.8126838521384554,0.06008313346125922,0.06887105871740982,0.0583619556828754
27.200000000000003,0.8098907514681616,0.060870870224297775,0.06990315728342494,0.05933522102411556
27.3,0.8070648590521002,0.06166625057560306,0.07094554579066514,0.0603233445816314
27.400000000000002,0.8042059426689118,0.062469467274389845,0.07199804643612437,0.061326543620573826
27.5,0.8013137687940821,0.06328072238884683,0.07306047027416403,0.06234503854290682
27.6,0.7983881201459282,0.06410021810476746,0.07413261110896606,0.06337905064033829
27.700000000000003,0.7954291902933132,0.06492776388187267,0.07521431952499011,0.06442872629982402
27.8,0.7924372366833414,0.06576271262882445,0.07630590319121502,0.06549414749661908
27.900000000000002,0.7894124365449152,0.06660442267343127,0.0774077388341268,0.06657540194752672
28.0,0.7863549695513743,0.06745227446957854,0.07852017537314189,0.0676725806059053
28.1,0.7832650178204948,0.06830567059722889,0.07964353392060755,0.06878577766166874
28.200000000000003,0.7801427659144903,0.06916403576242194,0.08077810778180157,0.0699150905412862
28.3,0.7769884008400111,0.07002681679727443,0.08192416245493236,0.0710606199077821
28.400000000000002,0.7738021120481442,0.07089348265998023,0.08308193563113912,0.07222246966073645
28.5,0.770584091434414,0.07176352443481021,0.0842516371944915,0.07340074693628434
28.6,0.7673345333387812,0.07263645533211244,0.08543344922198993,0.07459556210711643
28.700000000000003,0.764053634545644,0.07351181068831197,0.08662752598356545,0.07580702878247855
28.8,0.7607415942838374,0.07438914796591098,0.08783399394207964,0.07703526380817195
28.900000000000002,0.757398614226633,0.07526804675348878,0.0890529517533249,0.07828038726655329
29.0,0.7540248984917398,0.07614810876570169,0.09028447026602406,0.07954252247653441
29.1,0.7506206536413033,0.0770289578432832,0.09152859252183082,0.08082179599358272
29.200000000000003,0.7471860886819061,0.07791023995304382,0.09278533375532932,0.08211833760972077
29.3,0.7437214150645679,0.07879162318787114,0.09405468139403443,0.08343228035352654
29.400000000000002,0.7402268466847449,0.07967279776672995,0.09533659505839168,0.0847637604901334
29.5,0.7367025998823309,0.08055347603466195,0.09663100656177717,0.08611291752122996
29.6,0.7331488934416558,0.08143339246278612,0.09793781991049774,0.08747989418506033
29.700000000000003,0.729565948591487,0.0823123036482984,0.09925691130379077,0.0888648364564238
29.8,0.7259539890050288,0.0831899883144718,0.10058812913382428,0.09026789354667508
29.900000000000002,0.7223132407999221,0.08406624731065657,0.10193129398569707,0.09168921790372428
30.0,0.7186439325382451,0.08494090361227982,0.10328619863743836,0.09312896521203672
30.1,0.7149462952265124,0.08581380232084601,0.10465260806000826,0.09458729439263326
30.200000000000003,0.7112205623156763,0.08668481066393648,0.10603025941729732,0.09606436760308994
30.3,0.7074669697011254,0.0875538179952097,0.10741886206612676,0.09756035023753812
30.400000000000002,0.7036857557226854,0.08842073579440132,0.10881809755624858,0.09907541092666473
30.5,0.6998771611646191,0.08928549766732397,0.11022761963034519,0.10060972153771178
30.6,0.6960414292556258,0.09014805934586746,0.11164705422402992,0.10216345717447686
30.700000000000003,0.6921788056688422,0.09100839868799862,0.11307599946584651,0.10373679617731274
30.8,0.6882895385218418,0.09186651567776136,0.11451402567726936,0.10532992012312753
30.900000000000002,0.6843738783766347,0.09272243242527675,0.1159606753727037,0.10694301382538487
31.0,0.6804320782396686,0.09357619316674287,0.11741546325948515,0.1085762653341035
31.1,0.6764643935618272,0.09442786426443497,0.1188778762378802,0.11022986593585776
31.200000000000003,0.6724710822384319,0.09527753420670532,0.12034737340108581,0.11190401015377714
31.3,0.6684524046092408,0.09612531360798322,0.1218233860352296,0.11359889574754647
31.400000000000002,0.6644086234584488,0.09697133520877525,0.12330531761936997,0.11531472371340612
31.5,0.6603400040146878,0.09781575387566491,0.12479254382549575,0.1170516982841516
31.6,0.6562468139510268,0.09865874660131284,0.12628441251852662,0.11881002692913392
31.700000000000003,0.6521293233849712,0.0995005125044568,0.12778024375631275,0.12058992035425935
31.8,0.6479878048784643,0.10034127282991154,0.12927932978963497,0.12239159250198944
31.900000000000002,0.6438226131993584,0.10118109905497454,0.13078106037544635,0.1242152273702207
32.0,0.6396350014321723,0.10201815902384644,0.13228620240931777,0.1260606371346635
32.1,0.6354260156869821,0.10285110145000152,0.13379516588922097,0.1279277169737954
32.2,0.6311965353952661,0.10367895846718818,0.13530807665288336,0.1298164294846624
32.300000000000004,0.6269474322531717,0.10450080200271963,0.1368250269062685,0.13172673883784017
32.4,0.6226795702215164,0.10531574377747387,0.13834607522357592,0.1336586107774338
32.5,0.6183938055257862,0.10612293530589384,0.13987124654724153,0.13561201262107855
32.6,0.6140909866561371,0.10692156789598718,0.14140053218793694,0.13758691325993877
32.7,0.6097719543673951,0.10771087264932638,0.14293388982456998,0.13958328315870866
32.800000000000004,0.6054375416790547,0.10849012046104875,0.14447124350428453,0.141601094355612
32.9,0.6010885738752811,0.10925862201985637,0.14601248364246042,0.14364032046240208
33.0,0.5967258685049077,0.11001572780801629,0.14755746702271386,0.1457009366643622
33.1,0.592350235381438,0.11076082810136022,0.14910601679689683,0.14778291972030497
33.2,0.5879624765830452,0.11149335296928473,0.15065792248509746,0.14988624796257263
33.300000000000004,0.5835633864525717,0.11221277227475124,0.15221293997563995,0.15201090129703718
33.4,0.5791537515975298,0.11291859567428589,0.15377079152508444,0.15415686120309993
33.5,0.5747343508901003,0.11361037261797982,0.1553311657582275,0.15632411073369246
33.6,0.5703059554671345,0.11428769234948885,0.1568937176681014,0.15851263451527536
33.7,0.5658693287301527,0.11495018390603362,0.15845806861597458,0.16072241874783913
33.800000000000004,0.561425226345345,0.11559751611839965,0.1600238063313516,0.1629534512049038
33.9,0.556974396243571,0.11622939761093716,0.16159048491197292,0.16520572123351893
34.0,0.5525175786203591,0.11684557680156138,0.16315762482381535,0.16747921975426414
34.1,0.548055505935908,0.1174458419017522,0.1647247129010916,0.16977393926124823
34.2,0.5435889029150854,0.11803002091655437,0.1662912023462504,0.1720898738221098
34.300000000000004,0.539118486547429,0.11859798164457747,0.16785651272997654,0.17442701907801703
34.4,0.5346449660871457,0.11914963167799583,0.1694200299911909,0.17678537224366758
34.5,0.5301690430531114,0.11968491840254876,0.1709811064370506,0.17916493210728923
34.6,0.5256914112288722,0.12020382899754024,0.17253906074294864,0.18156569903063893
34.7,0.5212127566626434,0.12070639043583911,0.17409317795251406,0.1839876749490034
34.800000000000004,0.5167337576673101,0.12119266948387902,0.175642709477612,0.18643086337119893
34.9,0.5122550848204265,0.12166277270165844,0.1771868730983437,0.18889526937957135
35.0,0.5077774009642162,0.1221168464427407,0.17872485296304652,0.1913808996299966
35.1,0.5033013612055726,0.1225550768542539,0.18025579958829382,0.19388776235187974
35.2,0.4988276129160585,0.12297768987689096,0.18177882985889496,0.1964158673481556
35.300000000000004,0.4943567957319063,0.12338495124490963,0.18329302702789543,0.19896522599528865
35.4,0.48988954155401804,0.12377716648613243,0.18479744071657672,0.20153585124327283
35.5,0.4854264745479644,0.12415468092194683,0.18629108691445662,0.20412775761563223
35.6,0.48096821114398636,0.12451787966730496,0.18777294797928867,0.20674096120941998
35.7,0.47651536003699435,0.12486718763072388,0.18924197263706266,0.20937547969521914
35.800000000000004,0.47206855630369343,0.12520296995304622,0.19069715587421718,0.2120313178690432
35.9,0.467629160807881,0.12552351345182405,0.19213919343636762,0.21470813230392738
36.0,0.46319842021514335,0.12582748947745256,0.19356855946444324,0.2174055308429609
36.1,0.45877735467626385,0.12611421193316205,0.19498523561407868,0.22012319777649544
36.2,0.4543669591061362,0.1263830405711884,0.1963891791479491,0.2228608211747263
36.300000000000004,0.4499682031837648,0.12663338099277302,0.19778032293577,0.22561809288769225
36.4,0.4455820313522648,0.1268646846481628,0.19915857545429722,0.22839470854527522
36.5,0.4412093628188613,0.1270764488366103,0.20052382078732725,0.2311903675572012
36.6,0.4368510915548909,0.12726821670637342,0.2018759186256967,0.23400477311303905
36.7,0.43250808629580045,0.1274395772547157,0.20321470426728266,0.23683763218220122
36.800000000000004,0.42818119054114767,0.12759016532790618,0.20453998861700262,0.23968865551394358
36.9,0.4238712225546011,0.12771966162121942,0.20585155818681433,0.24255755763736525
37.0,0.4195789753639389,0.12782779267893554,0.20714917509571623,0.24544405686140935
37.1,0.4153052167610511,0.12791433089434018,0.2084325770697469,0.24834787527486188
37.2,0.4110506893019378,0.12797909450972444,0.20970147744198542,0.2512687387463524
37.300000000000004,0.40681611030670983,0.12802194761638505,0.21095556515255118,0.254206376924354
37.4,0.4026021718595891,0.12804280015462421,0.2121945047486039,0.25716052323718286
37.5,0.3984095408089071,0.12804160791374963,0.21341793638434403,0.2601309148929993
37.6,0.39423885876710696,0.12801837253207463,0.21462547582101205,0.26311729287980645
37.7,0.3900907421107422,0.12797314149691794,0.21581671442688893,0.26611940196545103
37.800000000000004,0.3859657819804769,0.1279060081446039,0.2169912191772961,0.26913699069762315
37.9,0.38186454428108607,0.1278171116604624,0.21814853265459527,0.2721698114038563
38.0,0.37778756968145466,0.12770663707882876,0.21928817304818876,0.2752176201915279
38.1,0.373735373614579,0.12757481528304393,0.22040963415451903,0.2782801769478581
38.2,0.36970844627756577,0.12742192300545432,0.22151238537706905,0.2813572453399109
38.300000000000004,0.36570725263163245,0.1272482828274119,0.22259587172636217,0.2844485928145936
38.400000000000006,0.36173223240210695,0.12705426317927415,0.22365951381996207,0.2875539905986569
38.5,0.35778380007842836,0.1268402783404041,0.22470270788247287,0.29067321369869475
38.6,0.3538623449141454,0.12660678843917028,0.22572482574553923,0.2938060409011452
38.7,0.3499682309269184,0.12635429945294677,0.2267252148478459,0.29695225477228904
38.800000000000004,0.34610179689851794,0.12608336320811314,0.22770319823511828,0.30011164165825077
38.900000000000006,0.3422633563748254,0.12579457738005456,0.22865807456012202,0.3032839916849982
39.0,0.3384531976658329,0.12548858549316172,0.22958911808266308,0.30646909875834244
39.1,0.3346715838456426,0.1251660769208307,0.23049557866958814,0.3096667605639387
39.2,0.33091875275246796,0.12482778688546328,0.23137668179478396,0.312876778567285
39.300000000000004,0.32719491698863296,0.12447449645846669,0.23223162853917778,0.3160989580137228
39.400000000000006,0.3235002639205721,0.1241070325602537,0.23305959559073725,0.3193331079284372
39.5,0.31983495567883086,0.12372626796024261,0.23385973524447035,0.3225790411164564
39.6,0.31619925620383604,0.1233327733531947,0.23463145597029916,0.3258365144726701
39.7,0.3125942633855065,0.12292469539549042,0.23537622940113156,0.3291048118178715
39.800000000000004,0.30902049959959565,0.12250153560018645,0.23609460408640126,0.3323833607138166
39.900000000000006,0.30547830924292174,0.12206323850742284,0.2367867909570994,0.335671661292556
40.0,0.3019680167638748,0.1216097745457574,0.23745298664286157,0.3389692220475062
40.1,0.298489926662416,0.12114114003216563,0.23809337347196788,0.3422755598334504
40.2,0.29504432349007886,0.12065735717204093,0.23870811947134277,0.3455901998665374
40.300000000000004,0.29163147184996824,0.12015847405919447,0.23929737836655507,0.3489126757242822
40.400000000000006,0.2882516163967607,0.11964456467585516,0.23986128958181807,0.352242529345566
40.5,0.2849049818367048,0.11911572889266978,0.2403999782399895,0.3555793110306359
40.6,0.28159177292762,0.11857209246870276,0.24091355516257149,0.3589225794411057
40.7,0.2783121744788981,0.11801380705143644,0.2414021168697106,0.3622719015999548
40.800000000000004,0.2750663513515024,0.11744105017677088,0.24186574558019783,0.36562685289152885
40.900000000000006,0.27185444845796786,0.11685402526902398,0.2423045092114685,0.36898701706153963
41.0,0.26867659076240125,0.11625296164093142,0.24271846137960248,0.3723519862170648
41.1,0.26553288328048047,0.11563811449364658,0.24310764139932403,0.3757213608265489
41.2,0.26242341107945566,0.11500976491674071,0.24347207428400175,0.37909474971980184
41.300000000000004,0.25934823927814854,0.11436821988820284,0.24381177074564875,0.3824717700879998
41.400000000000006,0.2563074130469523,0.11371381227443977,0.2441267271949225,0.3858520474836854
41.5,0.25330095760783217,0.11304690083027615,0.24441692574112495,0.3892352158207667
41.6,0.25032887823432437,0.11236787019895424,0.24468233419220245,0.3926209173745189
41.7,0.24739116025153746,0.11167713091213427,0.24492290605474573,0.3960088027815825
41.800000000000004,0.24448776903615138,0.11097511938989417,0.24513858053398999,0.3993985310399645
41.900000000000006,0.2416186500164178,0.1102622979407297,0.2453292825338148,0.40278976950903767
42.0,0.23878372867216022,0.10953915476155443,0.24549492265674422,0.4061821939095411
42.1,0.23598291053477327,0.10880620393769955,0.24563539720394673,0.40957548832358043
42.2,0.2332160811872238,0.10806398544291423,0.2457505881752351,0.4129693451946268
42.300000000000004,0.23048310626405022,0.10731306513936535,0.24584036326906666,0.4163634653275177
42.400000000000006,0.22778383145136244,0.10655403477763757,0.24590457588254316,0.41975755788845676
42.5,0.22511808248684245,0.1057875119967334,0.24594306511141067,0.42315134040501345
42.6,0.2224856651597431,0.105014140324073,0.24595565575005976,0.4265445387661241
42.7,0.21988636531088968,0.10423458917549444,0.24594215829152538,0.42993688722209045
42.800000000000004,0.21731994883267888,0.10344955385525352,0.24590236892748693,0.4333281283845806
42.900000000000006,0.21478616166907905,0.10265975555602386,0.24583606954826825,0.4367180132266288
43.0,0.2122847298156304,0.10186594135889691,0.24574302774283754,0.44010630108263504
43.1,0.20981535931944434,0.10106888423338174,0.24562299679880745,0.44349275964836643
43.2,0.2073777362792044,0.10026938303740535,0.24547571570243504,0.44687716498095514
43.300000000000004,0.20497152684516562,0.0994682625173125,0.24530090913862185,0.4502593014989
43.400000000000006,0.202596930076296,0.09866493381782374,0.24509955748675785,0.4536385786191224
43.5,0.20025425461185828,0.09785832242994587,0.24487316515259866,0.4570142578055971
43.6,0.19794329199412777,0.09704860065116777,0.24462217930282434,0.46038592805188006
