step,S,E,I,R
0,0.99995,0.0,5.0e-5,0.0
1,0.99995,0.0,5.0e-5,0.0
2,0.9998,0.00015,5.0e-5,0.0
3,0.99975,0.0002,5.0e-5,0.0
4,0.99975,0.0002,5.0e-5,0.0
5,0.9997,0.0002,0.0001,0.0
6,0.9996,0.0003,0.0001,0.0
7,0.9995,0.0004,5.0e-5,5.0e-5
8,0.99945,0.00035,0.00015,5.0e-5
9,0.99935,0.0004,0.0002,5.0e-5
10,0.9991,0.00065,0.00015,0.0001
11,0.9987,0.0009,0.00025,0.00015
12,0.99835,0.001,0.0005,0.00015
13,0.99785,0.0014,0.0006,0.00015
14,0.99725,0.0017,0.00085,0.0002
15,0.9969,0.0019,0.001,0.0002
16,0.9963,0.0022,0.0012,0.0003
17,0.99545,0.00275,0.00125,0.00055
18,0.9941,0.00395,0.00125,0.0007
19,0.99265,0.0047,0.0018,0.00085
20,0.9909,0.0056,0.0025,0.001
21,0.9889,0.0063,0.0035,0.0013
22,0.986,0.0079,0.0042,0.0019
23,0.98265,0.00995,0.00525,0.00215
24,0.97855,0.0126,0.00595,0.0029
25,0.97255,0.01615,0.0078,0.0035
26,0.9658,0.01995,0.00965,0.0046
27,0.95715,0.0246,0.01265,0.0056
28,0.9463,0.03095,0.016,0.00675
29,0.93295,0.0392,0.01965,0.0082
30,0.9172,0.0485,0.0238,0.0105
31,0.89725,0.05945,0.0303,0.013
32,0.87345,0.07165,0.03885,0.01605
33,0.84365,0.0871,0.0497,0.01955
34,0.8073,0.1067,0.0623,0.0237
35,0.7655,0.1307,0.07385,0.02995
36,0.71685,0.154,0.09135,0.0378
37,0.6638,0.17855,0.1115,0.04615
38,0.60335,0.2033,0.13645,0.0569
39,0.5358,0.2316,0.1627,0.0699
40,0.4669,0.25515,0.19225,0.0857
41,0.3967,0.27295,0.22505,0.1053
42,0.3295,0.2848,0.25825,0.12745
43,0.2685,0.28425,0.2917,0.15555
44,0.21245,0.278,0.3237,0.18585
45,0.1637,0.2663,0.34925,0.22075
46,0.12385,0.2459,0.37045,0.2598
47,0.09325,0.2204,0.38535,0.301
48,0.07055,0.19085,0.39615,0.34245
49,0.0545,0.1599,0.39965,0.38595
50,0.04345,0.1335,0.39015,0.4329
51,0.03525,0.1073,0.3808,0.47665
52,0.0289,0.08935,0.36115,0.5206
53,0.0255,0.07135,0.341,0.56215
54,0.02215,0.0586,0.3151,0.60415
55,0.01985,0.0478,0.2881,0.64425
56,0.01965,0.03845,0.2633,0.6786
57,0.01925,0.0315,0.2393,0.70995
58,0.01945,0.02675,0.2151,0.7387
59,0.0196,0.02225,0.19365,0.7645
60,0.01965,0.0193,0.1748,0.78625
61,0.0201,0.01655,0.1569,0.80645
62,0.02185,0.01435,0.1387,0.8251
63,0.0231,0.0129,0.12255,0.84145
64,0.0247,0.0105,0.10885,0.85595
65,0.02625,0.00915,0.0959,0.8687
66,0.0276,0.00895,0.08475,0.8787
67,0.02955,0.00855,0.075,0.8869
68,0.0304,0.00825,0.06685,0.8945
69,0.03265,0.00715,0.0597,0.9005
70,0.03555,0.00625,0.0532,0.905
71,0.03785,0.00505,0.0478,0.9093
72,0.0404,0.0052,0.04165,0.91275
73,0.04215,0.005,0.03755,0.9153
74,0.0443,0.00455,0.0337,0.91745
75,0.04655,0.0046,0.0304,0.91845
76,0.04875,0.00475,0.02755,0.91895
77,0.05085,0.00475,0.02485,0.91955
78,0.0533,0.00465,0.02195,0.9201
79,0.05555,0.00475,0.01925,0.92045
80,0.0576,0.00455,0.01725,0.9206
81,0.0595,0.00425,0.01545,0.9208
82,0.0617,0.00395,0.0147,0.91965
83,0.0643,0.0036,0.0133,0.9188
84,0.06715,0.00315,0.01165,0.91805
85,0.0701,0.003,0.01005,0.91685
86,0.07285,0.00265,0.0097,0.9148
87,0.07635,0.00205,0.00905,0.91255
88,0.0789,0.00195,0.00845,0.9107
89,0.08155,0.002,0.00745,0.909
90,0.08405,0.00185,0.0067,0.9074
91,0.08705,0.00175,0.00575,0.90545
92,0.09005,0.00175,0.0054,0.9028
93,0.09305,0.0014,0.0053,0.90025
94,0.095,0.0017,0.0046,0.8987
95,0.0986,0.0014,0.0042,0.8958
96,0.1012,0.0011,0.0042,0.8935
97,0.10335,0.00105,0.00395,0.89165
98,0.105,0.00115,0.0035,0.89035
99,0.1076,0.00115,0.0031,0.88815
100,0.11055,0.0011,0.0025,0.88585
101,0.11335,0.0007,0.0025,0.88345
102,0.11605,0.00065,0.00245,0.88085
103,0.11875,0.00065,0.00225,0.87835
104,0.1212,0.0008,0.0018,0.8762
105,0.1237,0.0009,0.0016,0.8738
106,0.12685,0.0006,0.00165,0.8709
107,0.1296,0.00055,0.0015,0.86835
108,0.13195,0.00065,0.00135,0.86605
109,0.13455,0.00065,0.00125,0.86355
110,0.13735,0.00065,0.001,0.861
111,0.1395,0.0004,0.00125,0.85885
112,0.1423,0.0004,0.0013,0.856
113,0.1445,0.0005,0.001,0.854
114,0.14675,0.0006,0.0009,0.85175
115,0.14895,0.00045,0.00075,0.84985
116,0.1515,0.00035,0.0009,0.84725
117,0.1542,0.0004,0.0008,0.8446
118,0.1561,0.0005,0.00065,0.84275
119,0.15845,0.00045,0.0006,0.8405
120,0.16085,0.0003,0.0006,0.83825
121,0.1639,0.0004,0.00065,0.83505
122,0.16585,0.00045,0.00065,0.83305
123,0.1686,0.00045,0.0007,0.83025
124,0.1714,0.0004,0.00055,0.82765
125,0.1739,0.00055,0.0006,0.82495
126,0.17615,0.00045,0.00075,0.82265
127,0.17875,0.00035,0.0008,0.8201
128,0.18075,0.0004,0.00085,0.818
129,0.1832,0.0005,0.00085,0.81545
130,0.1848,0.0008,0.00085,0.81355
131,0.187,0.001,0.00085,0.81115
132,0.18965,0.0008,0.00085,0.8087
133,0.1921,0.0007,0.001,0.8062
134,0.1948,0.0006,0.00095,0.80365
135,0.1968,0.0006,0.0009,0.8017
136,0.1995,0.0007,0.0007,0.7991
137,0.202,0.0006,0.0009,0.7965
138,0.2046,0.0007,0.00095,0.79375
139,0.2067,0.0007,0.0009,0.7917
140,0.20865,0.00055,0.0008,0.79
141,0.21045,0.0007,0.00095,0.7879
142,0.21225,0.0007,0.00085,0.7862
143,0.2143,0.0008,0.00095,0.78395
144,0.21625,0.0007,0.00095,0.7821
145,0.2185,0.00055,0.00115,0.7798
146,0.2208,0.0005,0.00125,0.77745
147,0.2232,0.0005,0.0012,0.7751
148,0.2253,0.00055,0.0012,0.77295
149,0.2271,0.001,0.0011,0.7708
150,0.229,0.0013,0.00115,0.76855
151,0.2303,0.0013,0.0011,0.7673
152,0.23155,0.00135,0.00145,0.76565
153,0.23335,0.0014,0.00155,0.7637
154,0.2355,0.00145,0.0017,0.76135
155,0.2375,0.0014,0.002,0.7591
156,0.2397,0.00135,0.00205,0.7569
157,0.24095,0.00145,0.0019,0.7557
158,0.24275,0.00165,0.002,0.7536
159,0.2442,0.002,0.0017,0.7521
160,0.2458,0.00195,0.00195,0.7503
161,0.24755,0.00195,0.0021,0.7484
162,0.25015,0.00195,0.00215,0.74575
163,0.25145,0.00175,0.00235,0.74445
164,0.25285,0.0018,0.00265,0.7427
165,0.25445,0.0021,0.0024,0.74105
166,0.2556,0.0021,0.00225,0.74005
167,0.25765,0.002,0.0025,0.73785
168,0.2595,0.00195,0.00255,0.736
169,0.26065,0.0023,0.00225,0.7348
170,0.26175,0.00255,0.0023,0.7334
171,0.2635,0.00235,0.00225,0.7319
172,0.2652,0.00235,0.00245,0.73
173,0.26675,0.0022,0.0029,0.72815
174,0.2684,0.0025,0.00325,0.72585
175,0.26985,0.00275,0.0035,0.7239
176,0.2713,0.0028,0.0038,0.7221
177,0.27275,0.00295,0.0041,0.7202
178,0.2738,0.00345,0.00425,0.7185
179,0.27475,0.0037,0.00425,0.7173
180,0.27625,0.00345,0.0049,0.7154
181,0.27675,0.00405,0.0047,0.7145
182,0.27745,0.00475,0.00515,0.71265
183,0.2775,0.00505,0.0054,0.71205
184,0.27905,0.00485,0.0059,0.7102
185,0.2797,0.00565,0.0066,0.70805
186,0.28055,0.0061,0.007,0.70635
187,0.28085,0.00665,0.00745,0.70505
188,0.2816,0.0067,0.0081,0.7036
189,0.282,0.0074,0.0082,0.7024
190,0.2826,0.0076,0.00845,0.70135
191,0.2827,0.0079,0.0086,0.7008
192,0.28245,0.0084,0.0097,0.69945
193,0.2823,0.00845,0.00995,0.6993
194,0.2819,0.00855,0.0112,0.69835
195,0.28055,0.0093,0.01185,0.6983
196,0.28035,0.01035,0.01245,0.69685
197,0.28035,0.0107,0.0125,0.69645
198,0.27975,0.0109,0.0131,0.69625
199,0.2782,0.0118,0.01385,0.69615
200,0.2767,0.01375,0.0137,0.69585
201,0.27585,0.0137,0.01485,0.6956
202,0.27485,0.0137,0.0158,0.69565
203,0.27295,0.01485,0.01685,0.69535
204,0.271,0.01575,0.01755,0.6957
205,0.26935,0.01675,0.01835,0.69555
206,0.26625,0.0188,0.0196,0.69535
207,0.2639,0.01915,0.0212,0.69575
208,0.26185,0.0186,0.0234,0.69615
209,0.25955,0.0194,0.0255,0.69555
210,0.25635,0.0221,0.0259,0.69565
211,0.25415,0.0226,0.02665,0.6966
212,0.24985,0.02425,0.02825,0.69765
213,0.2477,0.02425,0.02885,0.6992
214,0.2441,0.0245,0.0306,0.7008
215,0.2412,0.0242,0.0324,0.7022
216,0.2383,0.02455,0.03385,0.7033
217,0.23475,0.0259,0.03455,0.7048
218,0.23,0.02785,0.03515,0.707
219,0.22655,0.02775,0.03705,0.70865
220,0.22295,0.02785,0.03785,0.71135
221,0.21905,0.02765,0.03985,0.71345
222,0.21555,0.02795,0.0408,0.7157
223,0.2121,0.0284,0.0415,0.718
224,0.2073,0.0291,0.0425,0.7211
225,0.2025,0.03005,0.04345,0.724
226,0.19835,0.0304,0.04515,0.7261
227,0.19505,0.03175,0.04455,0.72865
228,0.1913,0.0312,0.04645,0.73105
229,0.1874,0.0305,0.04815,0.73395
230,0.18335,0.0301,0.0493,0.73725
231,0.1796,0.03035,0.0496,0.74045
232,0.1756,0.03155,0.04875,0.7441
233,0.17195,0.03165,0.04945,0.74695
234,0.1683,0.0313,0.0502,0.7502
235,0.16475,0.02985,0.05115,0.75425
236,0.16175,0.0297,0.05085,0.7577
237,0.159,0.02935,0.05015,0.7615
238,0.1564,0.0285,0.0502,0.7649
239,0.15305,0.0272,0.051,0.76875
240,0.14935,0.02755,0.05105,0.77205
241,0.14725,0.02765,0.0499,0.7752
242,0.1449,0.0274,0.04975,0.77795
243,0.14405,0.0261,0.0486,0.78125
244,0.1416,0.0273,0.04785,0.78325
245,0.14165,0.02675,0.0469,0.7847
246,0.1398,0.02575,0.0477,0.78675
247,0.13825,0.02575,0.0467,0.7893
248,0.13745,0.02475,0.0461,0.7917
249,0.1372,0.02415,0.0448,0.79385
250,0.1359,0.02285,0.04525,0.796
251,0.13455,0.0229,0.0447,0.79785
252,0.1336,0.0225,0.04395,0.79995
253,0.1341,0.02105,0.04425,0.8006
254,0.1328,0.0211,0.042,0.8041
255,0.1335,0.0206,0.04065,0.80525
256,0.13365,0.0197,0.04105,0.8056
257,0.13295,0.0191,0.0412,0.80675
258,0.1333,0.01855,0.0403,0.80785
259,0.1335,0.0184,0.03875,0.80935
260,0.1337,0.01805,0.03785,0.8104
261,0.13445,0.0183,0.036,0.81125
262,0.1348,0.01775,0.035,0.81245
263,0.1352,0.0174,0.03405,0.81335
264,0.1359,0.0168,0.0334,0.8139
265,0.13855,0.01495,0.0329,0.8136
266,0.14055,0.01425,0.03275,0.81245
267,0.1402,0.01535,0.03165,0.8128
268,0.14105,0.0149,0.0307,0.81335
269,0.1426,0.01375,0.03115,0.8125
270,0.14365,0.01355,0.03045,0.81235
271,0.14345,0.01345,0.03115,0.81195
272,0.1443,0.0138,0.0294,0.8125
273,0.146,0.01385,0.02905,0.8111
274,0.14695,0.01445,0.02805,0.81055
275,0.14875,0.01395,0.0276,0.8097
276,0.1492,0.0143,0.02675,0.80975
277,0.15015,0.01335,0.0271,0.8094
278,0.1512,0.01295,0.0264,0.80945
279,0.1525,0.0127,0.02555,0.80925
280,0.1552,0.01215,0.0243,0.80835
281,0.15605,0.0121,0.0238,0.80805
282,0.1573,0.0137,0.0232,0.8058
283,0.15935,0.0137,0.02245,0.8045
284,0.161,0.013,0.02315,0.80285
285,0.162,0.0133,0.023,0.8017
286,0.16355,0.01335,0.0221,0.801
287,0.16565,0.01395,0.0214,0.799
288,0.16765,0.01315,0.02165,0.79755
289,0.1684,0.0133,0.02125,0.79705
290,0.16995,0.0136,0.02115,0.7953
291,0.1716,0.0139,0.02105,0.79345
292,0.1728,0.01325,0.0216,0.79235
293,0.17365,0.0124,0.02275,0.7912
294,0.1742,0.01375,0.02175,0.7903
295,0.1754,0.0141,0.02235,0.78815
296,0.177,0.01345,0.02255,0.787
297,0.17805,0.0129,0.0231,0.78595
298,0.17835,0.0138,0.02335,0.7845
299,0.17975,0.01485,0.02295,0.78245
300,0.1811,0.0155,0.02155,0.78185
301,0.18265,0.01425,0.0223,0.7808
302,0.18435,0.01335,0.0231,0.7792
303,0.1862,0.01315,0.02385,0.7768
304,0.1885,0.0136,0.02275,0.77515
305,0.1901,0.01335,0.02265,0.7739
306,0.19275,0.01275,0.0224,0.7721
307,0.19245,0.01405,0.0221,0.7714
308,0.19395,0.01385,0.02295,0.76925
309,0.19455,0.0148,0.02265,0.768
310,0.19615,0.01505,0.02235,0.76645
311,0.1971,0.0143,0.02355,0.76505
312,0.1978,0.0152,0.0227,0.7643
313,0.1983,0.01485,0.02405,0.7628
314,0.1991,0.016,0.0234,0.7615
315,0.2002,0.0151,0.02325,0.76145
316,0.2016,0.01455,0.0233,0.76055
317,0.20225,0.01605,0.0224,0.7593
318,0.203,0.016,0.02295,0.75805
319,0.20335,0.0155,0.0244,0.75675
320,0.20475,0.0154,0.02505,0.7548
321,0.20565,0.0157,0.02525,0.7534
322,0.20625,0.01645,0.0256,0.7517
323,0.20745,0.0165,0.0253,0.75075
324,0.20775,0.01675,0.0257,0.7498
325,0.2082,0.0168,0.02635,0.74865
326,0.207,0.01785,0.02675,0.7484
327,0.20805,0.0176,0.0276,0.74675
328,0.2078,0.0183,0.02735,0.74655
329,0.20715,0.01875,0.02835,0.74575
330,0.2058,0.01935,0.02925,0.7456
331,0.2051,0.02105,0.02895,0.7449
332,0.2053,0.02145,0.02935,0.7439
333,0.2049,0.021,0.02975,0.74435
334,0.20415,0.02135,0.03075,0.74375
335,0.20285,0.022,0.0309,0.74425
336,0.20275,0.02215,0.03095,0.74415
337,0.20185,0.0223,0.03235,0.7435
338,0.20075,0.0232,0.03305,0.743
339,0.2,0.02315,0.0338,0.74305
340,0.19885,0.02325,0.0341,0.7438
341,0.19835,0.0238,0.0349,0.74295
342,0.19815,0.02335,0.03545,0.74305
343,0.19705,0.02395,0.03665,0.74235
344,0.1966,0.0254,0.03675,0.74125
345,0.196,0.0254,0.03785,0.74075
346,0.1944,0.02665,0.03745,0.7415
347,0.1927,0.02635,0.03915,0.7418
348,0.19065,0.02615,0.04055,0.74265
349,0.1891,0.0263,0.04135,0.74325
350,0.1865,0.02785,0.04085,0.7448
351,0.1843,0.0291,0.0414,0.7452
352,0.1829,0.02955,0.0427,0.74485
353,0.182,0.029,0.0433,0.7457
354,0.1807,0.02865,0.0446,0.74605
355,0.1794,0.0282,0.04645,0.74595
356,0.18045,0.02685,0.0451,0.7476
357,0.17975,0.0266,0.04555,0.7481
358,0.1782,0.0274,0.0455,0.7489
359,0.1744,0.02825,0.04575,0.7516
360,0.1723,0.0285,0.0469,0.7523
361,0.1702,0.02885,0.04765,0.7533
362,0.16825,0.02855,0.0486,0.7546
363,0.16625,0.0289,0.04835,0.7565
364,0.16455,0.0285,0.0486,0.75835
365,0.163,0.02795,0.049,0.76005
366,0.1621,0.02745,0.04985,0.7606
367,0.1605,0.02785,0.04915,0.7625
368,0.15965,0.0286,0.04825,0.7635
369,0.1584,0.02705,0.049,0.76555
370,0.157,0.02605,0.04965,0.7673
371,0.1567,0.02555,0.04965,0.7681
372,0.1568,0.0258,0.04905,0.76835
373,0.156,0.0263,0.0494,0.7683
374,0.15645,0.02475,0.0488,0.77
375,0.15525,0.02635,0.0472,0.7712
376,0.15495,0.02595,0.04775,0.77135
377,0.1537,0.0264,0.0468,0.7731
378,0.153,0.0258,0.04655,0.77465
379,0.15185,0.02575,0.04595,0.77645
380,0.15215,0.0253,0.04535,0.7772
381,0.1513,0.02495,0.045,0.77875
382,0.1504,0.0252,0.04485,0.77955
383,0.15,0.02475,0.0452,0.78005
384,0.15015,0.02445,0.045,0.7804
385,0.14915,0.02505,0.044,0.7818
386,0.14875,0.0238,0.04445,0.783
387,0.1488,0.0238,0.04415,0.78325
388,0.14935,0.0228,0.04405,0.7838
389,0.1511,0.0225,0.04265,0.78375
390,0.1511,0.0219,0.0433,0.7837
391,0.15145,0.0224,0.04255,0.7836
392,0.15155,0.02195,0.04185,0.78465
393,0.15105,0.0211,0.0421,0.78575
394,0.153,0.0202,0.04115,0.78565
395,0.15435,0.0198,0.03975,0.7861
396,0.15545,0.0203,0.03855,0.7857
397,0.15635,0.02005,0.0379,0.7857
398,0.15675,0.0204,0.0365,0.78635
399,0.15725,0.02105,0.03545,0.78625
400,0.1582,0.02075,0.0348,0.78625
401,0.16035,0.0201,0.0348,0.78475
402,0.16195,0.01935,0.0351,0.7836
403,0.16315,0.01915,0.0343,0.7834
404,0.16295,0.02015,0.0338,0.7831
405,0.16295,0.01955,0.03395,0.78355
406,0.16425,0.0192,0.0331,0.78345
407,0.16405,0.0191,0.03385,0.783
408,0.16465,0.0192,0.03365,0.7825
409,0.16595,0.01925,0.03295,0.78185
410,0.1666,0.01955,0.0329,0.78095
411,0.1677,0.01865,0.0323,0.78135
412,0.16895,0.01755,0.03275,0.78075
413,0.1701,0.01785,0.0325,0.77955
414,0.17185,0.0178,0.03225,0.7781
415,0.17215,0.01775,0.03255,0.77755
416,0.17205,0.01775,0.03185,0.77835
417,0.17245,0.01825,0.03055,0.77875
418,0.17195,0.01895,0.02955,0.77955
419,0.17355,0.0188,0.0286,0.77905
420,0.1751,0.0181,0.0293,0.7775
421,0.17595,0.01775,0.0291,0.7772
422,0.17685,0.0175,0.0297,0.77595
423,0.17665,0.01815,0.0303,0.7749
424,0.1787,0.0179,0.0304,0.773
425,0.1796,0.0175,0.0306,0.7723
426,0.18035,0.01715,0.0302,0.7723
427,0.1815,0.01675,0.03115,0.7706
428,0.18285,0.0175,0.0305,0.76915
429,0.18385,0.0167,0.03045,0.769
430,0.1851,0.01755,0.0298,0.76755
431,0.1856,0.0178,0.02975,0.76685
432,0.186,0.0174,0.0299,0.7667
433,0.1857,0.0184,0.0298,0.7661
434,0.1866,0.0181,0.0296,0.7657
435,0.188,0.0171,0.0307,0.7642
436,0.1884,0.01775,0.0296,0.76425
437,0.18885,0.01795,0.0301,0.7631
438,0.18975,0.0189,0.0304,0.76095
439,0.19,0.01975,0.0303,0.75995
440,0.18965,0.02095,0.03045,0.75895
441,0.18945,0.02095,0.03085,0.75875
442,0.1906,0.0207,0.03095,0.75775
443,0.1904,0.0207,0.03075,0.75815
444,0.1902,0.0204,0.0329,0.7565
445,0.1901,0.02035,0.0336,0.75595
446,0.1894,0.02075,0.03445,0.7554
447,0.1895,0.0207,0.03425,0.75555
448,0.1895,0.02055,0.0346,0.75535
449,0.18835,0.0219,0.03495,0.7548
450,0.18925,0.0217,0.03535,0.7537
451,0.18995,0.02135,0.03495,0.75375
452,0.1887,0.02195,0.03565,0.7537
453,0.1893,0.02115,0.03635,0.7532
454,0.18825,0.02205,0.0366,0.7531
455,0.18635,0.0241,0.03685,0.7527
456,0.1864,0.0249,0.0367,0.752
457,0.18605,0.02425,0.03725,0.75245
458,0.1855,0.0246,0.0383,0.7516
459,0.18495,0.0244,0.03935,0.7513
460,0.1843,0.02425,0.03965,0.7518
461,0.18345,0.0242,0.03925,0.7531
462,0.1824,0.02305,0.04,0.75455
463,0.18125,0.0237,0.0399,0.75515
464,0.18155,0.02385,0.0391,0.7555
465,0.1791,0.02485,0.03985,0.7562
466,0.1775,0.02575,0.0402,0.75655
467,0.1773,0.0258,0.0396,0.7573
468,0.17625,0.02565,0.0407,0.7574
469,0.17535,0.0253,0.04135,0.758
470,0.1743,0.0252,0.0418,0.7587
471,0.1741,0.02555,0.04205,0.7583
472,0.1732,0.02525,0.04235,0.7592
473,0.1716,0.02675,0.04105,0.7606
474,0.1699,0.02725,0.0414,0.76145
475,0.1695,0.02515,0.0434,0.76195
476,0.16945,0.02455,0.04345,0.76255
477,0.16865,0.02425,0.0438,0.7633
478,0.1688,0.0233,0.04435,0.76355
479,0.16805,0.02355,0.045,0.7634
480,0.16735,0.02345,0.0445,0.7647
481,0.1663,0.02405,0.0446,0.76505
482,0.1642,0.02535,0.04475,0.7657
483,0.1651,0.02485,0.044,0.76605
484,0.16525,0.0249,0.04375,0.7661
485,0.16345,0.0255,0.04395,0.7671
486,0.1616,0.0258,0.0448,0.7678
487,0.1616,0.02545,0.0442,0.76875
488,0.1608,0.02585,0.0439,0.76945
489,0.16065,0.02505,0.0443,0.77
490,0.16055,0.0249,0.0436,0.77095
491,0.16075,0.02395,0.044,0.7713
492,0.16085,0.02425,0.04375,0.77115
493,0.15985,0.0252,0.0432,0.77175
494,0.1591,0.02545,0.0419,0.77355
495,0.1599,0.0244,0.04245,0.77325
496,0.1597,0.0238,0.043,0.7735
497,0.1592,0.0243,0.0423,0.7742
498,0.15865,0.02395,0.0425,0.7749
499,0.15965,0.02375,0.0419,0.7747
500,0.15965,0.0228,0.04215,0.7754
501,0.15965,0.0223,0.04135,0.7767
502,0.15965,0.02225,0.04035,0.77775
503,0.15985,0.02225,0.0396,0.7783
504,0.15935,0.0225,0.0391,0.77905
505,0.15955,0.02165,0.0397,0.7791
506,0.15875,0.022,0.04035,0.7789
507,0.1602,0.0209,0.0403,0.7786
508,0.1602,0.02085,0.04015,0.7788
509,0.1599,0.0212,0.03905,0.77985
510,0.1595,0.0211,0.0384,0.781
511,0.1597,0.02135,0.038,0.78095
512,0.1606,0.02185,0.0381,0.77945
513,0.1609,0.0212,0.0377,0.7802
514,0.1616,0.02085,0.03775,0.7798
515,0.16245,0.02175,0.0362,0.7796
516,0.1637,0.0208,0.03595,0.77955
517,0.163,0.02075,0.0373,0.77895
518,0.16335,0.02,0.0377,0.77895
519,0.1621,0.0205,0.03745,0.77995
520,0.16335,0.019,0.0378,0.77985
521,0.1647,0.0197,0.0366,0.779
522,0.1657,0.01995,0.0358,0.77855
523,0.16625,0.02015,0.03575,0.77785
524,0.16665,0.01985,0.03605,0.77745
525,0.1661,0.02005,0.03525,0.7786
526,0.1668,0.0196,0.03455,0.77905
527,0.1669,0.0188,0.03505,0.77925
528,0.1667,0.01905,0.0343,0.77995
529,0.1662,0.0197,0.03365,0.78045
530,0.1663,0.01865,0.034,0.78105
531,0.168,0.01815,0.0343,0.77955
532,0.169,0.0186,0.0329,0.7795
533,0.17005,0.01905,0.03235,0.77855
534,0.1713,0.01875,0.0318,0.77815
535,0.17205,0.0186,0.03215,0.7772
536,0.172,0.01945,0.0318,0.77675
537,0.17305,0.0201,0.0312,0.77565
538,0.17445,0.01855,0.0323,0.7747
539,0.1735,0.0196,0.0321,0.7748
540,0.1741,0.0195,0.0325,0.7739
541,0.1755,0.01845,0.03365,0.7724
542,0.1761,0.01835,0.03355,0.772
543,0.1755,0.0181,0.0342,0.7722
544,0.17525,0.01915,0.03355,0.77205
545,0.1765,0.01865,0.03365,0.7712
546,0.1779,0.01905,0.03345,0.7696
547,0.17725,0.0192,0.0344,0.76915
548,0.17735,0.01945,0.0342,0.769
549,0.17815,0.01935,0.03425,0.76825
550,0.1777,0.02035,0.033,0.76895
551,0.17795,0.02105,0.03275,0.76825
552,0.17875,0.0209,0.03255,0.7678
553,0.179,0.02005,0.03335,0.7676
554,0.1777,0.0208,0.03455,0.76695
555,0.17965,0.02095,0.03395,0.76545
556,0.1798,0.02085,0.0343,0.76505
557,0.1781,0.0217,0.03595,0.76425
558,0.1778,0.0221,0.03565,0.76445
559,0.1785,0.02195,0.0365,0.76305
560,0.1783,0.02235,0.03555,0.7638
561,0.1778,0.0227,0.03645,0.76305
562,0.1776,0.02245,0.03675,0.7632
563,0.1775,0.02265,0.0371,0.76275
564,0.1778,0.0224,0.03705,0.76275
565,0.1775,0.02275,0.03715,0.7626
566,0.1771,0.02285,0.0376,0.76245
567,0.1767,0.0226,0.0385,0.7622
568,0.1761,0.023,0.0392,0.7617
569,0.1764,0.0238,0.03825,0.76155
570,0.1766,0.0235,0.03795,0.76195
571,0.17675,0.0225,0.03795,0.7628
572,0.1764,0.02255,0.038,0.76305
573,0.17655,0.0229,0.03815,0.7624
574,0.1767,0.0223,0.03945,0.76155
575,0.1768,0.0228,0.0394,0.761
576,0.17595,0.02385,0.0387,0.7615
577,0.1762,0.02415,0.03815,0.7615
578,0.1762,0.0236,0.03875,0.76145
579,0.17575,0.02365,0.03955,0.76105
580,0.1754,0.0234,0.03955,0.76165
581,0.1752,0.0246,0.03915,0.76105
582,0.17555,0.0245,0.03885,0.7611
583,0.1753,0.0238,0.03985,0.76105
584,0.1741,0.0243,0.03915,0.76245
585,0.17375,0.02315,0.04085,0.76225
586,0.1733,0.02385,0.0406,0.76225
587,0.17205,0.02395,0.04105,0.76295
588,0.1707,0.0244,0.0412,0.7637
589,0.1696,0.02485,0.0411,0.76445
590,0.169,0.0242,0.04265,0.76415
591,0.1681,0.025,0.04295,0.76395
592,0.16715,0.0252,0.0428,0.76485
593,0.1657,0.02465,0.0421,0.76755
594,0.16595,0.0238,0.043,0.76725
595,0.166,0.02335,0.04305,0.7676
596,0.1663,0.02325,0.04165,0.7688
597,0.16655,0.0227,0.0419,0.76885
598,0.1667,0.0219,0.0427,0.7687
599,0.16675,0.02205,0.0421,0.7691
600,0.16665,0.02215,0.0412,0.77
601,0.16495,0.02405,0.0401,0.7709
602,0.1656,0.02365,0.03935,0.7714
603,0.16555,0.02315,0.0391,0.7722
604,0.16575,0.02235,0.0387,0.7732
605,0.16515,0.0229,0.0378,0.77415
606,0.16565,0.02315,0.03765,0.77355
607,0.1655,0.02265,0.0386,0.77325
608,0.1658,0.022,0.0384,0.7738
609,0.16585,0.02225,0.03755,0.77435
610,0.1672,0.02135,0.0382,0.77325
611,0.16655,0.0216,0.0375,0.77435
612,0.1691,0.0215,0.037,0.7724
613,0.17035,0.01995,0.0372,0.7725
614,0.1703,0.0205,0.0364,0.7728
615,0.17095,0.0213,0.0354,0.77235
616,0.171,0.022,0.0346,0.7724
617,0.1728,0.02125,0.0348,0.77115
618,0.17235,0.0216,0.03475,0.7713
619,0.17445,0.0209,0.03425,0.7704
620,0.1744,0.0209,0.03495,0.76975
621,0.17465,0.0214,0.0357,0.76825
622,0.1748,0.02165,0.0363,0.76725
623,0.17485,0.02125,0.0364,0.7675
624,0.174,0.0219,0.0363,0.7678
625,0.1741,0.02285,0.03555,0.7675
626,0.1749,0.0226,0.03565,0.76685
627,0.17535,0.02215,0.0366,0.7659
628,0.17575,0.02345,0.0361,0.7647
629,0.177,0.02185,0.03675,0.7644
630,0.17795,0.0223,0.0364,0.76335
631,0.1786,0.0219,0.03735,0.76215
632,0.1787,0.0221,0.0375,0.7617
633,0.17875,0.02315,0.037,0.7611
634,0.17955,0.02265,0.03695,0.76085
635,0.1794,0.0238,0.03625,0.76055
636,0.18005,0.02285,0.03665,0.76045
637,0.1802,0.02315,0.0369,0.75975
638,0.17865,0.02375,0.03745,0.76015
639,0.18045,0.02375,0.0367,0.7591
640,0.1802,0.02375,0.03755,0.7585
641,0.17955,0.02315,0.03935,0.75795
642,0.18015,0.0227,0.03855,0.7586
643,0.1783,0.0245,0.0382,0.759
644,0.17845,0.0249,0.03865,0.758
645,0.178,0.02515,0.03845,0.7584
646,0.1783,0.0247,0.03835,0.75865
647,0.1782,0.02375,0.0394,0.75865
648,0.1793,0.0224,0.04025,0.75805
649,0.17935,0.0231,0.0395,0.75805
650,0.17925,0.02375,0.03995,0.75705
651,0.17945,0.02335,0.0397,0.7575
652,0.17885,0.0231,0.04005,0.758
653,0.17895,0.02155,0.04095,0.75855
654,0.1774,0.0232,0.04095,0.75845
655,0.17675,0.02355,0.04095,0.75875
656,0.1757,0.0239,0.0418,0.7586
657,0.1748,0.02385,0.04235,0.759
658,0.17425,0.02445,0.04275,0.75855
659,0.1731,0.0247,0.0432,0.759
660,0.17205,0.02545,0.04395,0.75855
661,0.1705,0.0262,0.04435,0.75895
662,0.16985,0.0262,0.045,0.75895
663,0.16915,0.02555,0.0454,0.7599
664,0.16915,0.02595,0.0454,0.7595
665,0.16695,0.02745,0.04395,0.76165
666,0.1666,0.02705,0.04345,0.7629
667,0.16695,0.0265,0.0442,0.76235
668,0.16675,0.0259,0.045,0.76235
669,0.167,0.02555,0.04585,0.7616
670,0.167,0.025,0.04575,0.76225
671,0.16565,0.02635,0.0447,0.7633
672,0.16675,0.02525,0.04305,0.76495
673,0.1668,0.02505,0.04325,0.7649
674,0.16665,0.02505,0.0433,0.765
675,0.1652,0.02535,0.0433,0.76615
676,0.1641,0.02685,0.0416,0.76745
677,0.16405,0.0259,0.04185,0.7682
678,0.1647,0.024,0.04245,0.76885
679,0.1644,0.0231,0.04385,0.76865
680,0.16475,0.02325,0.04335,0.76865
681,0.16435,0.0235,0.04295,0.7692
682,0.16465,0.02315,0.04305,0.76915
683,0.16415,0.0229,0.04295,0.77
684,0.1633,0.02325,0.0419,0.77155
685,0.1627,0.024,0.04135,0.77195
686,0.16305,0.0228,0.04215,0.772
687,0.16375,0.0234,0.0409,0.77195
688,0.16375,0.0236,0.0403,0.77235
689,0.16525,0.0224,0.0404,0.77195
690,0.1658,0.02225,0.04,0.77195
691,0.16695,0.02175,0.0392,0.7721
692,0.16725,0.02245,0.03875,0.77155
693,0.1671,0.02225,0.03915,0.7715
694,0.16735,0.02275,0.0383,0.7716
695,0.16795,0.02215,0.0384,0.7715
696,0.1679,0.02165,0.0392,0.77125
697,0.1675,0.02255,0.03935,0.7706
698,0.1682,0.02245,0.0388,0.77055
699,0.16885,0.02155,0.0395,0.7701
700,0.1696,0.02145,0.03975,0.7692
701,0.1698,0.02115,0.0389,0.77015
702,0.17,0.02185,0.0379,0.77025
703,0.1705,0.0221,0.0366,0.7708
704,0.17305,0.0208,0.0367,0.76945
705,0.17365,0.0199,0.0369,0.76955
706,0.17325,0.02145,0.03635,0.76895
707,0.1738,0.02165,0.0357,0.76885
708,0.1749,0.02045,0.0349,0.76975
709,0.1749,0.0205,0.0352,0.7694
710,0.17595,0.02115,0.03495,0.76795
711,0.1765,0.0208,0.03565,0.76705
712,0.17715,0.0202,0.03615,0.7665
713,0.17685,0.02105,0.03475,0.76735
714,0.1774,0.02065,0.03585,0.7661
715,0.17665,0.0212,0.03595,0.7662
716,0.1764,0.02115,0.0367,0.76575
717,0.1764,0.02125,0.0372,0.76515
718,0.17675,0.0215,0.0371,0.76465
719,0.17645,0.02275,0.0363,0.7645
720,0.17625,0.0223,0.03695,0.7645
721,0.17635,0.0218,0.0359,0.76595
722,0.1763,0.02175,0.0362,0.76575
723,0.1762,0.02115,0.0362,0.76645
724,0.17545,0.02135,0.03605,0.76715
725,0.1757,0.02125,0.037,0.76605
726,0.17475,0.02155,0.0363,0.7674
727,0.17435,0.02115,0.03735,0.76715
728,0.17515,0.02075,0.0373,0.7668
729,0.1741,0.02085,0.0372,0.76785
730,0.1746,0.0208,0.0369,0.7677
