"","step","S","E","I","R","simu","Langage"
"1",0,0.999,0,0.001,0,"Netlogo_H_2","Net_H"
"2",1,0.9984,6e-04,0.001,0,"Netlogo_H_2","Net_H"
"3",2,0.99765,0.00135,9e-04,1e-04,"Netlogo_H_2","Net_H"
"4",3,0.9972,0.0017,0.00095,0.00015,"Netlogo_H_2","Net_H"
"5",4,0.9966,0.002,0.00115,0.00025,"Netlogo_H_2","Net_H"
"6",5,0.99615,0.00195,0.00135,0.00055,"Netlogo_H_2","Net_H"
"7",6,0.99515,0.00255,0.0017,6e-04,"Netlogo_H_2","Net_H"
"8",7,0.9941,0.0033,0.00185,0.00075,"Netlogo_H_2","Net_H"
"9",8,0.99275,0.0039,0.0023,0.00105,"Netlogo_H_2","Net_H"
"10",9,0.991,0.005,0.00285,0.00115,"Netlogo_H_2","Net_H"
"11",10,0.9888,0.0063,0.00345,0.00145,"Netlogo_H_2","Net_H"
"12",11,0.986,0.0079,0.00445,0.00165,"Netlogo_H_2","Net_H"
"13",12,0.983,0.0092,0.0058,0.002,"Netlogo_H_2","Net_H"
"14",13,0.97885,0.01135,0.00715,0.00265,"Netlogo_H_2","Net_H"
"15",14,0.97355,0.0147,0.0084,0.00335,"Netlogo_H_2","Net_H"
"16",15,0.968,0.0179,0.0098,0.0043,"Netlogo_H_2","Net_H"
"17",16,0.96115,0.02085,0.0124,0.0056,"Netlogo_H_2","Net_H"
"18",17,0.95415,0.0242,0.01475,0.0069,"Netlogo_H_2","Net_H"
"19",18,0.9443,0.02965,0.01815,0.0079,"Netlogo_H_2","Net_H"
"20",19,0.93245,0.03545,0.02295,0.00915,"Netlogo_H_2","Net_H"
"21",20,0.91675,0.0446,0.02705,0.0116,"Netlogo_H_2","Net_H"
"22",21,0.9012,0.05195,0.03255,0.0143,"Netlogo_H_2","Net_H"
"23",22,0.88125,0.061,0.0405,0.01725,"Netlogo_H_2","Net_H"
"24",23,0.856,0.07475,0.0481,0.02115,"Netlogo_H_2","Net_H"
"25",24,0.8262,0.09005,0.05845,0.0253,"Netlogo_H_2","Net_H"
"26",25,0.7913,0.1071,0.07115,0.03045,"Netlogo_H_2","Net_H"
"27",26,0.7504,0.1268,0.0856,0.0372,"Netlogo_H_2","Net_H"
"28",27,0.7073,0.14675,0.1001,0.04585,"Netlogo_H_2","Net_H"
"29",28,0.65985,0.16555,0.1197,0.0549,"Netlogo_H_2","Net_H"
"30",29,0.6063,0.18635,0.141,0.06635,"Netlogo_H_2","Net_H"
"31",30,0.55085,0.20475,0.165,0.0794,"Netlogo_H_2","Net_H"
"32",31,0.49005,0.2246,0.1882,0.09715,"Netlogo_H_2","Net_H"
"33",32,0.43105,0.2385,0.21315,0.1173,"Netlogo_H_2","Net_H"
"34",33,0.37055,0.24635,0.24385,0.13925,"Netlogo_H_2","Net_H"
"35",34,0.31195,0.25335,0.26995,0.16475,"Netlogo_H_2","Net_H"
"36",35,0.2597,0.24865,0.29885,0.1928,"Netlogo_H_2","Net_H"
"37",36,0.2107,0.24185,0.32255,0.2249,"Netlogo_H_2","Net_H"
"38",37,0.16805,0.22965,0.34375,0.25855,"Netlogo_H_2","Net_H"
"39",38,0.1319,0.21325,0.3612,0.29365,"Netlogo_H_2","Net_H"
"40",39,0.10205,0.1932,0.3704,0.33435,"Netlogo_H_2","Net_H"
"41",40,0.07995,0.1685,0.37415,0.3774,"Netlogo_H_2","Net_H"
"42",41,0.06245,0.1469,0.372,0.41865,"Netlogo_H_2","Net_H"
"43",42,0.0504,0.12155,0.3658,0.46225,"Netlogo_H_2","Net_H"
"44",43,0.0411,0.10235,0.3521,0.50445,"Netlogo_H_2","Net_H"
"45",44,0.0326,0.0846,0.33505,0.54775,"Netlogo_H_2","Net_H"
"46",45,0.02745,0.06945,0.31465,0.58845,"Netlogo_H_2","Net_H"
"47",46,0.0234,0.05685,0.29385,0.6259,"Netlogo_H_2","Net_H"
"48",47,0.02055,0.047,0.2709,0.66155,"Netlogo_H_2","Net_H"
"49",48,0.0189,0.0382,0.24925,0.69365,"Netlogo_H_2","Net_H"
"50",49,0.0173,0.0306,0.22995,0.72215,"Netlogo_H_2","Net_H"
"51",50,0.0166,0.0254,0.2076,0.7504,"Netlogo_H_2","Net_H"
"52",51,0.0172,0.0212,0.1868,0.7748,"Netlogo_H_2","Net_H"
"53",52,0.01745,0.01865,0.16775,0.79615,"Netlogo_H_2","Net_H"
"54",53,0.01835,0.01565,0.15135,0.81465,"Netlogo_H_2","Net_H"
"55",54,0.0191,0.0133,0.13565,0.83195,"Netlogo_H_2","Net_H"
"56",55,0.0199,0.0125,0.1211,0.8465,"Netlogo_H_2","Net_H"
"57",56,0.02025,0.01175,0.10675,0.86125,"Netlogo_H_2","Net_H"
"58",57,0.021,0.01055,0.096,0.87245,"Netlogo_H_2","Net_H"
"59",58,0.0224,0.00905,0.08705,0.8815,"Netlogo_H_2","Net_H"
"60",59,0.0238,0.00815,0.07705,0.891,"Netlogo_H_2","Net_H"
"61",60,0.0249,0.00715,0.06875,0.8992,"Netlogo_H_2","Net_H"
"62",61,0.02715,0.00685,0.062,0.904,"Netlogo_H_2","Net_H"
"63",62,0.02885,0.0065,0.05555,0.9091,"Netlogo_H_2","Net_H"
"64",63,0.03105,0.0059,0.0499,0.91315,"Netlogo_H_2","Net_H"
"65",64,0.03265,0.00545,0.0449,0.917,"Netlogo_H_2","Net_H"
"66",65,0.035,0.005,0.0401,0.9199,"Netlogo_H_2","Net_H"
"67",66,0.03715,0.00495,0.0347,0.9232,"Netlogo_H_2","Net_H"
"68",67,0.03985,0.00425,0.0305,0.9254,"Netlogo_H_2","Net_H"
"69",68,0.04245,0.00385,0.0282,0.9255,"Netlogo_H_2","Net_H"
"70",69,0.0445,0.0039,0.02515,0.92645,"Netlogo_H_2","Net_H"
"71",70,0.0466,0.004,0.02205,0.92735,"Netlogo_H_2","Net_H"
"72",71,0.0481,0.00415,0.01985,0.9279,"Netlogo_H_2","Net_H"
"73",72,0.05055,0.00405,0.01845,0.92695,"Netlogo_H_2","Net_H"
"74",73,0.0525,0.0041,0.01685,0.92655,"Netlogo_H_2","Net_H"
"75",74,0.055,0.00395,0.0152,0.92585,"Netlogo_H_2","Net_H"
"76",75,0.0581,0.0032,0.01435,0.92435,"Netlogo_H_2","Net_H"
"77",76,0.0605,0.00295,0.0128,0.92375,"Netlogo_H_2","Net_H"
"78",77,0.06285,0.00315,0.0116,0.9224,"Netlogo_H_2","Net_H"
"79",78,0.0658,0.0033,0.01035,0.92055,"Netlogo_H_2","Net_H"
"80",79,0.0681,0.003,0.00965,0.91925,"Netlogo_H_2","Net_H"
"81",80,0.07075,0.0027,0.00895,0.9176,"Netlogo_H_2","Net_H"
"82",81,0.07425,0.0026,0.0078,0.91535,"Netlogo_H_2","Net_H"
"83",82,0.07745,0.0024,0.00745,0.9127,"Netlogo_H_2","Net_H"
"84",83,0.0805,0.00225,0.0068,0.91045,"Netlogo_H_2","Net_H"
"85",84,0.08335,0.0022,0.00635,0.9081,"Netlogo_H_2","Net_H"
"86",85,0.08585,0.00215,0.0055,0.9065,"Netlogo_H_2","Net_H"
"87",86,0.08845,0.00195,0.0053,0.9043,"Netlogo_H_2","Net_H"
"88",87,0.09125,0.00155,0.0054,0.9018,"Netlogo_H_2","Net_H"
"89",88,0.09375,0.0013,0.00525,0.8997,"Netlogo_H_2","Net_H"
"90",89,0.0968,0.0016,0.00475,0.89685,"Netlogo_H_2","Net_H"
"91",90,0.0993,0.00175,0.00435,0.8946,"Netlogo_H_2","Net_H"
"92",91,0.10215,0.00185,0.0043,0.8917,"Netlogo_H_2","Net_H"
"93",92,0.1049,0.00165,0.0043,0.88915,"Netlogo_H_2","Net_H"
"94",93,0.10705,0.00175,0.0043,0.8869,"Netlogo_H_2","Net_H"
"95",94,0.10955,0.0016,0.0041,0.88475,"Netlogo_H_2","Net_H"
"96",95,0.1122,0.00205,0.0035,0.88225,"Netlogo_H_2","Net_H"
"97",96,0.1147,0.00185,0.0036,0.87985,"Netlogo_H_2","Net_H"
"98",97,0.1174,0.00205,0.00385,0.8767,"Netlogo_H_2","Net_H"
"99",98,0.12045,0.00195,0.00385,0.87375,"Netlogo_H_2","Net_H"
"100",99,0.12285,0.00175,0.0038,0.8716,"Netlogo_H_2","Net_H"
"101",100,0.1251,0.00145,0.004,0.86945,"Netlogo_H_2","Net_H"
"102",101,0.12755,0.00125,0.0037,0.8675,"Netlogo_H_2","Net_H"
"103",102,0.13,0.00095,0.00335,0.8657,"Netlogo_H_2","Net_H"
"104",103,0.1323,0.00085,0.00325,0.8636,"Netlogo_H_2","Net_H"
"105",104,0.13405,0.00115,0.00275,0.86205,"Netlogo_H_2","Net_H"
"106",105,0.1364,0.001,0.0027,0.8599,"Netlogo_H_2","Net_H"
"107",106,0.13955,8e-04,0.0027,0.85695,"Netlogo_H_2","Net_H"
"108",107,0.1422,0.00085,0.00275,0.8542,"Netlogo_H_2","Net_H"
"109",108,0.14435,0.00085,0.0025,0.8523,"Netlogo_H_2","Net_H"
"110",109,0.14675,9e-04,0.0024,0.84995,"Netlogo_H_2","Net_H"
"111",110,0.14885,0.0012,0.0023,0.84765,"Netlogo_H_2","Net_H"
"112",111,0.1517,0.0012,0.0023,0.8448,"Netlogo_H_2","Net_H"
"113",112,0.15385,0.00115,0.00245,0.84255,"Netlogo_H_2","Net_H"
"114",113,0.15595,0.00095,0.00215,0.84095,"Netlogo_H_2","Net_H"
"115",114,0.1581,0.00125,0.002,0.83865,"Netlogo_H_2","Net_H"
"116",115,0.1604,0.00135,0.0018,0.83645,"Netlogo_H_2","Net_H"
"117",116,0.16245,0.00105,0.00225,0.83425,"Netlogo_H_2","Net_H"
"118",117,0.1647,0.00105,0.00195,0.8323,"Netlogo_H_2","Net_H"
"119",118,0.16735,0.00085,0.00215,0.82965,"Netlogo_H_2","Net_H"
"120",119,0.1697,0.00095,0.0021,0.82725,"Netlogo_H_2","Net_H"
"121",120,0.1712,0.00135,0.0019,0.82555,"Netlogo_H_2","Net_H"
"122",121,0.17345,0.00145,0.00175,0.82335,"Netlogo_H_2","Net_H"
"123",122,0.17565,0.0012,0.00185,0.8213,"Netlogo_H_2","Net_H"
"124",123,0.1772,0.00135,0.0019,0.81955,"Netlogo_H_2","Net_H"
"125",124,0.17955,0.0015,0.00175,0.8172,"Netlogo_H_2","Net_H"
"126",125,0.1821,0.0013,0.00185,0.81475,"Netlogo_H_2","Net_H"
"127",126,0.1844,0.00105,0.00215,0.8124,"Netlogo_H_2","Net_H"
"128",127,0.1869,9e-04,0.00215,0.81005,"Netlogo_H_2","Net_H"
"129",128,0.1893,0.00075,0.0025,0.80745,"Netlogo_H_2","Net_H"
"130",129,0.19075,0.001,0.0025,0.80575,"Netlogo_H_2","Net_H"
"131",130,0.19285,0.00095,0.0023,0.8039,"Netlogo_H_2","Net_H"
"132",131,0.1949,0.00115,0.0023,0.80165,"Netlogo_H_2","Net_H"
"133",132,0.19645,0.0014,0.0023,0.79985,"Netlogo_H_2","Net_H"
"134",133,0.1989,0.00135,0.00225,0.7975,"Netlogo_H_2","Net_H"
"135",134,0.2009,0.00155,0.0023,0.79525,"Netlogo_H_2","Net_H"
"136",135,0.2026,0.0015,0.0025,0.7934,"Netlogo_H_2","Net_H"
"137",136,0.2042,0.0014,0.00245,0.79195,"Netlogo_H_2","Net_H"
"138",137,0.20605,0.0013,0.00245,0.7902,"Netlogo_H_2","Net_H"
"139",138,0.2082,0.00185,0.0024,0.78755,"Netlogo_H_2","Net_H"
"140",139,0.2106,0.00165,0.0024,0.78535,"Netlogo_H_2","Net_H"
"141",140,0.213,0.0018,0.00255,0.78265,"Netlogo_H_2","Net_H"
"142",141,0.2155,0.00195,0.0026,0.77995,"Netlogo_H_2","Net_H"
"143",142,0.2175,0.0017,0.00285,0.77795,"Netlogo_H_2","Net_H"
"144",143,0.21975,0.00185,0.00295,0.77545,"Netlogo_H_2","Net_H"
"145",144,0.22085,0.00185,0.0032,0.7741,"Netlogo_H_2","Net_H"
"146",145,0.22305,0.0021,0.0032,0.77165,"Netlogo_H_2","Net_H"
"147",146,0.2245,0.00215,0.00335,0.77,"Netlogo_H_2","Net_H"
"148",147,0.22615,0.00225,0.0035,0.7681,"Netlogo_H_2","Net_H"
"149",148,0.22805,0.00235,0.0037,0.7659,"Netlogo_H_2","Net_H"
"150",149,0.23015,0.0024,0.0038,0.76365,"Netlogo_H_2","Net_H"
"151",150,0.2324,0.0024,0.00405,0.76115,"Netlogo_H_2","Net_H"
"152",151,0.2341,0.0027,0.00395,0.75925,"Netlogo_H_2","Net_H"
"153",152,0.2355,0.0031,0.0038,0.7576,"Netlogo_H_2","Net_H"
"154",153,0.237,0.00325,0.004,0.75575,"Netlogo_H_2","Net_H"
"155",154,0.23835,0.0039,0.00415,0.7536,"Netlogo_H_2","Net_H"
"156",155,0.2398,0.00415,0.00425,0.7518,"Netlogo_H_2","Net_H"
"157",156,0.24135,0.004,0.00475,0.7499,"Netlogo_H_2","Net_H"
"158",157,0.2426,0.0039,0.0052,0.7483,"Netlogo_H_2","Net_H"
"159",158,0.24385,0.0039,0.0054,0.74685,"Netlogo_H_2","Net_H"
"160",159,0.24575,0.00415,0.00565,0.74445,"Netlogo_H_2","Net_H"
"161",160,0.24675,0.0046,0.0057,0.74295,"Netlogo_H_2","Net_H"
"162",161,0.2481,0.0044,0.0062,0.7413,"Netlogo_H_2","Net_H"
"163",162,0.24945,0.00405,0.00695,0.73955,"Netlogo_H_2","Net_H"
"164",163,0.25045,0.00425,0.00685,0.73845,"Netlogo_H_2","Net_H"
"165",164,0.25115,0.00535,0.00645,0.73705,"Netlogo_H_2","Net_H"
"166",165,0.25185,0.0052,0.007,0.73595,"Netlogo_H_2","Net_H"
"167",166,0.25285,0.00515,0.00755,0.73445,"Netlogo_H_2","Net_H"
"168",167,0.2542,0.00555,0.0081,0.73215,"Netlogo_H_2","Net_H"
"169",168,0.2553,0.00575,0.00815,0.7308,"Netlogo_H_2","Net_H"
"170",169,0.2557,0.0063,0.00805,0.72995,"Netlogo_H_2","Net_H"
"171",170,0.2566,0.00595,0.00885,0.7286,"Netlogo_H_2","Net_H"
"172",171,0.25605,0.0067,0.00955,0.7277,"Netlogo_H_2","Net_H"
"173",172,0.25665,0.0069,0.0101,0.72635,"Netlogo_H_2","Net_H"
"174",173,0.25735,0.00725,0.01045,0.72495,"Netlogo_H_2","Net_H"
"175",174,0.25715,0.0081,0.01035,0.7244,"Netlogo_H_2","Net_H"
"176",175,0.2574,0.0084,0.0106,0.7236,"Netlogo_H_2","Net_H"
"177",176,0.25765,0.00865,0.01115,0.72255,"Netlogo_H_2","Net_H"
"178",177,0.2582,0.0086,0.0119,0.7213,"Netlogo_H_2","Net_H"
"179",178,0.2575,0.0094,0.01225,0.72085,"Netlogo_H_2","Net_H"
"180",179,0.2575,0.01005,0.01255,0.7199,"Netlogo_H_2","Net_H"
"181",180,0.25785,0.0105,0.0124,0.71925,"Netlogo_H_2","Net_H"
"182",181,0.25845,0.0107,0.01305,0.7178,"Netlogo_H_2","Net_H"
"183",182,0.2584,0.01075,0.0131,0.71775,"Netlogo_H_2","Net_H"
"184",183,0.25855,0.01075,0.01385,0.71685,"Netlogo_H_2","Net_H"
"185",184,0.25895,0.0106,0.01495,0.7155,"Netlogo_H_2","Net_H"
"186",185,0.25845,0.01105,0.0155,0.715,"Netlogo_H_2","Net_H"
"187",186,0.2582,0.0113,0.01615,0.71435,"Netlogo_H_2","Net_H"
"188",187,0.25785,0.01155,0.0163,0.7143,"Netlogo_H_2","Net_H"
"189",188,0.25685,0.0125,0.01645,0.7142,"Netlogo_H_2","Net_H"
"190",189,0.25595,0.0133,0.0169,0.71385,"Netlogo_H_2","Net_H"
"191",190,0.2554,0.0134,0.0179,0.7133,"Netlogo_H_2","Net_H"
"192",191,0.2544,0.01385,0.01875,0.713,"Netlogo_H_2","Net_H"
"193",192,0.25265,0.01485,0.01945,0.71305,"Netlogo_H_2","Net_H"
"194",193,0.25085,0.0157,0.0208,0.71265,"Netlogo_H_2","Net_H"
"195",194,0.2496,0.0161,0.0217,0.7126,"Netlogo_H_2","Net_H"
"196",195,0.24915,0.016,0.02345,0.7114,"Netlogo_H_2","Net_H"
"197",196,0.2468,0.0174,0.0241,0.7117,"Netlogo_H_2","Net_H"
"198",197,0.24525,0.01855,0.02455,0.71165,"Netlogo_H_2","Net_H"
"199",198,0.2424,0.0191,0.0262,0.7123,"Netlogo_H_2","Net_H"
"200",199,0.23995,0.01965,0.02755,0.71285,"Netlogo_H_2","Net_H"
"201",200,0.23825,0.01925,0.02825,0.71425,"Netlogo_H_2","Net_H"
"202",201,0.2367,0.019,0.0294,0.7149,"Netlogo_H_2","Net_H"
"203",202,0.2354,0.0192,0.03025,0.71515,"Netlogo_H_2","Net_H"
"204",203,0.23265,0.02045,0.03145,0.71545,"Netlogo_H_2","Net_H"
"205",204,0.2296,0.02085,0.03275,0.7168,"Netlogo_H_2","Net_H"
"206",205,0.225,0.02285,0.03395,0.7182,"Netlogo_H_2","Net_H"
"207",206,0.2216,0.0246,0.03385,0.71995,"Netlogo_H_2","Net_H"
"208",207,0.21815,0.02475,0.03525,0.72185,"Netlogo_H_2","Net_H"
"209",208,0.2155,0.0249,0.03635,0.72325,"Netlogo_H_2","Net_H"
"210",209,0.21295,0.02365,0.03905,0.72435,"Netlogo_H_2","Net_H"
"211",210,0.21025,0.0236,0.03985,0.7263,"Netlogo_H_2","Net_H"
"212",211,0.20785,0.02375,0.04055,0.72785,"Netlogo_H_2","Net_H"
"213",212,0.204,0.025,0.0398,0.7312,"Netlogo_H_2","Net_H"
"214",213,0.2014,0.02455,0.04085,0.7332,"Netlogo_H_2","Net_H"
"215",214,0.19865,0.02425,0.0423,0.7348,"Netlogo_H_2","Net_H"
"216",215,0.19515,0.0251,0.04225,0.7375,"Netlogo_H_2","Net_H"
"217",216,0.1925,0.02555,0.0431,0.73885,"Netlogo_H_2","Net_H"
"218",217,0.18965,0.02535,0.0432,0.7418,"Netlogo_H_2","Net_H"
"219",218,0.1866,0.02615,0.0431,0.74415,"Netlogo_H_2","Net_H"
"220",219,0.18425,0.0255,0.0441,0.74615,"Netlogo_H_2","Net_H"
"221",220,0.1805,0.02655,0.0439,0.74905,"Netlogo_H_2","Net_H"
"222",221,0.17775,0.02695,0.04365,0.75165,"Netlogo_H_2","Net_H"
"223",222,0.17515,0.02635,0.0449,0.7536,"Netlogo_H_2","Net_H"
"224",223,0.1734,0.02415,0.04615,0.7563,"Netlogo_H_2","Net_H"
"225",224,0.17205,0.0233,0.0465,0.75815,"Netlogo_H_2","Net_H"
"226",225,0.1693,0.0236,0.0462,0.7609,"Netlogo_H_2","Net_H"
"227",226,0.1676,0.02335,0.0465,0.76255,"Netlogo_H_2","Net_H"
"228",227,0.1638,0.0242,0.0469,0.7651,"Netlogo_H_2","Net_H"
"229",228,0.1616,0.0248,0.04505,0.76855,"Netlogo_H_2","Net_H"
"230",229,0.16025,0.0251,0.0454,0.76925,"Netlogo_H_2","Net_H"
"231",230,0.15805,0.0244,0.04565,0.7719,"Netlogo_H_2","Net_H"
"232",231,0.1569,0.0229,0.046,0.7742,"Netlogo_H_2","Net_H"
"233",232,0.1546,0.0233,0.0447,0.7774,"Netlogo_H_2","Net_H"
"234",233,0.1537,0.0238,0.04365,0.77885,"Netlogo_H_2","Net_H"
"235",234,0.15155,0.0237,0.0425,0.78225,"Netlogo_H_2","Net_H"
"236",235,0.15065,0.02185,0.044,0.7835,"Netlogo_H_2","Net_H"
"237",236,0.1485,0.02225,0.04325,0.786,"Netlogo_H_2","Net_H"
"238",237,0.1467,0.0219,0.04315,0.78825,"Netlogo_H_2","Net_H"
"239",238,0.1446,0.0222,0.04255,0.79065,"Netlogo_H_2","Net_H"
"240",239,0.1434,0.0213,0.0429,0.7924,"Netlogo_H_2","Net_H"
"241",240,0.143,0.02065,0.043,0.79335,"Netlogo_H_2","Net_H"
"242",241,0.14195,0.02115,0.0422,0.7947,"Netlogo_H_2","Net_H"
"243",242,0.14185,0.02005,0.0414,0.7967,"Netlogo_H_2","Net_H"
"244",243,0.1417,0.0197,0.0406,0.798,"Netlogo_H_2","Net_H"
"245",244,0.1425,0.019,0.03845,0.80005,"Netlogo_H_2","Net_H"
"246",245,0.14365,0.018,0.03835,0.8,"Netlogo_H_2","Net_H"
"247",246,0.14435,0.01655,0.0381,0.801,"Netlogo_H_2","Net_H"
"248",247,0.1451,0.0152,0.03875,0.80095,"Netlogo_H_2","Net_H"
"249",248,0.14605,0.0147,0.0376,0.80165,"Netlogo_H_2","Net_H"
"250",249,0.1459,0.01395,0.0371,0.80305,"Netlogo_H_2","Net_H"
"251",250,0.14595,0.0144,0.03615,0.8035,"Netlogo_H_2","Net_H"
"252",251,0.1456,0.0155,0.0335,0.8054,"Netlogo_H_2","Net_H"
"253",252,0.14575,0.0164,0.0316,0.80625,"Netlogo_H_2","Net_H"
"254",253,0.14645,0.0162,0.0309,0.80645,"Netlogo_H_2","Net_H"
"255",254,0.14825,0.01545,0.03065,0.80565,"Netlogo_H_2","Net_H"
"256",255,0.14995,0.0148,0.03035,0.8049,"Netlogo_H_2","Net_H"
"257",256,0.1517,0.01365,0.0302,0.80445,"Netlogo_H_2","Net_H"
"258",257,0.1527,0.01345,0.02935,0.8045,"Netlogo_H_2","Net_H"
"259",258,0.15355,0.01315,0.02925,0.80405,"Netlogo_H_2","Net_H"
"260",259,0.15575,0.0144,0.02805,0.8018,"Netlogo_H_2","Net_H"
"261",260,0.15615,0.01405,0.02865,0.80115,"Netlogo_H_2","Net_H"
"262",261,0.15695,0.0144,0.02805,0.8006,"Netlogo_H_2","Net_H"
"263",262,0.15805,0.0134,0.02815,0.8004,"Netlogo_H_2","Net_H"
"264",263,0.1589,0.0138,0.02765,0.79965,"Netlogo_H_2","Net_H"
"265",264,0.1602,0.0125,0.02775,0.79955,"Netlogo_H_2","Net_H"
"266",265,0.1618,0.0125,0.0279,0.7978,"Netlogo_H_2","Net_H"
"267",266,0.1633,0.013,0.0274,0.7963,"Netlogo_H_2","Net_H"
"268",267,0.1643,0.0134,0.0263,0.796,"Netlogo_H_2","Net_H"
"269",268,0.16565,0.01345,0.0262,0.7947,"Netlogo_H_2","Net_H"
"270",269,0.1672,0.01255,0.02585,0.7944,"Netlogo_H_2","Net_H"
"271",270,0.16855,0.0131,0.0253,0.79305,"Netlogo_H_2","Net_H"
"272",271,0.1693,0.01295,0.02495,0.7928,"Netlogo_H_2","Net_H"
"273",272,0.17025,0.01275,0.02555,0.79145,"Netlogo_H_2","Net_H"
"274",273,0.17115,0.0133,0.02545,0.7901,"Netlogo_H_2","Net_H"
"275",274,0.1719,0.0133,0.0254,0.7894,"Netlogo_H_2","Net_H"
"276",275,0.1731,0.01335,0.0253,0.78825,"Netlogo_H_2","Net_H"
"277",276,0.17505,0.0132,0.0251,0.78665,"Netlogo_H_2","Net_H"
"278",277,0.17665,0.0124,0.0248,0.78615,"Netlogo_H_2","Net_H"
"279",278,0.1786,0.0127,0.02485,0.78385,"Netlogo_H_2","Net_H"
"280",279,0.17985,0.01235,0.02505,0.78275,"Netlogo_H_2","Net_H"
"281",280,0.1811,0.0127,0.0246,0.7816,"Netlogo_H_2","Net_H"
"282",281,0.18085,0.01405,0.02385,0.78125,"Netlogo_H_2","Net_H"
"283",282,0.1821,0.01415,0.02415,0.7796,"Netlogo_H_2","Net_H"
"284",283,0.1832,0.01385,0.0248,0.77815,"Netlogo_H_2","Net_H"
"285",284,0.18345,0.014,0.02495,0.7776,"Netlogo_H_2","Net_H"
"286",285,0.1831,0.0149,0.025,0.777,"Netlogo_H_2","Net_H"
"287",286,0.1846,0.01545,0.0248,0.77515,"Netlogo_H_2","Net_H"
"288",287,0.1844,0.01615,0.0244,0.77505,"Netlogo_H_2","Net_H"
"289",288,0.18615,0.01545,0.02495,0.77345,"Netlogo_H_2","Net_H"
"290",289,0.1876,0.01405,0.026,0.77235,"Netlogo_H_2","Net_H"
"291",290,0.1886,0.01485,0.027,0.76955,"Netlogo_H_2","Net_H"
"292",291,0.18845,0.0161,0.02745,0.768,"Netlogo_H_2","Net_H"
"293",292,0.18815,0.0165,0.02735,0.768,"Netlogo_H_2","Net_H"
"294",293,0.18885,0.0165,0.0275,0.76715,"Netlogo_H_2","Net_H"
"295",294,0.18955,0.0163,0.0273,0.76685,"Netlogo_H_2","Net_H"
"296",295,0.18935,0.0162,0.0285,0.76595,"Netlogo_H_2","Net_H"
"297",296,0.1887,0.01685,0.028,0.76645,"Netlogo_H_2","Net_H"
"298",297,0.18995,0.01685,0.028,0.7652,"Netlogo_H_2","Net_H"
"299",298,0.19155,0.01665,0.02735,0.76445,"Netlogo_H_2","Net_H"
"300",299,0.1914,0.01655,0.0279,0.76415,"Netlogo_H_2","Net_H"
"301",300,0.1923,0.0161,0.02805,0.76355,"Netlogo_H_2","Net_H"
"302",301,0.19205,0.0165,0.028,0.76345,"Netlogo_H_2","Net_H"
"303",302,0.19175,0.0167,0.02795,0.7636,"Netlogo_H_2","Net_H"
"304",303,0.1932,0.0168,0.02765,0.76235,"Netlogo_H_2","Net_H"
"305",304,0.19415,0.0175,0.02815,0.7602,"Netlogo_H_2","Net_H"
"306",305,0.19375,0.01765,0.0285,0.7601,"Netlogo_H_2","Net_H"
"307",306,0.1944,0.0176,0.02895,0.75905,"Netlogo_H_2","Net_H"
"308",307,0.19535,0.0173,0.0295,0.75785,"Netlogo_H_2","Net_H"
"309",308,0.19595,0.0171,0.02995,0.757,"Netlogo_H_2","Net_H"
"310",309,0.1966,0.01695,0.03035,0.7561,"Netlogo_H_2","Net_H"
"311",310,0.19685,0.01645,0.0311,0.7556,"Netlogo_H_2","Net_H"
"312",311,0.1978,0.0166,0.03105,0.75455,"Netlogo_H_2","Net_H"
"313",312,0.19835,0.01715,0.0303,0.7542,"Netlogo_H_2","Net_H"
"314",313,0.19855,0.017,0.0306,0.75385,"Netlogo_H_2","Net_H"
"315",314,0.19815,0.0178,0.03015,0.7539,"Netlogo_H_2","Net_H"
"316",315,0.1983,0.0179,0.0305,0.7533,"Netlogo_H_2","Net_H"
"317",316,0.1985,0.01845,0.03055,0.7525,"Netlogo_H_2","Net_H"
"318",317,0.1987,0.01895,0.03145,0.7509,"Netlogo_H_2","Net_H"
"319",318,0.19845,0.01845,0.03235,0.75075,"Netlogo_H_2","Net_H"
"320",319,0.19775,0.0192,0.03195,0.7511,"Netlogo_H_2","Net_H"
"321",320,0.1971,0.01925,0.0324,0.75125,"Netlogo_H_2","Net_H"
"322",321,0.19795,0.0192,0.0316,0.75125,"Netlogo_H_2","Net_H"
"323",322,0.19805,0.0189,0.03195,0.7511,"Netlogo_H_2","Net_H"
"324",323,0.19715,0.019,0.03175,0.7521,"Netlogo_H_2","Net_H"
"325",324,0.1978,0.0192,0.0319,0.7511,"Netlogo_H_2","Net_H"
"326",325,0.19715,0.01935,0.03325,0.75025,"Netlogo_H_2","Net_H"
"327",326,0.19735,0.01985,0.0333,0.7495,"Netlogo_H_2","Net_H"
"328",327,0.1971,0.0202,0.03295,0.74975,"Netlogo_H_2","Net_H"
"329",328,0.1973,0.0196,0.03375,0.74935,"Netlogo_H_2","Net_H"
"330",329,0.1965,0.0203,0.034,0.7492,"Netlogo_H_2","Net_H"
"331",330,0.1973,0.01885,0.03535,0.7485,"Netlogo_H_2","Net_H"
"332",331,0.19645,0.01925,0.0356,0.7487,"Netlogo_H_2","Net_H"
"333",332,0.1961,0.02,0.03585,0.74805,"Netlogo_H_2","Net_H"
"334",333,0.19515,0.02075,0.036,0.7481,"Netlogo_H_2","Net_H"
"335",334,0.1951,0.02045,0.0365,0.74795,"Netlogo_H_2","Net_H"
"336",335,0.1953,0.0197,0.03735,0.74765,"Netlogo_H_2","Net_H"
"337",336,0.1953,0.02035,0.03805,0.7463,"Netlogo_H_2","Net_H"
"338",337,0.1943,0.02195,0.037,0.74675,"Netlogo_H_2","Net_H"
"339",338,0.1927,0.02155,0.0382,0.74755,"Netlogo_H_2","Net_H"
"340",339,0.1924,0.0222,0.03845,0.74695,"Netlogo_H_2","Net_H"
"341",340,0.19335,0.022,0.0385,0.74615,"Netlogo_H_2","Net_H"
"342",341,0.1936,0.02075,0.03955,0.7461,"Netlogo_H_2","Net_H"
"343",342,0.19235,0.0209,0.03955,0.7472,"Netlogo_H_2","Net_H"
"344",343,0.19195,0.0209,0.04,0.74715,"Netlogo_H_2","Net_H"
"345",344,0.1917,0.02215,0.03995,0.7462,"Netlogo_H_2","Net_H"
"346",345,0.1912,0.02195,0.0404,0.74645,"Netlogo_H_2","Net_H"
"347",346,0.18995,0.02285,0.03995,0.74725,"Netlogo_H_2","Net_H"
"348",347,0.19045,0.0223,0.0397,0.74755,"Netlogo_H_2","Net_H"
"349",348,0.18935,0.0241,0.03885,0.7477,"Netlogo_H_2","Net_H"
"350",349,0.18795,0.02345,0.03855,0.75005,"Netlogo_H_2","Net_H"
"351",350,0.18725,0.0238,0.0393,0.74965,"Netlogo_H_2","Net_H"
"352",351,0.18675,0.0229,0.04015,0.7502,"Netlogo_H_2","Net_H"
"353",352,0.18645,0.02255,0.0411,0.7499,"Netlogo_H_2","Net_H"
"354",353,0.18545,0.02245,0.04235,0.74975,"Netlogo_H_2","Net_H"
"355",354,0.1855,0.02305,0.0421,0.74935,"Netlogo_H_2","Net_H"
"356",355,0.18415,0.02325,0.0431,0.7495,"Netlogo_H_2","Net_H"
"357",356,0.1819,0.02435,0.0427,0.75105,"Netlogo_H_2","Net_H"
"358",357,0.18005,0.02545,0.04245,0.75205,"Netlogo_H_2","Net_H"
"359",358,0.1793,0.02525,0.0436,0.75185,"Netlogo_H_2","Net_H"
"360",359,0.1779,0.0257,0.0443,0.7521,"Netlogo_H_2","Net_H"
"361",360,0.1769,0.0261,0.04405,0.75295,"Netlogo_H_2","Net_H"
"362",361,0.177,0.02545,0.0438,0.75375,"Netlogo_H_2","Net_H"
"363",362,0.1766,0.02365,0.0452,0.75455,"Netlogo_H_2","Net_H"
"364",363,0.17475,0.0244,0.04525,0.7556,"Netlogo_H_2","Net_H"
"365",364,0.1742,0.02415,0.0455,0.75615,"Netlogo_H_2","Net_H"
"366",365,0.1732,0.0244,0.0459,0.7565,"Netlogo_H_2","Net_H"
"367",366,0.17155,0.0249,0.04625,0.7573,"Netlogo_H_2","Net_H"
"368",367,0.17115,0.02515,0.0464,0.7573,"Netlogo_H_2","Net_H"
"369",368,0.16865,0.0261,0.0466,0.75865,"Netlogo_H_2","Net_H"
"370",369,0.1687,0.02585,0.0465,0.75895,"Netlogo_H_2","Net_H"
"371",370,0.1695,0.02555,0.04655,0.7584,"Netlogo_H_2","Net_H"
"372",371,0.16805,0.02565,0.047,0.7593,"Netlogo_H_2","Net_H"
"373",372,0.16815,0.02465,0.04735,0.75985,"Netlogo_H_2","Net_H"
"374",373,0.16735,0.0247,0.0476,0.76035,"Netlogo_H_2","Net_H"
"375",374,0.1664,0.02565,0.04725,0.7607,"Netlogo_H_2","Net_H"
"376",375,0.1655,0.02595,0.04745,0.7611,"Netlogo_H_2","Net_H"
"377",376,0.1651,0.02605,0.04745,0.7614,"Netlogo_H_2","Net_H"
"378",377,0.16395,0.02565,0.04795,0.76245,"Netlogo_H_2","Net_H"
"379",378,0.16205,0.0263,0.04735,0.7643,"Netlogo_H_2","Net_H"
"380",379,0.1616,0.02635,0.04715,0.7649,"Netlogo_H_2","Net_H"
"381",380,0.1605,0.0252,0.0475,0.7668,"Netlogo_H_2","Net_H"
"382",381,0.1598,0.0246,0.0477,0.7679,"Netlogo_H_2","Net_H"
"383",382,0.16005,0.0239,0.04695,0.7691,"Netlogo_H_2","Net_H"
"384",383,0.1597,0.0237,0.04685,0.76975,"Netlogo_H_2","Net_H"
"385",384,0.15915,0.023,0.0471,0.77075,"Netlogo_H_2","Net_H"
"386",385,0.15875,0.02315,0.04595,0.77215,"Netlogo_H_2","Net_H"
"387",386,0.1602,0.02125,0.04565,0.7729,"Netlogo_H_2","Net_H"
"388",387,0.1604,0.02045,0.0456,0.77355,"Netlogo_H_2","Net_H"
"389",388,0.16,0.0201,0.0457,0.7742,"Netlogo_H_2","Net_H"
"390",389,0.1595,0.0207,0.04505,0.77475,"Netlogo_H_2","Net_H"
"391",390,0.15795,0.02145,0.0442,0.7764,"Netlogo_H_2","Net_H"
"392",391,0.1586,0.0212,0.0426,0.7776,"Netlogo_H_2","Net_H"
"393",392,0.1599,0.0205,0.0421,0.7775,"Netlogo_H_2","Net_H"
"394",393,0.1594,0.02055,0.0412,0.77885,"Netlogo_H_2","Net_H"
"395",394,0.15895,0.0204,0.04025,0.7804,"Netlogo_H_2","Net_H"
"396",395,0.1589,0.0204,0.0402,0.7805,"Netlogo_H_2","Net_H"
"397",396,0.1588,0.0201,0.03955,0.78155,"Netlogo_H_2","Net_H"
"398",397,0.1593,0.0204,0.038,0.7823,"Netlogo_H_2","Net_H"
"399",398,0.16,0.0195,0.0389,0.7816,"Netlogo_H_2","Net_H"
"400",399,0.1598,0.019,0.03975,0.78145,"Netlogo_H_2","Net_H"
"401",400,0.16065,0.0187,0.03865,0.782,"Netlogo_H_2","Net_H"
"402",401,0.16125,0.01885,0.0372,0.7827,"Netlogo_H_2","Net_H"
"403",402,0.1632,0.0176,0.03685,0.78235,"Netlogo_H_2","Net_H"
"404",403,0.1639,0.01745,0.0375,0.78115,"Netlogo_H_2","Net_H"
"405",404,0.16395,0.01805,0.03595,0.78205,"Netlogo_H_2","Net_H"
"406",405,0.1648,0.01835,0.03545,0.7814,"Netlogo_H_2","Net_H"
"407",406,0.16685,0.0181,0.03525,0.7798,"Netlogo_H_2","Net_H"
"408",407,0.16815,0.0166,0.0359,0.77935,"Netlogo_H_2","Net_H"
"409",408,0.168,0.01735,0.0352,0.77945,"Netlogo_H_2","Net_H"
"410",409,0.1678,0.018,0.03455,0.77965,"Netlogo_H_2","Net_H"
"411",410,0.1692,0.0171,0.0347,0.779,"Netlogo_H_2","Net_H"
"412",411,0.16905,0.01775,0.03455,0.77865,"Netlogo_H_2","Net_H"
"413",412,0.1703,0.01715,0.0347,0.77785,"Netlogo_H_2","Net_H"
"414",413,0.17125,0.01715,0.035,0.7766,"Netlogo_H_2","Net_H"
"415",414,0.17095,0.0175,0.0353,0.77625,"Netlogo_H_2","Net_H"
"416",415,0.17065,0.01845,0.03475,0.77615,"Netlogo_H_2","Net_H"
"417",416,0.17065,0.01905,0.0344,0.7759,"Netlogo_H_2","Net_H"
"418",417,0.17145,0.0193,0.0344,0.77485,"Netlogo_H_2","Net_H"
"419",418,0.1726,0.0186,0.03435,0.77445,"Netlogo_H_2","Net_H"
"420",419,0.1743,0.0176,0.03435,0.77375,"Netlogo_H_2","Net_H"
"421",420,0.17495,0.0174,0.0336,0.77405,"Netlogo_H_2","Net_H"
"422",421,0.17615,0.01805,0.03345,0.77235,"Netlogo_H_2","Net_H"
"423",422,0.17575,0.0188,0.03265,0.7728,"Netlogo_H_2","Net_H"
"424",423,0.17645,0.0181,0.0333,0.77215,"Netlogo_H_2","Net_H"
"425",424,0.177,0.0176,0.03405,0.77135,"Netlogo_H_2","Net_H"
"426",425,0.1776,0.01705,0.0334,0.77195,"Netlogo_H_2","Net_H"
"427",426,0.17785,0.01835,0.0321,0.7717,"Netlogo_H_2","Net_H"
"428",427,0.17845,0.01895,0.0317,0.7709,"Netlogo_H_2","Net_H"
"429",428,0.1785,0.01915,0.0318,0.77055,"Netlogo_H_2","Net_H"
"430",429,0.1792,0.01905,0.0316,0.77015,"Netlogo_H_2","Net_H"
"431",430,0.1805,0.01865,0.03255,0.7683,"Netlogo_H_2","Net_H"
"432",431,0.181,0.0183,0.03295,0.76775,"Netlogo_H_2","Net_H"
"433",432,0.18135,0.0182,0.03345,0.767,"Netlogo_H_2","Net_H"
"434",433,0.18135,0.01795,0.0338,0.7669,"Netlogo_H_2","Net_H"
"435",434,0.1824,0.01745,0.03405,0.7661,"Netlogo_H_2","Net_H"
"436",435,0.18165,0.0184,0.0335,0.76645,"Netlogo_H_2","Net_H"
"437",436,0.1813,0.01895,0.03335,0.7664,"Netlogo_H_2","Net_H"
"438",437,0.18155,0.01935,0.03315,0.76595,"Netlogo_H_2","Net_H"
"439",438,0.1821,0.01985,0.03345,0.7646,"Netlogo_H_2","Net_H"
"440",439,0.1825,0.01945,0.03415,0.7639,"Netlogo_H_2","Net_H"
"441",440,0.182,0.0203,0.0332,0.7645,"Netlogo_H_2","Net_H"
"442",441,0.1822,0.01935,0.0352,0.76325,"Netlogo_H_2","Net_H"
"443",442,0.18175,0.0193,0.03525,0.7637,"Netlogo_H_2","Net_H"
"444",443,0.1825,0.01905,0.0347,0.76375,"Netlogo_H_2","Net_H"
"445",444,0.18105,0.0212,0.0342,0.76355,"Netlogo_H_2","Net_H"
"446",445,0.1804,0.0218,0.0345,0.7633,"Netlogo_H_2","Net_H"
"447",446,0.18085,0.02145,0.03445,0.76325,"Netlogo_H_2","Net_H"
"448",447,0.18295,0.02115,0.03485,0.76105,"Netlogo_H_2","Net_H"
"449",448,0.1829,0.0212,0.03485,0.76105,"Netlogo_H_2","Net_H"
"450",449,0.18355,0.02055,0.03525,0.76065,"Netlogo_H_2","Net_H"
"451",450,0.184,0.0203,0.0361,0.7596,"Netlogo_H_2","Net_H"
"452",451,0.1836,0.01965,0.037,0.75975,"Netlogo_H_2","Net_H"
"453",452,0.18345,0.02075,0.03655,0.75925,"Netlogo_H_2","Net_H"
"454",453,0.18275,0.0201,0.0376,0.75955,"Netlogo_H_2","Net_H"
"455",454,0.1815,0.0213,0.03755,0.75965,"Netlogo_H_2","Net_H"
"456",455,0.18115,0.02245,0.037,0.7594,"Netlogo_H_2","Net_H"
"457",456,0.1822,0.02185,0.03785,0.7581,"Netlogo_H_2","Net_H"
"458",457,0.18245,0.02155,0.03795,0.75805,"Netlogo_H_2","Net_H"
"459",458,0.18385,0.02015,0.0377,0.7583,"Netlogo_H_2","Net_H"
"460",459,0.1835,0.02055,0.03795,0.758,"Netlogo_H_2","Net_H"
"461",460,0.18345,0.02045,0.03845,0.75765,"Netlogo_H_2","Net_H"
"462",461,0.1838,0.0198,0.0383,0.7581,"Netlogo_H_2","Net_H"
"463",462,0.18175,0.0208,0.0382,0.75925,"Netlogo_H_2","Net_H"
"464",463,0.1819,0.0209,0.03745,0.75975,"Netlogo_H_2","Net_H"
"465",464,0.18295,0.0197,0.0384,0.75895,"Netlogo_H_2","Net_H"
"466",465,0.1828,0.0189,0.03845,0.75985,"Netlogo_H_2","Net_H"
"467",466,0.18275,0.0192,0.03815,0.7599,"Netlogo_H_2","Net_H"
"468",467,0.18235,0.0197,0.0377,0.76025,"Netlogo_H_2","Net_H"
"469",468,0.18245,0.0201,0.0372,0.76025,"Netlogo_H_2","Net_H"
"470",469,0.1831,0.0195,0.0369,0.7605,"Netlogo_H_2","Net_H"
"471",470,0.18335,0.02035,0.03625,0.76005,"Netlogo_H_2","Net_H"
"472",471,0.1829,0.0199,0.0362,0.761,"Netlogo_H_2","Net_H"
"473",472,0.1831,0.01905,0.0366,0.76125,"Netlogo_H_2","Net_H"
"474",473,0.1828,0.01955,0.03525,0.7624,"Netlogo_H_2","Net_H"
"475",474,0.1832,0.02,0.0358,0.761,"Netlogo_H_2","Net_H"
"476",475,0.18225,0.0213,0.03645,0.76,"Netlogo_H_2","Net_H"
"477",476,0.18225,0.0214,0.03625,0.7601,"Netlogo_H_2","Net_H"
"478",477,0.18235,0.02135,0.0357,0.7606,"Netlogo_H_2","Net_H"
"479",478,0.18245,0.02045,0.0367,0.7604,"Netlogo_H_2","Net_H"
"480",479,0.18205,0.0208,0.03665,0.7605,"Netlogo_H_2","Net_H"
"481",480,0.1813,0.02075,0.03715,0.7608,"Netlogo_H_2","Net_H"
"482",481,0.18045,0.0205,0.0376,0.76145,"Netlogo_H_2","Net_H"
"483",482,0.1797,0.0205,0.0373,0.7625,"Netlogo_H_2","Net_H"
"484",483,0.17925,0.02115,0.037,0.7626,"Netlogo_H_2","Net_H"
"485",484,0.1793,0.02105,0.0371,0.76255,"Netlogo_H_2","Net_H"
"486",485,0.17995,0.0205,0.03735,0.7622,"Netlogo_H_2","Net_H"
"487",486,0.18015,0.02055,0.03735,0.76195,"Netlogo_H_2","Net_H"
"488",487,0.17885,0.02105,0.0384,0.7617,"Netlogo_H_2","Net_H"
"489",488,0.17845,0.0213,0.03845,0.7618,"Netlogo_H_2","Net_H"
"490",489,0.17775,0.02145,0.0389,0.7619,"Netlogo_H_2","Net_H"
"491",490,0.17715,0.02265,0.0383,0.7619,"Netlogo_H_2","Net_H"
"492",491,0.17725,0.02145,0.03915,0.76215,"Netlogo_H_2","Net_H"
"493",492,0.17615,0.0213,0.04015,0.7624,"Netlogo_H_2","Net_H"
"494",493,0.17585,0.0221,0.0387,0.76335,"Netlogo_H_2","Net_H"
"495",494,0.17565,0.0213,0.03985,0.7632,"Netlogo_H_2","Net_H"
"496",495,0.1748,0.02155,0.04015,0.7635,"Netlogo_H_2","Net_H"
"497",496,0.1748,0.02195,0.03885,0.7644,"Netlogo_H_2","Net_H"
"498",497,0.1742,0.02205,0.0392,0.76455,"Netlogo_H_2","Net_H"
"499",498,0.1743,0.0213,0.0397,0.7647,"Netlogo_H_2","Net_H"
"500",499,0.1753,0.0198,0.04005,0.76485,"Netlogo_H_2","Net_H"
"501",500,0.1757,0.01975,0.0408,0.76375,"Netlogo_H_2","Net_H"
"502",501,0.17405,0.0206,0.03955,0.7658,"Netlogo_H_2","Net_H"
"503",502,0.1742,0.0201,0.0395,0.7662,"Netlogo_H_2","Net_H"
"504",503,0.17485,0.01955,0.03985,0.76575,"Netlogo_H_2","Net_H"
"505",504,0.1752,0.02025,0.03875,0.7658,"Netlogo_H_2","Net_H"
"506",505,0.1753,0.0214,0.03855,0.76475,"Netlogo_H_2","Net_H"
"507",506,0.1741,0.0222,0.038,0.7657,"Netlogo_H_2","Net_H"
"508",507,0.1747,0.0213,0.0387,0.7653,"Netlogo_H_2","Net_H"
"509",508,0.1739,0.0209,0.03885,0.76635,"Netlogo_H_2","Net_H"
"510",509,0.1747,0.0206,0.0384,0.7663,"Netlogo_H_2","Net_H"
"511",510,0.1734,0.02135,0.0388,0.76645,"Netlogo_H_2","Net_H"
"512",511,0.17335,0.0223,0.0379,0.76645,"Netlogo_H_2","Net_H"
"513",512,0.17405,0.0227,0.0381,0.76515,"Netlogo_H_2","Net_H"
"514",513,0.17395,0.0221,0.03875,0.7652,"Netlogo_H_2","Net_H"
"515",514,0.17295,0.0226,0.0394,0.76505,"Netlogo_H_2","Net_H"
"516",515,0.173,0.02185,0.0394,0.76575,"Netlogo_H_2","Net_H"
"517",516,0.17365,0.0219,0.03845,0.766,"Netlogo_H_2","Net_H"
"518",517,0.17495,0.022,0.03785,0.7652,"Netlogo_H_2","Net_H"
"519",518,0.17605,0.0211,0.0379,0.76495,"Netlogo_H_2","Net_H"
"520",519,0.1753,0.02095,0.0385,0.76525,"Netlogo_H_2","Net_H"
"521",520,0.1758,0.02065,0.03795,0.7656,"Netlogo_H_2","Net_H"
"522",521,0.17635,0.02035,0.0374,0.7659,"Netlogo_H_2","Net_H"
"523",522,0.177,0.01975,0.03755,0.7657,"Netlogo_H_2","Net_H"
"524",523,0.17705,0.0201,0.0373,0.76555,"Netlogo_H_2","Net_H"
"525",524,0.17715,0.02095,0.03695,0.76495,"Netlogo_H_2","Net_H"
"526",525,0.17795,0.02085,0.03735,0.76385,"Netlogo_H_2","Net_H"
"527",526,0.17755,0.0205,0.03745,0.7645,"Netlogo_H_2","Net_H"
"528",527,0.1781,0.02065,0.0374,0.76385,"Netlogo_H_2","Net_H"
"529",528,0.1796,0.01885,0.038,0.76355,"Netlogo_H_2","Net_H"
"530",529,0.1799,0.0182,0.0389,0.763,"Netlogo_H_2","Net_H"
"531",530,0.17995,0.01825,0.03825,0.76355,"Netlogo_H_2","Net_H"
"532",531,0.1793,0.01945,0.0372,0.76405,"Netlogo_H_2","Net_H"
"533",532,0.17975,0.01875,0.03725,0.76425,"Netlogo_H_2","Net_H"
"534",533,0.17985,0.02,0.03705,0.7631,"Netlogo_H_2","Net_H"
"535",534,0.18025,0.02075,0.03605,0.76295,"Netlogo_H_2","Net_H"
"536",535,0.18015,0.021,0.03645,0.7624,"Netlogo_H_2","Net_H"
"537",536,0.1801,0.0211,0.03725,0.76155,"Netlogo_H_2","Net_H"
"538",537,0.18035,0.0217,0.03845,0.7595,"Netlogo_H_2","Net_H"
"539",538,0.1796,0.02135,0.0388,0.76025,"Netlogo_H_2","Net_H"
"540",539,0.18045,0.021,0.03875,0.7598,"Netlogo_H_2","Net_H"
"541",540,0.1808,0.0201,0.03995,0.75915,"Netlogo_H_2","Net_H"
"542",541,0.1814,0.01925,0.0404,0.75895,"Netlogo_H_2","Net_H"
"543",542,0.1818,0.01975,0.0393,0.75915,"Netlogo_H_2","Net_H"
"544",543,0.1811,0.0214,0.03895,0.75855,"Netlogo_H_2","Net_H"
"545",544,0.18075,0.0218,0.03865,0.7588,"Netlogo_H_2","Net_H"
"546",545,0.1816,0.0206,0.03895,0.75885,"Netlogo_H_2","Net_H"
"547",546,0.18025,0.02155,0.0383,0.7599,"Netlogo_H_2","Net_H"
"548",547,0.18035,0.0217,0.03905,0.7589,"Netlogo_H_2","Net_H"
"549",548,0.1805,0.0212,0.03965,0.75865,"Netlogo_H_2","Net_H"
"550",549,0.17935,0.02135,0.03955,0.75975,"Netlogo_H_2","Net_H"
"551",550,0.17855,0.0223,0.0391,0.76005,"Netlogo_H_2","Net_H"
"552",551,0.1788,0.02165,0.03985,0.7597,"Netlogo_H_2","Net_H"
"553",552,0.1786,0.02165,0.0402,0.75955,"Netlogo_H_2","Net_H"
"554",553,0.17895,0.0212,0.04,0.75985,"Netlogo_H_2","Net_H"
"555",554,0.1798,0.02085,0.0406,0.75875,"Netlogo_H_2","Net_H"
"556",555,0.17975,0.02225,0.0396,0.7584,"Netlogo_H_2","Net_H"
"557",556,0.1796,0.02225,0.0393,0.75885,"Netlogo_H_2","Net_H"
"558",557,0.1784,0.02255,0.03975,0.7593,"Netlogo_H_2","Net_H"
"559",558,0.1777,0.0238,0.0397,0.7588,"Netlogo_H_2","Net_H"
"560",559,0.1778,0.02335,0.03985,0.759,"Netlogo_H_2","Net_H"
"561",560,0.17755,0.02235,0.04205,0.75805,"Netlogo_H_2","Net_H"
"562",561,0.17815,0.0218,0.04165,0.7584,"Netlogo_H_2","Net_H"
"563",562,0.17775,0.02135,0.0419,0.759,"Netlogo_H_2","Net_H"
"564",563,0.17755,0.02235,0.04155,0.75855,"Netlogo_H_2","Net_H"
"565",564,0.17785,0.02355,0.04055,0.75805,"Netlogo_H_2","Net_H"
"566",565,0.17805,0.02155,0.04155,0.75885,"Netlogo_H_2","Net_H"
"567",566,0.17715,0.021,0.0423,0.75955,"Netlogo_H_2","Net_H"
"568",567,0.17675,0.0219,0.0419,0.75945,"Netlogo_H_2","Net_H"
"569",568,0.17605,0.0226,0.0411,0.76025,"Netlogo_H_2","Net_H"
"570",569,0.1768,0.0214,0.04145,0.76035,"Netlogo_H_2","Net_H"
"571",570,0.17675,0.02005,0.0421,0.7611,"Netlogo_H_2","Net_H"
"572",571,0.17655,0.0204,0.0408,0.76225,"Netlogo_H_2","Net_H"
"573",572,0.1762,0.0205,0.04005,0.76325,"Netlogo_H_2","Net_H"
"574",573,0.17565,0.0211,0.0401,0.76315,"Netlogo_H_2","Net_H"
"575",574,0.17605,0.02105,0.04055,0.76235,"Netlogo_H_2","Net_H"
"576",575,0.1753,0.0213,0.0404,0.763,"Netlogo_H_2","Net_H"
"577",576,0.17685,0.0209,0.04035,0.7619,"Netlogo_H_2","Net_H"
"578",577,0.17635,0.022,0.0392,0.76245,"Netlogo_H_2","Net_H"
"579",578,0.17655,0.0222,0.03915,0.7621,"Netlogo_H_2","Net_H"
"580",579,0.17725,0.0231,0.0391,0.76055,"Netlogo_H_2","Net_H"
"581",580,0.17745,0.0219,0.0413,0.75935,"Netlogo_H_2","Net_H"
"582",581,0.1766,0.02215,0.04115,0.7601,"Netlogo_H_2","Net_H"
"583",582,0.17535,0.02335,0.0413,0.76,"Netlogo_H_2","Net_H"
"584",583,0.17525,0.02335,0.04095,0.76045,"Netlogo_H_2","Net_H"
"585",584,0.17515,0.02315,0.04065,0.76105,"Netlogo_H_2","Net_H"
"586",585,0.1751,0.0222,0.04125,0.76145,"Netlogo_H_2","Net_H"
"587",586,0.1747,0.0221,0.04215,0.76105,"Netlogo_H_2","Net_H"
"588",587,0.17425,0.0219,0.04235,0.7615,"Netlogo_H_2","Net_H"
"589",588,0.1749,0.02225,0.04185,0.761,"Netlogo_H_2","Net_H"
"590",589,0.17425,0.02225,0.04195,0.76155,"Netlogo_H_2","Net_H"
"591",590,0.1755,0.0217,0.0417,0.7611,"Netlogo_H_2","Net_H"
"592",591,0.17565,0.0223,0.0402,0.76185,"Netlogo_H_2","Net_H"
"593",592,0.17495,0.0233,0.04,0.76175,"Netlogo_H_2","Net_H"
"594",593,0.1744,0.0223,0.04075,0.76255,"Netlogo_H_2","Net_H"
"595",594,0.17445,0.02255,0.04055,0.76245,"Netlogo_H_2","Net_H"
"596",595,0.1741,0.0227,0.0398,0.7634,"Netlogo_H_2","Net_H"
"597",596,0.17425,0.023,0.03975,0.763,"Netlogo_H_2","Net_H"
"598",597,0.17535,0.02175,0.04055,0.76235,"Netlogo_H_2","Net_H"
"599",598,0.17515,0.02215,0.0404,0.7623,"Netlogo_H_2","Net_H"
"600",599,0.17485,0.0225,0.03895,0.7637,"Netlogo_H_2","Net_H"
"601",600,0.17605,0.02135,0.03895,0.76365,"Netlogo_H_2","Net_H"
"602",601,0.1763,0.02115,0.0397,0.76285,"Netlogo_H_2","Net_H"
"603",602,0.17645,0.02095,0.04,0.7626,"Netlogo_H_2","Net_H"
"604",603,0.1779,0.0205,0.03995,0.76165,"Netlogo_H_2","Net_H"
"605",604,0.17885,0.01995,0.0396,0.7616,"Netlogo_H_2","Net_H"
"606",605,0.17925,0.0193,0.0403,0.76115,"Netlogo_H_2","Net_H"
"607",606,0.17885,0.02,0.0402,0.76095,"Netlogo_H_2","Net_H"
"608",607,0.1782,0.02055,0.03965,0.7616,"Netlogo_H_2","Net_H"
"609",608,0.17865,0.0209,0.03935,0.7611,"Netlogo_H_2","Net_H"
"610",609,0.1788,0.0201,0.0396,0.7615,"Netlogo_H_2","Net_H"
"611",610,0.1791,0.02065,0.03865,0.7616,"Netlogo_H_2","Net_H"
"612",611,0.17885,0.0204,0.0369,0.76385,"Netlogo_H_2","Net_H"
"613",612,0.17905,0.02075,0.03655,0.76365,"Netlogo_H_2","Net_H"
"614",613,0.1793,0.0207,0.03635,0.76365,"Netlogo_H_2","Net_H"
"615",614,0.1797,0.02045,0.03685,0.763,"Netlogo_H_2","Net_H"
"616",615,0.1794,0.0207,0.0373,0.7626,"Netlogo_H_2","Net_H"
"617",616,0.1798,0.0197,0.0377,0.7628,"Netlogo_H_2","Net_H"
"618",617,0.18005,0.01965,0.0378,0.7625,"Netlogo_H_2","Net_H"
"619",618,0.18015,0.0198,0.038,0.76205,"Netlogo_H_2","Net_H"
"620",619,0.18065,0.01995,0.03855,0.76085,"Netlogo_H_2","Net_H"
"621",620,0.1803,0.02025,0.0384,0.76105,"Netlogo_H_2","Net_H"
"622",621,0.18135,0.02095,0.03815,0.75955,"Netlogo_H_2","Net_H"
"623",622,0.18255,0.02025,0.03815,0.75905,"Netlogo_H_2","Net_H"
"624",623,0.18285,0.01915,0.0388,0.7592,"Netlogo_H_2","Net_H"
"625",624,0.1833,0.01945,0.03825,0.759,"Netlogo_H_2","Net_H"
"626",625,0.18225,0.01975,0.03865,0.75935,"Netlogo_H_2","Net_H"
"627",626,0.1814,0.021,0.0387,0.7589,"Netlogo_H_2","Net_H"
"628",627,0.18195,0.02065,0.0395,0.7579,"Netlogo_H_2","Net_H"
"629",628,0.1827,0.02025,0.039,0.75805,"Netlogo_H_2","Net_H"
"630",629,0.18295,0.02075,0.0387,0.7576,"Netlogo_H_2","Net_H"
"631",630,0.18215,0.0218,0.03845,0.7576,"Netlogo_H_2","Net_H"
"632",631,0.18155,0.02125,0.03925,0.75795,"Netlogo_H_2","Net_H"
"633",632,0.18115,0.02035,0.04025,0.75825,"Netlogo_H_2","Net_H"
"634",633,0.182,0.02055,0.04045,0.757,"Netlogo_H_2","Net_H"
"635",634,0.1821,0.02085,0.04035,0.7567,"Netlogo_H_2","Net_H"
"636",635,0.18205,0.0208,0.0399,0.75725,"Netlogo_H_2","Net_H"
"637",636,0.18245,0.0202,0.04015,0.7572,"Netlogo_H_2","Net_H"
"638",637,0.1816,0.02105,0.03955,0.7578,"Netlogo_H_2","Net_H"
"639",638,0.18095,0.02135,0.03975,0.75795,"Netlogo_H_2","Net_H"
