"","step","S","E","I","R","simu","Langage"
"1",0,0.999,0,0.001,0,"Netlogo_H_4","Net_H"
"2",1,0.99835,0.00065,0.001,0,"Netlogo_H_4","Net_H"
"3",2,0.99755,0.00145,0.00095,5e-05,"Netlogo_H_4","Net_H"
"4",3,0.99675,0.00205,0.0011,1e-04,"Netlogo_H_4","Net_H"
"5",4,0.9957,0.00275,0.0013,0.00025,"Netlogo_H_4","Net_H"
"6",5,0.9949,0.00265,0.00205,4e-04,"Netlogo_H_4","Net_H"
"7",6,0.9935,0.00345,0.00255,5e-04,"Netlogo_H_4","Net_H"
"8",7,0.9914,0.005,0.00285,0.00075,"Netlogo_H_4","Net_H"
"9",8,0.9896,0.00625,0.0031,0.00105,"Netlogo_H_4","Net_H"
"10",9,0.98745,0.007,0.00405,0.0015,"Netlogo_H_4","Net_H"
"11",10,0.98465,0.0082,0.00535,0.0018,"Netlogo_H_4","Net_H"
"12",11,0.98095,0.01075,0.00585,0.00245,"Netlogo_H_4","Net_H"
"13",12,0.9765,0.0136,0.0067,0.0032,"Netlogo_H_4","Net_H"
"14",13,0.97075,0.0172,0.00825,0.0038,"Netlogo_H_4","Net_H"
"15",14,0.966,0.01905,0.01065,0.0043,"Netlogo_H_4","Net_H"
"16",15,0.9593,0.02215,0.0138,0.00475,"Netlogo_H_4","Net_H"
"17",16,0.9502,0.02675,0.01665,0.0064,"Netlogo_H_4","Net_H"
"18",17,0.93865,0.03345,0.0198,0.0081,"Netlogo_H_4","Net_H"
"19",18,0.92555,0.04005,0.02455,0.00985,"Netlogo_H_4","Net_H"
"20",19,0.90915,0.0478,0.03095,0.0121,"Netlogo_H_4","Net_H"
"21",20,0.89075,0.0574,0.03725,0.0146,"Netlogo_H_4","Net_H"
"22",21,0.87,0.0674,0.04375,0.01885,"Netlogo_H_4","Net_H"
"23",22,0.8452,0.07895,0.05225,0.0236,"Netlogo_H_4","Net_H"
"24",23,0.81525,0.09295,0.06265,0.02915,"Netlogo_H_4","Net_H"
"25",24,0.78135,0.10815,0.07565,0.03485,"Netlogo_H_4","Net_H"
"26",25,0.74165,0.12625,0.09015,0.04195,"Netlogo_H_4","Net_H"
"27",26,0.6973,0.1465,0.1063,0.0499,"Netlogo_H_4","Net_H"
"28",27,0.6477,0.16725,0.1241,0.06095,"Netlogo_H_4","Net_H"
"29",28,0.59325,0.18805,0.1459,0.0728,"Netlogo_H_4","Net_H"
"30",29,0.53485,0.2079,0.16985,0.0874,"Netlogo_H_4","Net_H"
"31",30,0.474,0.22645,0.19395,0.1056,"Netlogo_H_4","Net_H"
"32",31,0.4156,0.2397,0.21875,0.12595,"Netlogo_H_4","Net_H"
"33",32,0.3615,0.2418,0.24805,0.14865,"Netlogo_H_4","Net_H"
"34",33,0.3048,0.24545,0.27365,0.1761,"Netlogo_H_4","Net_H"
"35",34,0.25275,0.2454,0.29665,0.2052,"Netlogo_H_4","Net_H"
"36",35,0.2049,0.24045,0.3183,0.23635,"Netlogo_H_4","Net_H"
"37",36,0.16625,0.2245,0.3395,0.26975,"Netlogo_H_4","Net_H"
"38",37,0.1321,0.20685,0.3546,0.30645,"Netlogo_H_4","Net_H"
"39",38,0.1058,0.18365,0.3638,0.34675,"Netlogo_H_4","Net_H"
"40",39,0.0829,0.164,0.3676,0.3855,"Netlogo_H_4","Net_H"
"41",40,0.06615,0.14345,0.36455,0.42585,"Netlogo_H_4","Net_H"
"42",41,0.05285,0.12295,0.35625,0.46795,"Netlogo_H_4","Net_H"
"43",42,0.0427,0.10455,0.3423,0.51045,"Netlogo_H_4","Net_H"
"44",43,0.03555,0.08605,0.3274,0.551,"Netlogo_H_4","Net_H"
"45",44,0.0297,0.0722,0.31095,0.58715,"Netlogo_H_4","Net_H"
"46",45,0.0251,0.06075,0.28895,0.6252,"Netlogo_H_4","Net_H"
"47",46,0.02315,0.04845,0.26815,0.66025,"Netlogo_H_4","Net_H"
"48",47,0.0212,0.0389,0.24625,0.69365,"Netlogo_H_4","Net_H"
"49",48,0.0203,0.0319,0.2255,0.7223,"Netlogo_H_4","Net_H"
"50",49,0.01975,0.0263,0.2058,0.74815,"Netlogo_H_4","Net_H"
"51",50,0.0193,0.0223,0.18725,0.77115,"Netlogo_H_4","Net_H"
"52",51,0.02,0.01865,0.1707,0.79065,"Netlogo_H_4","Net_H"
"53",52,0.02045,0.0162,0.15315,0.8102,"Netlogo_H_4","Net_H"
"54",53,0.0211,0.01425,0.1367,0.82795,"Netlogo_H_4","Net_H"
"55",54,0.02165,0.0121,0.12235,0.8439,"Netlogo_H_4","Net_H"
"56",55,0.0222,0.01145,0.1084,0.85795,"Netlogo_H_4","Net_H"
"57",56,0.0236,0.01015,0.0969,0.86935,"Netlogo_H_4","Net_H"
"58",57,0.0248,0.0094,0.08675,0.87905,"Netlogo_H_4","Net_H"
"59",58,0.0263,0.0083,0.0785,0.8869,"Netlogo_H_4","Net_H"
"60",59,0.02865,0.0071,0.07075,0.8935,"Netlogo_H_4","Net_H"
"61",60,0.031,0.0071,0.06305,0.89885,"Netlogo_H_4","Net_H"
"62",61,0.0323,0.0071,0.05705,0.90355,"Netlogo_H_4","Net_H"
"63",62,0.0343,0.0065,0.05115,0.90805,"Netlogo_H_4","Net_H"
"64",63,0.03635,0.00645,0.0448,0.9124,"Netlogo_H_4","Net_H"
"65",64,0.03845,0.0058,0.04075,0.915,"Netlogo_H_4","Net_H"
"66",65,0.04065,0.0058,0.0363,0.91725,"Netlogo_H_4","Net_H"
"67",66,0.04295,0.0051,0.03245,0.9195,"Netlogo_H_4","Net_H"
"68",67,0.0465,0.0043,0.02915,0.92005,"Netlogo_H_4","Net_H"
"69",68,0.04865,0.0041,0.0255,0.92175,"Netlogo_H_4","Net_H"
"70",69,0.05165,0.00375,0.023,0.9216,"Netlogo_H_4","Net_H"
"71",70,0.0548,0.0033,0.02055,0.92135,"Netlogo_H_4","Net_H"
"72",71,0.05805,0.0028,0.0186,0.92055,"Netlogo_H_4","Net_H"
"73",72,0.0606,0.0028,0.01625,0.92035,"Netlogo_H_4","Net_H"
"74",73,0.06325,0.00275,0.01455,0.91945,"Netlogo_H_4","Net_H"
"75",74,0.0664,0.0026,0.01305,0.91795,"Netlogo_H_4","Net_H"
"76",75,0.06925,0.00255,0.01175,0.91645,"Netlogo_H_4","Net_H"
"77",76,0.07255,0.00255,0.01105,0.91385,"Netlogo_H_4","Net_H"
"78",77,0.0751,0.0026,0.01055,0.91175,"Netlogo_H_4","Net_H"
"79",78,0.0783,0.0025,0.00955,0.90965,"Netlogo_H_4","Net_H"
"80",79,0.0804,0.00255,0.009,0.90805,"Netlogo_H_4","Net_H"
"81",80,0.083,0.00255,0.0082,0.90625,"Netlogo_H_4","Net_H"
"82",81,0.08645,0.00235,0.00775,0.90345,"Netlogo_H_4","Net_H"
"83",82,0.089,0.00255,0.00745,0.901,"Netlogo_H_4","Net_H"
"84",83,0.0916,0.0025,0.007,0.8989,"Netlogo_H_4","Net_H"
"85",84,0.09425,0.00245,0.00705,0.89625,"Netlogo_H_4","Net_H"
"86",85,0.09675,0.0021,0.0066,0.89455,"Netlogo_H_4","Net_H"
"87",86,0.1,0.00205,0.0061,0.89185,"Netlogo_H_4","Net_H"
"88",87,0.10245,0.002,0.0055,0.89005,"Netlogo_H_4","Net_H"
"89",88,0.10425,0.0022,0.005,0.88855,"Netlogo_H_4","Net_H"
"90",89,0.10755,0.0018,0.0051,0.88555,"Netlogo_H_4","Net_H"
"91",90,0.1098,0.0022,0.0049,0.8831,"Netlogo_H_4","Net_H"
"92",91,0.1127,0.00195,0.005,0.88035,"Netlogo_H_4","Net_H"
"93",92,0.11535,0.00205,0.00445,0.87815,"Netlogo_H_4","Net_H"
"94",93,0.11755,0.0021,0.00425,0.8761,"Netlogo_H_4","Net_H"
"95",94,0.1195,0.00195,0.0043,0.87425,"Netlogo_H_4","Net_H"
"96",95,0.1225,0.0017,0.00435,0.87145,"Netlogo_H_4","Net_H"
"97",96,0.1249,0.00185,0.00415,0.8691,"Netlogo_H_4","Net_H"
"98",97,0.1274,0.00195,0.0039,0.86675,"Netlogo_H_4","Net_H"
"99",98,0.1296,0.002,0.00385,0.86455,"Netlogo_H_4","Net_H"
"100",99,0.1318,0.0019,0.0037,0.8626,"Netlogo_H_4","Net_H"
"101",100,0.13375,0.00185,0.00375,0.86065,"Netlogo_H_4","Net_H"
"102",101,0.1361,0.00155,0.0038,0.85855,"Netlogo_H_4","Net_H"
"103",102,0.1382,0.0017,0.0037,0.8564,"Netlogo_H_4","Net_H"
"104",103,0.14105,0.00155,0.0038,0.8536,"Netlogo_H_4","Net_H"
"105",104,0.1434,0.00165,0.0036,0.85135,"Netlogo_H_4","Net_H"
"106",105,0.1454,0.0018,0.0035,0.8493,"Netlogo_H_4","Net_H"
"107",106,0.1478,0.00195,0.00345,0.8468,"Netlogo_H_4","Net_H"
"108",107,0.15055,0.00165,0.0036,0.8442,"Netlogo_H_4","Net_H"
"109",108,0.15275,0.00175,0.00355,0.84195,"Netlogo_H_4","Net_H"
"110",109,0.1554,0.002,0.0034,0.8392,"Netlogo_H_4","Net_H"
"111",110,0.1577,0.0017,0.0034,0.8372,"Netlogo_H_4","Net_H"
"112",111,0.1599,0.0015,0.00335,0.83525,"Netlogo_H_4","Net_H"
"113",112,0.1619,0.0015,0.00355,0.83305,"Netlogo_H_4","Net_H"
"114",113,0.16405,0.00185,0.0033,0.8308,"Netlogo_H_4","Net_H"
"115",114,0.16605,0.0021,0.00315,0.8287,"Netlogo_H_4","Net_H"
"116",115,0.1684,0.00185,0.0035,0.82625,"Netlogo_H_4","Net_H"
"117",116,0.1699,0.0018,0.0034,0.8249,"Netlogo_H_4","Net_H"
"118",117,0.17225,0.0016,0.0035,0.82265,"Netlogo_H_4","Net_H"
"119",118,0.1743,0.00165,0.0035,0.82055,"Netlogo_H_4","Net_H"
"120",119,0.17625,0.00175,0.00325,0.81875,"Netlogo_H_4","Net_H"
"121",120,0.1786,0.0017,0.00335,0.81635,"Netlogo_H_4","Net_H"
"122",121,0.1809,0.0014,0.00335,0.81435,"Netlogo_H_4","Net_H"
"123",122,0.1834,0.0016,0.00325,0.81175,"Netlogo_H_4","Net_H"
"124",123,0.1857,0.0017,0.00325,0.80935,"Netlogo_H_4","Net_H"
"125",124,0.1874,0.00185,0.003,0.80775,"Netlogo_H_4","Net_H"
"126",125,0.1893,0.00195,0.00315,0.8056,"Netlogo_H_4","Net_H"
"127",126,0.19125,0.00235,0.003,0.8034,"Netlogo_H_4","Net_H"
"128",127,0.19315,0.00265,0.003,0.8012,"Netlogo_H_4","Net_H"
"129",128,0.19515,0.00255,0.00335,0.79895,"Netlogo_H_4","Net_H"
"130",129,0.1974,0.00225,0.0037,0.79665,"Netlogo_H_4","Net_H"
"131",130,0.19985,0.00185,0.00395,0.79435,"Netlogo_H_4","Net_H"
"132",131,0.2028,0.00175,0.004,0.79145,"Netlogo_H_4","Net_H"
"133",132,0.20535,0.00185,0.00365,0.78915,"Netlogo_H_4","Net_H"
"134",133,0.20755,0.0017,0.00365,0.7871,"Netlogo_H_4","Net_H"
"135",134,0.20935,0.00175,0.0038,0.7851,"Netlogo_H_4","Net_H"
"136",135,0.2108,0.0022,0.0038,0.7832,"Netlogo_H_4","Net_H"
"137",136,0.21305,0.0026,0.00375,0.7806,"Netlogo_H_4","Net_H"
"138",137,0.2152,0.00285,0.0036,0.77835,"Netlogo_H_4","Net_H"
"139",138,0.21725,0.00305,0.0035,0.7762,"Netlogo_H_4","Net_H"
"140",139,0.2186,0.00295,0.00365,0.7748,"Netlogo_H_4","Net_H"
"141",140,0.22035,0.0029,0.004,0.77275,"Netlogo_H_4","Net_H"
"142",141,0.22175,0.00225,0.00485,0.77115,"Netlogo_H_4","Net_H"
"143",142,0.2235,0.0026,0.0048,0.7691,"Netlogo_H_4","Net_H"
"144",143,0.22525,0.0028,0.0045,0.76745,"Netlogo_H_4","Net_H"
"145",144,0.227,0.00275,0.0043,0.76595,"Netlogo_H_4","Net_H"
"146",145,0.22845,0.003,0.0041,0.76445,"Netlogo_H_4","Net_H"
"147",146,0.2305,0.0026,0.0044,0.7625,"Netlogo_H_4","Net_H"
"148",147,0.2326,0.0026,0.00475,0.76005,"Netlogo_H_4","Net_H"
"149",148,0.23485,0.0026,0.0051,0.75745,"Netlogo_H_4","Net_H"
"150",149,0.2368,0.00295,0.00485,0.7554,"Netlogo_H_4","Net_H"
"151",150,0.23845,0.003,0.00465,0.7539,"Netlogo_H_4","Net_H"
"152",151,0.24005,0.00305,0.00495,0.75195,"Netlogo_H_4","Net_H"
"153",152,0.2416,0.0033,0.00485,0.75025,"Netlogo_H_4","Net_H"
"154",153,0.243,0.00335,0.0052,0.74845,"Netlogo_H_4","Net_H"
"155",154,0.2449,0.00345,0.00545,0.7462,"Netlogo_H_4","Net_H"
"156",155,0.2458,0.00385,0.0055,0.74485,"Netlogo_H_4","Net_H"
"157",156,0.2469,0.0042,0.0056,0.7433,"Netlogo_H_4","Net_H"
"158",157,0.24925,0.0039,0.00585,0.741,"Netlogo_H_4","Net_H"
"159",158,0.25085,0.0037,0.00625,0.7392,"Netlogo_H_4","Net_H"
"160",159,0.25165,0.00355,0.0064,0.7384,"Netlogo_H_4","Net_H"
"161",160,0.2526,0.0041,0.0066,0.7367,"Netlogo_H_4","Net_H"
"162",161,0.2536,0.00445,0.0068,0.73515,"Netlogo_H_4","Net_H"
"163",162,0.2544,0.00465,0.00715,0.7338,"Netlogo_H_4","Net_H"
"164",163,0.2549,0.0054,0.0069,0.7328,"Netlogo_H_4","Net_H"
"165",164,0.2559,0.00525,0.00745,0.7314,"Netlogo_H_4","Net_H"
"166",165,0.2571,0.0057,0.00805,0.72915,"Netlogo_H_4","Net_H"
"167",166,0.25875,0.00555,0.0079,0.7278,"Netlogo_H_4","Net_H"
"168",167,0.2602,0.0051,0.00865,0.72605,"Netlogo_H_4","Net_H"
"169",168,0.261,0.00495,0.00945,0.7246,"Netlogo_H_4","Net_H"
"170",169,0.26135,0.0058,0.0093,0.72355,"Netlogo_H_4","Net_H"
"171",170,0.26195,0.00625,0.0093,0.7225,"Netlogo_H_4","Net_H"
"172",171,0.2619,0.0069,0.00985,0.72135,"Netlogo_H_4","Net_H"
"173",172,0.2623,0.00755,0.00975,0.7204,"Netlogo_H_4","Net_H"
"174",173,0.2624,0.0086,0.00945,0.71955,"Netlogo_H_4","Net_H"
"175",174,0.26285,0.00905,0.0101,0.718,"Netlogo_H_4","Net_H"
"176",175,0.2637,0.00865,0.0116,0.71605,"Netlogo_H_4","Net_H"
"177",176,0.26375,0.00895,0.0119,0.7154,"Netlogo_H_4","Net_H"
"178",177,0.2638,0.00935,0.01285,0.714,"Netlogo_H_4","Net_H"
"179",178,0.26495,0.009,0.01305,0.713,"Netlogo_H_4","Net_H"
"180",179,0.2649,0.00975,0.01305,0.7123,"Netlogo_H_4","Net_H"
"181",180,0.2644,0.0104,0.01335,0.71185,"Netlogo_H_4","Net_H"
"182",181,0.2638,0.01165,0.01375,0.7108,"Netlogo_H_4","Net_H"
"183",182,0.2629,0.01195,0.01445,0.7107,"Netlogo_H_4","Net_H"
"184",183,0.26315,0.012,0.015,0.70985,"Netlogo_H_4","Net_H"
"185",184,0.26325,0.01185,0.01615,0.70875,"Netlogo_H_4","Net_H"
"186",185,0.2619,0.01265,0.01685,0.7086,"Netlogo_H_4","Net_H"
"187",186,0.26085,0.01415,0.0167,0.7083,"Netlogo_H_4","Net_H"
"188",187,0.25915,0.0151,0.018,0.70775,"Netlogo_H_4","Net_H"
"189",188,0.2586,0.01465,0.0194,0.70735,"Netlogo_H_4","Net_H"
"190",189,0.25865,0.0144,0.02075,0.7062,"Netlogo_H_4","Net_H"
"191",190,0.25775,0.0154,0.0208,0.70605,"Netlogo_H_4","Net_H"
"192",191,0.2564,0.01545,0.02145,0.7067,"Netlogo_H_4","Net_H"
"193",192,0.2555,0.0152,0.02235,0.70695,"Netlogo_H_4","Net_H"
"194",193,0.25375,0.016,0.0236,0.70665,"Netlogo_H_4","Net_H"
"195",194,0.25255,0.01635,0.02505,0.70605,"Netlogo_H_4","Net_H"
"196",195,0.2489,0.0185,0.02575,0.70685,"Netlogo_H_4","Net_H"
"197",196,0.2472,0.0183,0.0272,0.7073,"Netlogo_H_4","Net_H"
"198",197,0.2445,0.01945,0.02745,0.7086,"Netlogo_H_4","Net_H"
"199",198,0.2421,0.02015,0.02745,0.7103,"Netlogo_H_4","Net_H"
"200",199,0.239,0.0224,0.0272,0.7114,"Netlogo_H_4","Net_H"
"201",200,0.23725,0.0222,0.02855,0.712,"Netlogo_H_4","Net_H"
"202",201,0.2355,0.0215,0.03055,0.71245,"Netlogo_H_4","Net_H"
"203",202,0.23275,0.0216,0.03135,0.7143,"Netlogo_H_4","Net_H"
"204",203,0.22945,0.02295,0.032,0.7156,"Netlogo_H_4","Net_H"
"205",204,0.22755,0.02295,0.03275,0.71675,"Netlogo_H_4","Net_H"
"206",205,0.22415,0.02435,0.0339,0.7176,"Netlogo_H_4","Net_H"
"207",206,0.22135,0.02445,0.03495,0.71925,"Netlogo_H_4","Net_H"
"208",207,0.22015,0.02275,0.03645,0.72065,"Netlogo_H_4","Net_H"
"209",208,0.21665,0.02325,0.03785,0.72225,"Netlogo_H_4","Net_H"
"210",209,0.21415,0.02515,0.03695,0.72375,"Netlogo_H_4","Net_H"
"211",210,0.21085,0.0251,0.03905,0.725,"Netlogo_H_4","Net_H"
"212",211,0.208,0.0253,0.04015,0.72655,"Netlogo_H_4","Net_H"
"213",212,0.2051,0.02505,0.04115,0.7287,"Netlogo_H_4","Net_H"
"214",213,0.2019,0.0254,0.04245,0.73025,"Netlogo_H_4","Net_H"
"215",214,0.1992,0.02545,0.04235,0.733,"Netlogo_H_4","Net_H"
"216",215,0.19585,0.0253,0.0429,0.73595,"Netlogo_H_4","Net_H"
"217",216,0.19245,0.02645,0.04315,0.73795,"Netlogo_H_4","Net_H"
"218",217,0.1897,0.027,0.04285,0.74045,"Netlogo_H_4","Net_H"
"219",218,0.18745,0.0267,0.04345,0.7424,"Netlogo_H_4","Net_H"
"220",219,0.18505,0.02545,0.0462,0.7433,"Netlogo_H_4","Net_H"
"221",220,0.18285,0.026,0.0463,0.74485,"Netlogo_H_4","Net_H"
"222",221,0.17985,0.0262,0.0472,0.74675,"Netlogo_H_4","Net_H"
"223",222,0.17695,0.0262,0.04715,0.7497,"Netlogo_H_4","Net_H"
"224",223,0.17425,0.0253,0.04805,0.7524,"Netlogo_H_4","Net_H"
"225",224,0.1723,0.02485,0.0476,0.75525,"Netlogo_H_4","Net_H"
"226",225,0.1698,0.02425,0.04625,0.7597,"Netlogo_H_4","Net_H"
"227",226,0.1673,0.02475,0.0462,0.76175,"Netlogo_H_4","Net_H"
"228",227,0.1651,0.02545,0.045,0.76445,"Netlogo_H_4","Net_H"
"229",228,0.16305,0.0255,0.0446,0.76685,"Netlogo_H_4","Net_H"
"230",229,0.1605,0.02585,0.0455,0.76815,"Netlogo_H_4","Net_H"
"231",230,0.15875,0.02545,0.04575,0.77005,"Netlogo_H_4","Net_H"
"232",231,0.1568,0.0242,0.0474,0.7716,"Netlogo_H_4","Net_H"
"233",232,0.1552,0.024,0.04755,0.77325,"Netlogo_H_4","Net_H"
"234",233,0.1534,0.02485,0.04615,0.7756,"Netlogo_H_4","Net_H"
"235",234,0.1526,0.0241,0.0455,0.7778,"Netlogo_H_4","Net_H"
"236",235,0.1514,0.02285,0.04655,0.7792,"Netlogo_H_4","Net_H"
"237",236,0.15055,0.0218,0.04655,0.7811,"Netlogo_H_4","Net_H"
"238",237,0.14945,0.0225,0.04515,0.7829,"Netlogo_H_4","Net_H"
"239",238,0.1494,0.0216,0.04415,0.78485,"Netlogo_H_4","Net_H"
"240",239,0.14855,0.02195,0.04395,0.78555,"Netlogo_H_4","Net_H"
"241",240,0.14825,0.02135,0.0434,0.787,"Netlogo_H_4","Net_H"
"242",241,0.1484,0.02025,0.0445,0.78685,"Netlogo_H_4","Net_H"
"243",242,0.14795,0.02005,0.045,0.787,"Netlogo_H_4","Net_H"
"244",243,0.1485,0.01925,0.04375,0.7885,"Netlogo_H_4","Net_H"
"245",244,0.1482,0.0185,0.0447,0.7886,"Netlogo_H_4","Net_H"
"246",245,0.1471,0.01905,0.0435,0.79035,"Netlogo_H_4","Net_H"
"247",246,0.14785,0.0187,0.0424,0.79105,"Netlogo_H_4","Net_H"
"248",247,0.14765,0.0191,0.0416,0.79165,"Netlogo_H_4","Net_H"
"249",248,0.1485,0.01835,0.04115,0.792,"Netlogo_H_4","Net_H"
"250",249,0.14815,0.0189,0.04035,0.7926,"Netlogo_H_4","Net_H"
"251",250,0.14765,0.01995,0.03925,0.79315,"Netlogo_H_4","Net_H"
"252",251,0.14945,0.0193,0.0383,0.79295,"Netlogo_H_4","Net_H"
"253",252,0.15015,0.01825,0.03815,0.79345,"Netlogo_H_4","Net_H"
"254",253,0.15,0.01845,0.0368,0.79475,"Netlogo_H_4","Net_H"
"255",254,0.14995,0.01805,0.037,0.795,"Netlogo_H_4","Net_H"
"256",255,0.15035,0.01775,0.03635,0.79555,"Netlogo_H_4","Net_H"
"257",256,0.1505,0.01675,0.03635,0.7964,"Netlogo_H_4","Net_H"
"258",257,0.15125,0.01695,0.03495,0.79685,"Netlogo_H_4","Net_H"
"259",258,0.15185,0.01725,0.03405,0.79685,"Netlogo_H_4","Net_H"
"260",259,0.1525,0.0156,0.03465,0.79725,"Netlogo_H_4","Net_H"
"261",260,0.15345,0.01545,0.0337,0.7974,"Netlogo_H_4","Net_H"
"262",261,0.15365,0.016,0.0333,0.79705,"Netlogo_H_4","Net_H"
"263",262,0.15455,0.0166,0.03125,0.7976,"Netlogo_H_4","Net_H"
"264",263,0.15515,0.01705,0.03075,0.79705,"Netlogo_H_4","Net_H"
"265",264,0.1559,0.01735,0.03025,0.7965,"Netlogo_H_4","Net_H"
"266",265,0.1566,0.01715,0.03005,0.7962,"Netlogo_H_4","Net_H"
"267",266,0.1576,0.01625,0.03105,0.7951,"Netlogo_H_4","Net_H"
"268",267,0.15865,0.01615,0.03055,0.79465,"Netlogo_H_4","Net_H"
"269",268,0.16065,0.0151,0.03075,0.7935,"Netlogo_H_4","Net_H"
"270",269,0.16215,0.01455,0.03035,0.79295,"Netlogo_H_4","Net_H"
"271",270,0.16115,0.01435,0.03015,0.79435,"Netlogo_H_4","Net_H"
"272",271,0.16235,0.01475,0.02985,0.79305,"Netlogo_H_4","Net_H"
"273",272,0.1639,0.0152,0.0292,0.7917,"Netlogo_H_4","Net_H"
"274",273,0.1647,0.0157,0.0288,0.7908,"Netlogo_H_4","Net_H"
"275",274,0.16615,0.0141,0.029,0.79075,"Netlogo_H_4","Net_H"
"276",275,0.16745,0.01355,0.02945,0.78955,"Netlogo_H_4","Net_H"
"277",276,0.168,0.0137,0.02945,0.78885,"Netlogo_H_4","Net_H"
"278",277,0.1689,0.01415,0.02945,0.7875,"Netlogo_H_4","Net_H"
"279",278,0.1689,0.0153,0.0286,0.7872,"Netlogo_H_4","Net_H"
"280",279,0.16855,0.01625,0.02775,0.78745,"Netlogo_H_4","Net_H"
"281",280,0.1687,0.01575,0.0287,0.78685,"Netlogo_H_4","Net_H"
"282",281,0.17125,0.0151,0.02795,0.7857,"Netlogo_H_4","Net_H"
"283",282,0.17215,0.01495,0.0288,0.7841,"Netlogo_H_4","Net_H"
"284",283,0.1729,0.0154,0.02835,0.78335,"Netlogo_H_4","Net_H"
"285",284,0.17385,0.0157,0.0281,0.78235,"Netlogo_H_4","Net_H"
"286",285,0.1743,0.0166,0.0275,0.7816,"Netlogo_H_4","Net_H"
"287",286,0.1752,0.01685,0.0275,0.78045,"Netlogo_H_4","Net_H"
"288",287,0.1776,0.0155,0.02795,0.77895,"Netlogo_H_4","Net_H"
"289",288,0.17895,0.0156,0.02795,0.7775,"Netlogo_H_4","Net_H"
"290",289,0.17985,0.0157,0.0278,0.77665,"Netlogo_H_4","Net_H"
"291",290,0.18065,0.0159,0.0279,0.77555,"Netlogo_H_4","Net_H"
"292",291,0.18175,0.01585,0.0279,0.7745,"Netlogo_H_4","Net_H"
"293",292,0.182,0.0154,0.02825,0.77435,"Netlogo_H_4","Net_H"
"294",293,0.18375,0.0159,0.02755,0.7728,"Netlogo_H_4","Net_H"
"295",294,0.18355,0.0167,0.0266,0.77315,"Netlogo_H_4","Net_H"
"296",295,0.184,0.01625,0.02655,0.7732,"Netlogo_H_4","Net_H"
"297",296,0.1849,0.0159,0.0268,0.7724,"Netlogo_H_4","Net_H"
"298",297,0.18635,0.0157,0.0263,0.77165,"Netlogo_H_4","Net_H"
"299",298,0.1869,0.0159,0.0267,0.7705,"Netlogo_H_4","Net_H"
"300",299,0.18815,0.0154,0.0271,0.76935,"Netlogo_H_4","Net_H"
"301",300,0.1902,0.01495,0.0273,0.76755,"Netlogo_H_4","Net_H"
"302",301,0.1912,0.0145,0.028,0.7663,"Netlogo_H_4","Net_H"
"303",302,0.19235,0.01495,0.0277,0.765,"Netlogo_H_4","Net_H"
"304",303,0.1928,0.0161,0.0275,0.7636,"Netlogo_H_4","Net_H"
"305",304,0.19255,0.0176,0.02655,0.7633,"Netlogo_H_4","Net_H"
"306",305,0.1926,0.0181,0.0267,0.7626,"Netlogo_H_4","Net_H"
"307",306,0.1938,0.0168,0.02795,0.76145,"Netlogo_H_4","Net_H"
"308",307,0.1946,0.01545,0.02975,0.7602,"Netlogo_H_4","Net_H"
"309",308,0.19515,0.0156,0.0293,0.75995,"Netlogo_H_4","Net_H"
"310",309,0.19585,0.0156,0.03,0.75855,"Netlogo_H_4","Net_H"
"311",310,0.19635,0.0161,0.02985,0.7577,"Netlogo_H_4","Net_H"
"312",311,0.19705,0.01585,0.0296,0.7575,"Netlogo_H_4","Net_H"
"313",312,0.19705,0.01705,0.02855,0.75735,"Netlogo_H_4","Net_H"
"314",313,0.1977,0.0173,0.0301,0.7549,"Netlogo_H_4","Net_H"
"315",314,0.19795,0.01775,0.03045,0.75385,"Netlogo_H_4","Net_H"
"316",315,0.19805,0.01855,0.03035,0.75305,"Netlogo_H_4","Net_H"
"317",316,0.19945,0.0178,0.03045,0.7523,"Netlogo_H_4","Net_H"
"318",317,0.1994,0.01775,0.03055,0.7523,"Netlogo_H_4","Net_H"
"319",318,0.19965,0.01745,0.03115,0.75175,"Netlogo_H_4","Net_H"
"320",319,0.1996,0.0185,0.03065,0.75125,"Netlogo_H_4","Net_H"
"321",320,0.19945,0.01895,0.0307,0.7509,"Netlogo_H_4","Net_H"
"322",321,0.19855,0.01895,0.0315,0.751,"Netlogo_H_4","Net_H"
"323",322,0.19865,0.01985,0.03085,0.75065,"Netlogo_H_4","Net_H"
"324",323,0.19905,0.01975,0.03205,0.74915,"Netlogo_H_4","Net_H"
"325",324,0.1986,0.02035,0.0316,0.74945,"Netlogo_H_4","Net_H"
"326",325,0.19875,0.0193,0.0327,0.74925,"Netlogo_H_4","Net_H"
"327",326,0.19905,0.019,0.0333,0.74865,"Netlogo_H_4","Net_H"
"328",327,0.19915,0.01875,0.034,0.7481,"Netlogo_H_4","Net_H"
"329",328,0.1991,0.02035,0.0334,0.74715,"Netlogo_H_4","Net_H"
"330",329,0.1981,0.02045,0.03425,0.7472,"Netlogo_H_4","Net_H"
"331",330,0.1978,0.0205,0.035,0.7467,"Netlogo_H_4","Net_H"
"332",331,0.1972,0.02075,0.0353,0.74675,"Netlogo_H_4","Net_H"
"333",332,0.196,0.0213,0.036,0.7467,"Netlogo_H_4","Net_H"
"334",333,0.1949,0.02185,0.03665,0.7466,"Netlogo_H_4","Net_H"
"335",334,0.19515,0.021,0.0375,0.74635,"Netlogo_H_4","Net_H"
"336",335,0.1948,0.0213,0.0372,0.7467,"Netlogo_H_4","Net_H"
"337",336,0.195,0.02175,0.03695,0.7463,"Netlogo_H_4","Net_H"
"338",337,0.1942,0.02275,0.03695,0.7461,"Netlogo_H_4","Net_H"
"339",338,0.19365,0.02225,0.03785,0.74625,"Netlogo_H_4","Net_H"
"340",339,0.1933,0.0215,0.0399,0.7453,"Netlogo_H_4","Net_H"
"341",340,0.19335,0.02105,0.04125,0.74435,"Netlogo_H_4","Net_H"
"342",341,0.19205,0.0226,0.04115,0.7442,"Netlogo_H_4","Net_H"
"343",342,0.1909,0.02415,0.04045,0.7445,"Netlogo_H_4","Net_H"
"344",343,0.19045,0.02395,0.04005,0.74555,"Netlogo_H_4","Net_H"
"345",344,0.18945,0.02355,0.04065,0.74635,"Netlogo_H_4","Net_H"
"346",345,0.1887,0.02275,0.04165,0.7469,"Netlogo_H_4","Net_H"
"347",346,0.1878,0.0235,0.04305,0.74565,"Netlogo_H_4","Net_H"
"348",347,0.18675,0.02375,0.0435,0.746,"Netlogo_H_4","Net_H"
"349",348,0.18585,0.02495,0.04335,0.74585,"Netlogo_H_4","Net_H"
"350",349,0.1845,0.0251,0.04405,0.74635,"Netlogo_H_4","Net_H"
"351",350,0.1846,0.025,0.04405,0.74635,"Netlogo_H_4","Net_H"
"352",351,0.1858,0.0237,0.0453,0.7452,"Netlogo_H_4","Net_H"
"353",352,0.1851,0.02405,0.04625,0.7446,"Netlogo_H_4","Net_H"
"354",353,0.18475,0.02465,0.0454,0.7452,"Netlogo_H_4","Net_H"
"355",354,0.18395,0.024,0.0451,0.74695,"Netlogo_H_4","Net_H"
"356",355,0.18395,0.02345,0.04535,0.74725,"Netlogo_H_4","Net_H"
"357",356,0.1832,0.0239,0.0437,0.7492,"Netlogo_H_4","Net_H"
"358",357,0.18185,0.02365,0.043,0.7515,"Netlogo_H_4","Net_H"
"359",358,0.18165,0.02315,0.0435,0.7517,"Netlogo_H_4","Net_H"
"360",359,0.1804,0.02315,0.0434,0.75305,"Netlogo_H_4","Net_H"
"361",360,0.1797,0.02365,0.043,0.75365,"Netlogo_H_4","Net_H"
"362",361,0.17875,0.02405,0.04295,0.75425,"Netlogo_H_4","Net_H"
"363",362,0.1779,0.0243,0.0424,0.7554,"Netlogo_H_4","Net_H"
"364",363,0.17835,0.0235,0.04225,0.7559,"Netlogo_H_4","Net_H"
"365",364,0.1778,0.023,0.04225,0.75695,"Netlogo_H_4","Net_H"
"366",365,0.1778,0.0233,0.0419,0.757,"Netlogo_H_4","Net_H"
"367",366,0.1777,0.02305,0.04175,0.7575,"Netlogo_H_4","Net_H"
"368",367,0.17765,0.02325,0.04065,0.75845,"Netlogo_H_4","Net_H"
"369",368,0.1769,0.02315,0.0416,0.75835,"Netlogo_H_4","Net_H"
"370",369,0.1761,0.0233,0.04245,0.75815,"Netlogo_H_4","Net_H"
"371",370,0.1765,0.0236,0.042,0.7579,"Netlogo_H_4","Net_H"
"372",371,0.17595,0.0234,0.043,0.75765,"Netlogo_H_4","Net_H"
"373",372,0.17595,0.023,0.04345,0.7576,"Netlogo_H_4","Net_H"
"374",373,0.17535,0.02315,0.0439,0.7576,"Netlogo_H_4","Net_H"
"375",374,0.17435,0.02355,0.04335,0.75875,"Netlogo_H_4","Net_H"
"376",375,0.174,0.0235,0.04385,0.75865,"Netlogo_H_4","Net_H"
"377",376,0.173,0.0237,0.0445,0.7588,"Netlogo_H_4","Net_H"
"378",377,0.17295,0.0234,0.0448,0.75885,"Netlogo_H_4","Net_H"
"379",378,0.17245,0.0239,0.0441,0.75955,"Netlogo_H_4","Net_H"
"380",379,0.1724,0.0229,0.04555,0.75915,"Netlogo_H_4","Net_H"
"381",380,0.1717,0.0222,0.0449,0.7612,"Netlogo_H_4","Net_H"
"382",381,0.17135,0.02265,0.044,0.762,"Netlogo_H_4","Net_H"
"383",382,0.1707,0.0218,0.04385,0.76365,"Netlogo_H_4","Net_H"
"384",383,0.1708,0.02195,0.04355,0.7637,"Netlogo_H_4","Net_H"
"385",384,0.17055,0.0219,0.0435,0.76405,"Netlogo_H_4","Net_H"
"386",385,0.1709,0.02225,0.04265,0.7642,"Netlogo_H_4","Net_H"
"387",386,0.1704,0.0232,0.0425,0.7639,"Netlogo_H_4","Net_H"
"388",387,0.1705,0.0235,0.0408,0.7652,"Netlogo_H_4","Net_H"
"389",388,0.1694,0.0242,0.0408,0.7656,"Netlogo_H_4","Net_H"
"390",389,0.16975,0.0226,0.04255,0.7651,"Netlogo_H_4","Net_H"
"391",390,0.17005,0.02245,0.04265,0.76485,"Netlogo_H_4","Net_H"
"392",391,0.17055,0.02255,0.04215,0.76475,"Netlogo_H_4","Net_H"
"393",392,0.16945,0.0216,0.0416,0.76735,"Netlogo_H_4","Net_H"
"394",393,0.16955,0.0212,0.04185,0.7674,"Netlogo_H_4","Net_H"
"395",394,0.1699,0.02115,0.0415,0.76745,"Netlogo_H_4","Net_H"
"396",395,0.1694,0.0213,0.04245,0.76685,"Netlogo_H_4","Net_H"
"397",396,0.16975,0.0219,0.04225,0.7661,"Netlogo_H_4","Net_H"
"398",397,0.16845,0.0234,0.0411,0.76705,"Netlogo_H_4","Net_H"
"399",398,0.16865,0.024,0.0403,0.76705,"Netlogo_H_4","Net_H"
"400",399,0.1696,0.02315,0.0404,0.76685,"Netlogo_H_4","Net_H"
"401",400,0.1702,0.02255,0.041,0.76625,"Netlogo_H_4","Net_H"
"402",401,0.1722,0.01985,0.04145,0.7665,"Netlogo_H_4","Net_H"
"403",402,0.17185,0.0198,0.04195,0.7664,"Netlogo_H_4","Net_H"
"404",403,0.17165,0.01975,0.0412,0.7674,"Netlogo_H_4","Net_H"
"405",404,0.17175,0.0213,0.0392,0.76775,"Netlogo_H_4","Net_H"
"406",405,0.17255,0.0212,0.0389,0.76735,"Netlogo_H_4","Net_H"
"407",406,0.1734,0.0213,0.03825,0.76705,"Netlogo_H_4","Net_H"
"408",407,0.17405,0.02075,0.03845,0.76675,"Netlogo_H_4","Net_H"
"409",408,0.1742,0.02095,0.0379,0.76695,"Netlogo_H_4","Net_H"
"410",409,0.17515,0.0202,0.0376,0.76705,"Netlogo_H_4","Net_H"
"411",410,0.1752,0.0207,0.03725,0.76685,"Netlogo_H_4","Net_H"
"412",411,0.1751,0.02,0.0378,0.7671,"Netlogo_H_4","Net_H"
"413",412,0.17685,0.01965,0.03745,0.76605,"Netlogo_H_4","Net_H"
"414",413,0.1771,0.01975,0.03705,0.7661,"Netlogo_H_4","Net_H"
"415",414,0.177,0.01995,0.0366,0.76645,"Netlogo_H_4","Net_H"
"416",415,0.17805,0.01995,0.0373,0.7647,"Netlogo_H_4","Net_H"
"417",416,0.1778,0.02185,0.03675,0.7636,"Netlogo_H_4","Net_H"
"418",417,0.1787,0.0211,0.0373,0.7629,"Netlogo_H_4","Net_H"
"419",418,0.1797,0.01925,0.0388,0.76225,"Netlogo_H_4","Net_H"
"420",419,0.17995,0.0194,0.03865,0.762,"Netlogo_H_4","Net_H"
"421",420,0.1792,0.0195,0.0393,0.762,"Netlogo_H_4","Net_H"
"422",421,0.17995,0.01925,0.0388,0.762,"Netlogo_H_4","Net_H"
"423",422,0.1803,0.0202,0.0372,0.7623,"Netlogo_H_4","Net_H"
"424",423,0.1808,0.0197,0.03755,0.76195,"Netlogo_H_4","Net_H"
"425",424,0.181,0.02,0.03695,0.76205,"Netlogo_H_4","Net_H"
"426",425,0.18065,0.02055,0.0373,0.7615,"Netlogo_H_4","Net_H"
"427",426,0.1818,0.02075,0.0373,0.76015,"Netlogo_H_4","Net_H"
"428",427,0.18245,0.02085,0.03695,0.75975,"Netlogo_H_4","Net_H"
"429",428,0.183,0.02085,0.0367,0.75945,"Netlogo_H_4","Net_H"
"430",429,0.1834,0.0206,0.03655,0.75945,"Netlogo_H_4","Net_H"
"431",430,0.18445,0.01975,0.03625,0.75955,"Netlogo_H_4","Net_H"
"432",431,0.18415,0.0198,0.0357,0.76035,"Netlogo_H_4","Net_H"
"433",432,0.18425,0.0199,0.0359,0.75995,"Netlogo_H_4","Net_H"
"434",433,0.18435,0.0201,0.03455,0.761,"Netlogo_H_4","Net_H"
"435",434,0.18375,0.02025,0.0355,0.7605,"Netlogo_H_4","Net_H"
"436",435,0.18415,0.02025,0.036,0.7596,"Netlogo_H_4","Net_H"
"437",436,0.1854,0.02055,0.0359,0.75815,"Netlogo_H_4","Net_H"
"438",437,0.18725,0.0194,0.0368,0.75655,"Netlogo_H_4","Net_H"
"439",438,0.18675,0.02105,0.0366,0.7556,"Netlogo_H_4","Net_H"
"440",439,0.187,0.0217,0.03675,0.75455,"Netlogo_H_4","Net_H"
"441",440,0.18835,0.02075,0.03775,0.75315,"Netlogo_H_4","Net_H"
"442",441,0.1873,0.02275,0.03705,0.7529,"Netlogo_H_4","Net_H"
"443",442,0.18715,0.02335,0.03595,0.75355,"Netlogo_H_4","Net_H"
"444",443,0.18785,0.02175,0.03735,0.75305,"Netlogo_H_4","Net_H"
"445",444,0.1878,0.0218,0.0378,0.7526,"Netlogo_H_4","Net_H"
"446",445,0.18735,0.02215,0.03855,0.75195,"Netlogo_H_4","Net_H"
"447",446,0.1863,0.023,0.03855,0.75215,"Netlogo_H_4","Net_H"
"448",447,0.18575,0.0226,0.0395,0.75215,"Netlogo_H_4","Net_H"
"449",448,0.1855,0.023,0.04035,0.75115,"Netlogo_H_4","Net_H"
"450",449,0.1835,0.0252,0.0389,0.7524,"Netlogo_H_4","Net_H"
"451",450,0.18315,0.02505,0.039,0.7528,"Netlogo_H_4","Net_H"
"452",451,0.1827,0.02415,0.0404,0.75275,"Netlogo_H_4","Net_H"
"453",452,0.1827,0.0234,0.0407,0.7532,"Netlogo_H_4","Net_H"
"454",453,0.18325,0.0224,0.04205,0.7523,"Netlogo_H_4","Net_H"
"455",454,0.1824,0.023,0.04265,0.75195,"Netlogo_H_4","Net_H"
"456",455,0.1808,0.02435,0.0422,0.75265,"Netlogo_H_4","Net_H"
"457",456,0.1796,0.0239,0.0426,0.7539,"Netlogo_H_4","Net_H"
"458",457,0.17985,0.0237,0.04255,0.7539,"Netlogo_H_4","Net_H"
"459",458,0.18025,0.0227,0.0431,0.75395,"Netlogo_H_4","Net_H"
"460",459,0.1803,0.02225,0.0435,0.75395,"Netlogo_H_4","Net_H"
"461",460,0.1796,0.02285,0.0446,0.75295,"Netlogo_H_4","Net_H"
"462",461,0.17985,0.0233,0.0448,0.75205,"Netlogo_H_4","Net_H"
"463",462,0.17825,0.02425,0.0439,0.7536,"Netlogo_H_4","Net_H"
"464",463,0.1763,0.0247,0.04355,0.75545,"Netlogo_H_4","Net_H"
"465",464,0.1763,0.02435,0.0437,0.75565,"Netlogo_H_4","Net_H"
"466",465,0.17525,0.0251,0.0436,0.75605,"Netlogo_H_4","Net_H"
"467",466,0.17435,0.0247,0.0441,0.75685,"Netlogo_H_4","Net_H"
"468",467,0.174,0.02395,0.0446,0.75745,"Netlogo_H_4","Net_H"
"469",468,0.1726,0.02355,0.0457,0.75815,"Netlogo_H_4","Net_H"
"470",469,0.17345,0.02285,0.04585,0.75785,"Netlogo_H_4","Net_H"
"471",470,0.17355,0.02275,0.04475,0.75895,"Netlogo_H_4","Net_H"
"472",471,0.17225,0.02395,0.0436,0.7602,"Netlogo_H_4","Net_H"
"473",472,0.17145,0.0239,0.04395,0.7607,"Netlogo_H_4","Net_H"
"474",473,0.17195,0.02385,0.04355,0.76065,"Netlogo_H_4","Net_H"
"475",474,0.1714,0.02415,0.04205,0.7624,"Netlogo_H_4","Net_H"
"476",475,0.1709,0.02335,0.0423,0.76345,"Netlogo_H_4","Net_H"
"477",476,0.1704,0.0241,0.04235,0.76315,"Netlogo_H_4","Net_H"
"478",477,0.1709,0.0232,0.04295,0.76295,"Netlogo_H_4","Net_H"
"479",478,0.17195,0.02235,0.0438,0.7619,"Netlogo_H_4","Net_H"
"480",479,0.17145,0.0227,0.0428,0.76305,"Netlogo_H_4","Net_H"
"481",480,0.17265,0.0226,0.0408,0.76395,"Netlogo_H_4","Net_H"
"482",481,0.1721,0.02245,0.0407,0.76475,"Netlogo_H_4","Net_H"
"483",482,0.1722,0.02235,0.04055,0.7649,"Netlogo_H_4","Net_H"
"484",483,0.17275,0.0221,0.041,0.76415,"Netlogo_H_4","Net_H"
"485",484,0.17175,0.0219,0.0407,0.76565,"Netlogo_H_4","Net_H"
"486",485,0.1715,0.02165,0.04065,0.7662,"Netlogo_H_4","Net_H"
"487",486,0.17075,0.0224,0.04045,0.7664,"Netlogo_H_4","Net_H"
"488",487,0.1704,0.0229,0.0401,0.7666,"Netlogo_H_4","Net_H"
"489",488,0.17085,0.02265,0.041,0.7655,"Netlogo_H_4","Net_H"
"490",489,0.17085,0.02205,0.0421,0.765,"Netlogo_H_4","Net_H"
"491",490,0.1704,0.02195,0.0417,0.76595,"Netlogo_H_4","Net_H"
"492",491,0.16985,0.0221,0.0419,0.76615,"Netlogo_H_4","Net_H"
"493",492,0.17085,0.02085,0.04125,0.76705,"Netlogo_H_4","Net_H"
"494",493,0.1695,0.0217,0.04045,0.76835,"Netlogo_H_4","Net_H"
"495",494,0.16925,0.02255,0.0399,0.7683,"Netlogo_H_4","Net_H"
"496",495,0.17005,0.02175,0.03945,0.76875,"Netlogo_H_4","Net_H"
"497",496,0.17075,0.0218,0.03905,0.7684,"Netlogo_H_4","Net_H"
"498",497,0.1713,0.02085,0.0387,0.76915,"Netlogo_H_4","Net_H"
"499",498,0.1712,0.02075,0.03865,0.7694,"Netlogo_H_4","Net_H"
"500",499,0.17165,0.0202,0.03865,0.7695,"Netlogo_H_4","Net_H"
"501",500,0.17145,0.02065,0.03865,0.76925,"Netlogo_H_4","Net_H"
"502",501,0.1727,0.02105,0.03775,0.7685,"Netlogo_H_4","Net_H"
"503",502,0.1727,0.02105,0.0376,0.76865,"Netlogo_H_4","Net_H"
"504",503,0.1729,0.02075,0.0371,0.76925,"Netlogo_H_4","Net_H"
"505",504,0.1737,0.02105,0.037,0.76825,"Netlogo_H_4","Net_H"
"506",505,0.174,0.02105,0.03695,0.768,"Netlogo_H_4","Net_H"
"507",506,0.1742,0.0205,0.0371,0.7682,"Netlogo_H_4","Net_H"
"508",507,0.1737,0.02105,0.0373,0.76795,"Netlogo_H_4","Net_H"
"509",508,0.17505,0.01995,0.03795,0.76705,"Netlogo_H_4","Net_H"
"510",509,0.17585,0.0197,0.0382,0.76625,"Netlogo_H_4","Net_H"
"511",510,0.1761,0.01995,0.03815,0.7658,"Netlogo_H_4","Net_H"
"512",511,0.17535,0.0209,0.0374,0.76635,"Netlogo_H_4","Net_H"
"513",512,0.17575,0.0197,0.0379,0.76665,"Netlogo_H_4","Net_H"
"514",513,0.1754,0.02095,0.03855,0.7651,"Netlogo_H_4","Net_H"
"515",514,0.1753,0.0221,0.03825,0.76435,"Netlogo_H_4","Net_H"
"516",515,0.17505,0.0221,0.039,0.76385,"Netlogo_H_4","Net_H"
"517",516,0.17515,0.02175,0.03975,0.76335,"Netlogo_H_4","Net_H"
"518",517,0.174,0.02245,0.03955,0.764,"Netlogo_H_4","Net_H"
"519",518,0.1742,0.02305,0.03785,0.7649,"Netlogo_H_4","Net_H"
"520",519,0.1745,0.0224,0.0382,0.7649,"Netlogo_H_4","Net_H"
"521",520,0.17495,0.02175,0.03825,0.76505,"Netlogo_H_4","Net_H"
"522",521,0.17585,0.0217,0.0376,0.76485,"Netlogo_H_4","Net_H"
"523",522,0.1755,0.0214,0.03855,0.76455,"Netlogo_H_4","Net_H"
"524",523,0.17595,0.0216,0.03865,0.7638,"Netlogo_H_4","Net_H"
"525",524,0.17705,0.0218,0.03765,0.7635,"Netlogo_H_4","Net_H"
"526",525,0.1785,0.01995,0.03875,0.7628,"Netlogo_H_4","Net_H"
"527",526,0.17835,0.02095,0.0387,0.762,"Netlogo_H_4","Net_H"
"528",527,0.17855,0.0208,0.0383,0.76235,"Netlogo_H_4","Net_H"
"529",528,0.1793,0.02085,0.0382,0.76165,"Netlogo_H_4","Net_H"
"530",529,0.1802,0.02065,0.03765,0.7615,"Netlogo_H_4","Net_H"
"531",530,0.1801,0.0201,0.0385,0.7613,"Netlogo_H_4","Net_H"
"532",531,0.18,0.0204,0.0388,0.7608,"Netlogo_H_4","Net_H"
"533",532,0.18015,0.0209,0.03725,0.7617,"Netlogo_H_4","Net_H"
"534",533,0.18115,0.02025,0.03735,0.76125,"Netlogo_H_4","Net_H"
"535",534,0.18115,0.02,0.0373,0.76155,"Netlogo_H_4","Net_H"
"536",535,0.1818,0.0195,0.0375,0.7612,"Netlogo_H_4","Net_H"
"537",536,0.1825,0.0203,0.03725,0.75995,"Netlogo_H_4","Net_H"
"538",537,0.1837,0.0204,0.0374,0.7585,"Netlogo_H_4","Net_H"
"539",538,0.18305,0.0212,0.03705,0.7587,"Netlogo_H_4","Net_H"
"540",539,0.1839,0.0207,0.0369,0.7585,"Netlogo_H_4","Net_H"
"541",540,0.18375,0.0205,0.03685,0.7589,"Netlogo_H_4","Net_H"
"542",541,0.1837,0.02125,0.0365,0.75855,"Netlogo_H_4","Net_H"
"543",542,0.1835,0.0215,0.0363,0.7587,"Netlogo_H_4","Net_H"
"544",543,0.18445,0.02125,0.03645,0.75785,"Netlogo_H_4","Net_H"
"545",544,0.1839,0.02165,0.0366,0.75785,"Netlogo_H_4","Net_H"
"546",545,0.1844,0.02105,0.0371,0.75745,"Netlogo_H_4","Net_H"
"547",546,0.1856,0.01935,0.03875,0.7563,"Netlogo_H_4","Net_H"
"548",547,0.1849,0.02,0.03855,0.75655,"Netlogo_H_4","Net_H"
"549",548,0.18385,0.02105,0.03825,0.75685,"Netlogo_H_4","Net_H"
"550",549,0.18365,0.021,0.0388,0.75655,"Netlogo_H_4","Net_H"
"551",550,0.1841,0.02115,0.03735,0.7574,"Netlogo_H_4","Net_H"
"552",551,0.1839,0.02155,0.0368,0.75775,"Netlogo_H_4","Net_H"
"553",552,0.1839,0.02185,0.0367,0.75755,"Netlogo_H_4","Net_H"
"554",553,0.18475,0.0211,0.03725,0.7569,"Netlogo_H_4","Net_H"
"555",554,0.18575,0.02095,0.03755,0.75575,"Netlogo_H_4","Net_H"
"556",555,0.1855,0.02095,0.03795,0.7556,"Netlogo_H_4","Net_H"
"557",556,0.1857,0.02095,0.03825,0.7551,"Netlogo_H_4","Net_H"
"558",557,0.18555,0.02065,0.0386,0.7552,"Netlogo_H_4","Net_H"
"559",558,0.186,0.02145,0.0387,0.75385,"Netlogo_H_4","Net_H"
"560",559,0.1855,0.0221,0.0376,0.7548,"Netlogo_H_4","Net_H"
"561",560,0.18515,0.0222,0.03675,0.7559,"Netlogo_H_4","Net_H"
"562",561,0.18545,0.0221,0.0375,0.75495,"Netlogo_H_4","Net_H"
"563",562,0.18485,0.02255,0.037,0.7556,"Netlogo_H_4","Net_H"
"564",563,0.18535,0.02205,0.0376,0.755,"Netlogo_H_4","Net_H"
"565",564,0.18605,0.0222,0.0379,0.75385,"Netlogo_H_4","Net_H"
"566",565,0.1851,0.0228,0.0388,0.7533,"Netlogo_H_4","Net_H"
"567",566,0.18375,0.0236,0.0391,0.75355,"Netlogo_H_4","Net_H"
"568",567,0.1827,0.02375,0.04035,0.7532,"Netlogo_H_4","Net_H"
"569",568,0.18285,0.02365,0.041,0.7525,"Netlogo_H_4","Net_H"
"570",569,0.1835,0.0225,0.04125,0.75275,"Netlogo_H_4","Net_H"
"571",570,0.18255,0.0234,0.04145,0.7526,"Netlogo_H_4","Net_H"
"572",571,0.18345,0.0224,0.04245,0.7517,"Netlogo_H_4","Net_H"
"573",572,0.18165,0.02255,0.0436,0.7522,"Netlogo_H_4","Net_H"
"574",573,0.1818,0.0229,0.0423,0.753,"Netlogo_H_4","Net_H"
"575",574,0.1823,0.02275,0.04265,0.7523,"Netlogo_H_4","Net_H"
"576",575,0.1807,0.02445,0.0425,0.75235,"Netlogo_H_4","Net_H"
"577",576,0.1809,0.02455,0.04225,0.7523,"Netlogo_H_4","Net_H"
"578",577,0.18125,0.0235,0.0429,0.75235,"Netlogo_H_4","Net_H"
"579",578,0.18035,0.02355,0.0427,0.7534,"Netlogo_H_4","Net_H"
"580",579,0.1805,0.02325,0.04285,0.7534,"Netlogo_H_4","Net_H"
"581",580,0.179,0.0238,0.0437,0.7535,"Netlogo_H_4","Net_H"
"582",581,0.1793,0.02365,0.0427,0.75435,"Netlogo_H_4","Net_H"
"583",582,0.17755,0.024,0.0425,0.75595,"Netlogo_H_4","Net_H"
"584",583,0.17725,0.02365,0.04305,0.75605,"Netlogo_H_4","Net_H"
"585",584,0.17605,0.02345,0.04305,0.75745,"Netlogo_H_4","Net_H"
"586",585,0.176,0.02285,0.0436,0.75755,"Netlogo_H_4","Net_H"
"587",586,0.1763,0.02235,0.04425,0.7571,"Netlogo_H_4","Net_H"
"588",587,0.17675,0.02285,0.04325,0.75715,"Netlogo_H_4","Net_H"
"589",588,0.17665,0.02005,0.04505,0.75825,"Netlogo_H_4","Net_H"
"590",589,0.17635,0.0212,0.04395,0.7585,"Netlogo_H_4","Net_H"
"591",590,0.1759,0.02125,0.04425,0.7586,"Netlogo_H_4","Net_H"
"592",591,0.1751,0.02175,0.04435,0.7588,"Netlogo_H_4","Net_H"
"593",592,0.17455,0.02255,0.0434,0.7595,"Netlogo_H_4","Net_H"
"594",593,0.1738,0.0233,0.04265,0.76025,"Netlogo_H_4","Net_H"
"595",594,0.17455,0.023,0.0428,0.75965,"Netlogo_H_4","Net_H"
"596",595,0.17475,0.02295,0.043,0.7593,"Netlogo_H_4","Net_H"
"597",596,0.1749,0.0238,0.0435,0.7578,"Netlogo_H_4","Net_H"
"598",597,0.17535,0.02445,0.0434,0.7568,"Netlogo_H_4","Net_H"
"599",598,0.17395,0.0256,0.04275,0.7577,"Netlogo_H_4","Net_H"
"600",599,0.1723,0.0259,0.0421,0.7597,"Netlogo_H_4","Net_H"
"601",600,0.17185,0.02465,0.04185,0.76165,"Netlogo_H_4","Net_H"
"602",601,0.1722,0.0232,0.04255,0.76205,"Netlogo_H_4","Net_H"
"603",602,0.1725,0.023,0.0431,0.7614,"Netlogo_H_4","Net_H"
"604",603,0.1723,0.0228,0.04405,0.76085,"Netlogo_H_4","Net_H"
"605",604,0.17095,0.02435,0.04335,0.76135,"Netlogo_H_4","Net_H"
"606",605,0.1699,0.0239,0.0439,0.7623,"Netlogo_H_4","Net_H"
"607",606,0.1702,0.02295,0.0445,0.76235,"Netlogo_H_4","Net_H"
"608",607,0.16975,0.02315,0.0451,0.762,"Netlogo_H_4","Net_H"
"609",608,0.17015,0.02145,0.04595,0.76245,"Netlogo_H_4","Net_H"
"610",609,0.1705,0.02275,0.0442,0.76255,"Netlogo_H_4","Net_H"
"611",610,0.17105,0.0239,0.0432,0.76185,"Netlogo_H_4","Net_H"
"612",611,0.17255,0.0227,0.04355,0.7612,"Netlogo_H_4","Net_H"
"613",612,0.1731,0.02225,0.0441,0.76055,"Netlogo_H_4","Net_H"
"614",613,0.17405,0.0215,0.04325,0.7612,"Netlogo_H_4","Net_H"
"615",614,0.1746,0.02105,0.04275,0.7616,"Netlogo_H_4","Net_H"
"616",615,0.17485,0.02195,0.0414,0.7618,"Netlogo_H_4","Net_H"
"617",616,0.1741,0.0238,0.04055,0.76155,"Netlogo_H_4","Net_H"
"618",617,0.1754,0.02355,0.0413,0.75975,"Netlogo_H_4","Net_H"
"619",618,0.17505,0.0229,0.04165,0.7604,"Netlogo_H_4","Net_H"
"620",619,0.17575,0.02285,0.0413,0.7601,"Netlogo_H_4","Net_H"
"621",620,0.176,0.02355,0.04145,0.759,"Netlogo_H_4","Net_H"
"622",621,0.1772,0.0225,0.04185,0.75845,"Netlogo_H_4","Net_H"
"623",622,0.177,0.02305,0.04195,0.758,"Netlogo_H_4","Net_H"
"624",623,0.17645,0.0234,0.04255,0.7576,"Netlogo_H_4","Net_H"
"625",624,0.1755,0.02375,0.0434,0.75735,"Netlogo_H_4","Net_H"
"626",625,0.17435,0.0243,0.0432,0.75815,"Netlogo_H_4","Net_H"
"627",626,0.1738,0.0245,0.04325,0.75845,"Netlogo_H_4","Net_H"
"628",627,0.1728,0.02475,0.043,0.75945,"Netlogo_H_4","Net_H"
"629",628,0.17335,0.02455,0.04295,0.75915,"Netlogo_H_4","Net_H"
"630",629,0.1742,0.02315,0.0429,0.75975,"Netlogo_H_4","Net_H"
"631",630,0.1733,0.02315,0.0435,0.76005,"Netlogo_H_4","Net_H"
"632",631,0.1736,0.02235,0.0431,0.76095,"Netlogo_H_4","Net_H"
"633",632,0.17405,0.0223,0.04265,0.761,"Netlogo_H_4","Net_H"
"634",633,0.17345,0.02185,0.04245,0.76225,"Netlogo_H_4","Net_H"
"635",634,0.17445,0.0218,0.0429,0.76085,"Netlogo_H_4","Net_H"
"636",635,0.17455,0.02255,0.04265,0.76025,"Netlogo_H_4","Net_H"
"637",636,0.17345,0.02225,0.0425,0.7618,"Netlogo_H_4","Net_H"
"638",637,0.17325,0.02215,0.04265,0.76195,"Netlogo_H_4","Net_H"
"639",638,0.172,0.022,0.0422,0.7638,"Netlogo_H_4","Net_H"
