"","step","S","E","I","R","simu","Langage"
"1",0,0.999,0,0.001,0,"Netlogo_H_8","Net_H"
"2",1,0.9983,7e-04,0.001,0,"Netlogo_H_8","Net_H"
"3",2,0.9978,0.0012,7e-04,3e-04,"Netlogo_H_8","Net_H"
"4",3,0.997,0.00185,7e-04,0.00045,"Netlogo_H_8","Net_H"
"5",4,0.9966,0.002,9e-04,5e-04,"Netlogo_H_8","Net_H"
"6",5,0.9962,0.0019,0.0014,5e-04,"Netlogo_H_8","Net_H"
"7",6,0.9953,0.00235,0.0016,0.00075,"Netlogo_H_8","Net_H"
"8",7,0.99355,0.00365,0.0019,9e-04,"Netlogo_H_8","Net_H"
"9",8,0.9921,0.00445,0.0023,0.00115,"Netlogo_H_8","Net_H"
"10",9,0.9903,0.0054,0.0028,0.0015,"Netlogo_H_8","Net_H"
"11",10,0.9883,0.0063,0.0037,0.0017,"Netlogo_H_8","Net_H"
"12",11,0.98605,0.0076,0.0043,0.00205,"Netlogo_H_8","Net_H"
"13",12,0.98385,0.0084,0.0054,0.00235,"Netlogo_H_8","Net_H"
"14",13,0.97965,0.0111,0.0062,0.00305,"Netlogo_H_8","Net_H"
"15",14,0.9758,0.0131,0.0076,0.0035,"Netlogo_H_8","Net_H"
"16",15,0.97005,0.01655,0.0093,0.0041,"Netlogo_H_8","Net_H"
"17",16,0.96445,0.01985,0.011,0.0047,"Netlogo_H_8","Net_H"
"18",17,0.9564,0.0243,0.0131,0.0062,"Netlogo_H_8","Net_H"
"19",18,0.9474,0.02905,0.0159,0.00765,"Netlogo_H_8","Net_H"
"20",19,0.93685,0.0335,0.0206,0.00905,"Netlogo_H_8","Net_H"
"21",20,0.92445,0.039,0.02575,0.0108,"Netlogo_H_8","Net_H"
"22",21,0.9085,0.04695,0.0316,0.01295,"Netlogo_H_8","Net_H"
"23",22,0.88735,0.05925,0.0376,0.0158,"Netlogo_H_8","Net_H"
"24",23,0.8651,0.0708,0.0451,0.019,"Netlogo_H_8","Net_H"
"25",24,0.83935,0.08445,0.05265,0.02355,"Netlogo_H_8","Net_H"
"26",25,0.81175,0.09455,0.0646,0.0291,"Netlogo_H_8","Net_H"
"27",26,0.7777,0.1094,0.07835,0.03455,"Netlogo_H_8","Net_H"
"28",27,0.73545,0.13065,0.09165,0.04225,"Netlogo_H_8","Net_H"
"29",28,0.6914,0.1481,0.10805,0.05245,"Netlogo_H_8","Net_H"
"30",29,0.63955,0.16985,0.128,0.0626,"Netlogo_H_8","Net_H"
"31",30,0.5831,0.1921,0.1489,0.0759,"Netlogo_H_8","Net_H"
"32",31,0.5255,0.21295,0.17135,0.0902,"Netlogo_H_8","Net_H"
"33",32,0.46535,0.2282,0.19825,0.1082,"Netlogo_H_8","Net_H"
"34",33,0.40715,0.24005,0.2231,0.1297,"Netlogo_H_8","Net_H"
"35",34,0.3469,0.2484,0.2528,0.1519,"Netlogo_H_8","Net_H"
"36",35,0.29045,0.2511,0.2803,0.17815,"Netlogo_H_8","Net_H"
"37",36,0.23865,0.24635,0.3041,0.2109,"Netlogo_H_8","Net_H"
"38",37,0.19135,0.23995,0.3225,0.2462,"Netlogo_H_8","Net_H"
"39",38,0.1517,0.2262,0.3419,0.2802,"Netlogo_H_8","Net_H"
"40",39,0.11945,0.2052,0.35755,0.3178,"Netlogo_H_8","Net_H"
"41",40,0.09295,0.1845,0.3659,0.35665,"Netlogo_H_8","Net_H"
"42",41,0.07205,0.1613,0.3686,0.39805,"Netlogo_H_8","Net_H"
"43",42,0.0574,0.1369,0.3658,0.4399,"Netlogo_H_8","Net_H"
"44",43,0.0466,0.1146,0.3549,0.4839,"Netlogo_H_8","Net_H"
"45",44,0.0371,0.09615,0.3424,0.52435,"Netlogo_H_8","Net_H"
"46",45,0.03065,0.0798,0.3237,0.56585,"Netlogo_H_8","Net_H"
"47",46,0.0264,0.06465,0.30435,0.6046,"Netlogo_H_8","Net_H"
"48",47,0.02395,0.05255,0.28205,0.64145,"Netlogo_H_8","Net_H"
"49",48,0.022,0.0421,0.25975,0.67615,"Netlogo_H_8","Net_H"
"50",49,0.01955,0.03445,0.23905,0.70695,"Netlogo_H_8","Net_H"
"51",50,0.01925,0.02835,0.21785,0.73455,"Netlogo_H_8","Net_H"
"52",51,0.0186,0.0239,0.1973,0.7602,"Netlogo_H_8","Net_H"
"53",52,0.0182,0.0198,0.17755,0.78445,"Netlogo_H_8","Net_H"
"54",53,0.01965,0.0158,0.1607,0.80385,"Netlogo_H_8","Net_H"
"55",54,0.0206,0.0121,0.1451,0.8222,"Netlogo_H_8","Net_H"
"56",55,0.02165,0.0109,0.1302,0.83725,"Netlogo_H_8","Net_H"
"57",56,0.0219,0.0096,0.11705,0.85145,"Netlogo_H_8","Net_H"
"58",57,0.0237,0.009,0.1043,0.863,"Netlogo_H_8","Net_H"
"59",58,0.02495,0.0086,0.0911,0.87535,"Netlogo_H_8","Net_H"
"60",59,0.0263,0.00795,0.07985,0.8859,"Netlogo_H_8","Net_H"
"61",60,0.02865,0.0066,0.0714,0.89335,"Netlogo_H_8","Net_H"
"62",61,0.03065,0.00585,0.06415,0.89935,"Netlogo_H_8","Net_H"
"63",62,0.03205,0.00555,0.0578,0.9046,"Netlogo_H_8","Net_H"
"64",63,0.03375,0.00545,0.0517,0.9091,"Netlogo_H_8","Net_H"
"65",64,0.03475,0.00635,0.04585,0.91305,"Netlogo_H_8","Net_H"
"66",65,0.0376,0.00645,0.0407,0.91525,"Netlogo_H_8","Net_H"
"67",66,0.03945,0.0064,0.03705,0.9171,"Netlogo_H_8","Net_H"
"68",67,0.04195,0.0063,0.03355,0.9182,"Netlogo_H_8","Net_H"
"69",68,0.0444,0.0062,0.02945,0.91995,"Netlogo_H_8","Net_H"
"70",69,0.0469,0.0051,0.0274,0.9206,"Netlogo_H_8","Net_H"
"71",70,0.04885,0.00445,0.0255,0.9212,"Netlogo_H_8","Net_H"
"72",71,0.0513,0.00395,0.0238,0.92095,"Netlogo_H_8","Net_H"
"73",72,0.05435,0.0034,0.0218,0.92045,"Netlogo_H_8","Net_H"
"74",73,0.056,0.0032,0.0199,0.9209,"Netlogo_H_8","Net_H"
"75",74,0.0586,0.00265,0.0185,0.92025,"Netlogo_H_8","Net_H"
"76",75,0.0609,0.0028,0.0164,0.9199,"Netlogo_H_8","Net_H"
"77",76,0.06365,0.0027,0.01435,0.9193,"Netlogo_H_8","Net_H"
"78",77,0.0661,0.00255,0.0131,0.91825,"Netlogo_H_8","Net_H"
"79",78,0.06915,0.00275,0.0121,0.916,"Netlogo_H_8","Net_H"
"80",79,0.07155,0.00295,0.0111,0.9144,"Netlogo_H_8","Net_H"
"81",80,0.074,0.0025,0.0098,0.9137,"Netlogo_H_8","Net_H"
"82",81,0.0762,0.00245,0.0088,0.91255,"Netlogo_H_8","Net_H"
"83",82,0.07845,0.00255,0.00805,0.91095,"Netlogo_H_8","Net_H"
"84",83,0.0814,0.0024,0.0073,0.9089,"Netlogo_H_8","Net_H"
"85",84,0.08475,0.00225,0.0067,0.9063,"Netlogo_H_8","Net_H"
"86",85,0.0878,0.00225,0.0061,0.90385,"Netlogo_H_8","Net_H"
"87",86,0.09085,0.002,0.00565,0.9015,"Netlogo_H_8","Net_H"
"88",87,0.0937,0.0021,0.005,0.8992,"Netlogo_H_8","Net_H"
"89",88,0.0965,0.00205,0.0048,0.89665,"Netlogo_H_8","Net_H"
"90",89,0.09895,0.0019,0.0046,0.89455,"Netlogo_H_8","Net_H"
"91",90,0.10145,0.002,0.004,0.89255,"Netlogo_H_8","Net_H"
"92",91,0.1043,0.0021,0.00385,0.88975,"Netlogo_H_8","Net_H"
"93",92,0.10735,0.00175,0.00405,0.88685,"Netlogo_H_8","Net_H"
"94",93,0.10975,0.0015,0.0039,0.88485,"Netlogo_H_8","Net_H"
"95",94,0.1121,0.0016,0.0037,0.8826,"Netlogo_H_8","Net_H"
"96",95,0.11455,0.00145,0.00325,0.88075,"Netlogo_H_8","Net_H"
"97",96,0.11745,0.0014,0.00325,0.8779,"Netlogo_H_8","Net_H"
"98",97,0.1197,0.0013,0.0032,0.8758,"Netlogo_H_8","Net_H"
"99",98,0.12275,0.00125,0.00295,0.87305,"Netlogo_H_8","Net_H"
"100",99,0.12575,0.00135,0.00275,0.87015,"Netlogo_H_8","Net_H"
"101",100,0.1282,0.00125,0.00255,0.868,"Netlogo_H_8","Net_H"
"102",101,0.13145,0.00115,0.0023,0.8651,"Netlogo_H_8","Net_H"
"103",102,0.13445,0.00085,0.00265,0.86205,"Netlogo_H_8","Net_H"
"104",103,0.13655,0.00115,0.0025,0.8598,"Netlogo_H_8","Net_H"
"105",104,0.13895,0.0011,0.00245,0.8575,"Netlogo_H_8","Net_H"
"106",105,0.14125,0.00095,0.00255,0.85525,"Netlogo_H_8","Net_H"
"107",106,0.1431,0.00105,0.0027,0.85315,"Netlogo_H_8","Net_H"
"108",107,0.1455,0.0012,0.00225,0.85105,"Netlogo_H_8","Net_H"
"109",108,0.1475,0.0012,0.0022,0.8491,"Netlogo_H_8","Net_H"
"110",109,0.14995,0.00115,0.0022,0.8467,"Netlogo_H_8","Net_H"
"111",110,0.1519,0.0013,0.00185,0.84495,"Netlogo_H_8","Net_H"
"112",111,0.155,0.00115,0.0018,0.84205,"Netlogo_H_8","Net_H"
"113",112,0.15785,0.001,0.002,0.83915,"Netlogo_H_8","Net_H"
"114",113,0.1601,0.0011,0.00185,0.83695,"Netlogo_H_8","Net_H"
"115",114,0.16285,0.00085,0.0022,0.8341,"Netlogo_H_8","Net_H"
"116",115,0.16535,0.00075,0.0022,0.8317,"Netlogo_H_8","Net_H"
"117",116,0.16845,6e-04,0.0022,0.82875,"Netlogo_H_8","Net_H"
"118",117,0.17065,7e-04,0.0021,0.82655,"Netlogo_H_8","Net_H"
"119",118,0.1724,8e-04,0.00205,0.82475,"Netlogo_H_8","Net_H"
"120",119,0.17425,0.00095,0.00185,0.82295,"Netlogo_H_8","Net_H"
"121",120,0.17665,0.001,0.00195,0.8204,"Netlogo_H_8","Net_H"
"122",121,0.17915,9e-04,0.002,0.81795,"Netlogo_H_8","Net_H"
"123",122,0.18065,0.00115,0.0019,0.8163,"Netlogo_H_8","Net_H"
"124",123,0.18235,0.00105,0.00205,0.81455,"Netlogo_H_8","Net_H"
"125",124,0.1844,9e-04,0.0021,0.8126,"Netlogo_H_8","Net_H"
"126",125,0.18655,8e-04,0.00215,0.8105,"Netlogo_H_8","Net_H"
"127",126,0.18835,0.0011,0.00205,0.8085,"Netlogo_H_8","Net_H"
"128",127,0.1908,0.00115,0.002,0.80605,"Netlogo_H_8","Net_H"
"129",128,0.1932,0.00125,0.00185,0.8037,"Netlogo_H_8","Net_H"
"130",129,0.1957,0.0011,0.00215,0.80105,"Netlogo_H_8","Net_H"
"131",130,0.19805,0.00105,0.00235,0.79855,"Netlogo_H_8","Net_H"
"132",131,0.20035,0.00125,0.0022,0.7962,"Netlogo_H_8","Net_H"
"133",132,0.20155,0.00155,0.00205,0.79485,"Netlogo_H_8","Net_H"
"134",133,0.20365,0.00135,0.00215,0.79285,"Netlogo_H_8","Net_H"
"135",134,0.2056,0.00145,0.0021,0.79085,"Netlogo_H_8","Net_H"
"136",135,0.2085,0.0015,0.002,0.788,"Netlogo_H_8","Net_H"
"137",136,0.2102,0.00155,0.00195,0.7863,"Netlogo_H_8","Net_H"
"138",137,0.2123,0.00105,0.0023,0.78435,"Netlogo_H_8","Net_H"
"139",138,0.21355,8e-04,0.0026,0.78305,"Netlogo_H_8","Net_H"
"140",139,0.216,0.00095,0.00235,0.7807,"Netlogo_H_8","Net_H"
"141",140,0.2173,0.00095,0.0025,0.77925,"Netlogo_H_8","Net_H"
"142",141,0.21935,0.00115,0.0023,0.7772,"Netlogo_H_8","Net_H"
"143",142,0.22135,0.0014,0.00225,0.775,"Netlogo_H_8","Net_H"
"144",143,0.2232,0.0015,0.0022,0.7731,"Netlogo_H_8","Net_H"
"145",144,0.225,0.0017,0.00225,0.77105,"Netlogo_H_8","Net_H"
"146",145,0.22685,0.00165,0.0024,0.7691,"Netlogo_H_8","Net_H"
"147",146,0.22905,0.0016,0.00235,0.767,"Netlogo_H_8","Net_H"
"148",147,0.23035,0.00185,0.0025,0.7653,"Netlogo_H_8","Net_H"
"149",148,0.2326,0.00195,0.00265,0.7628,"Netlogo_H_8","Net_H"
"150",149,0.2344,0.00155,0.0028,0.76125,"Netlogo_H_8","Net_H"
"151",150,0.23605,0.0018,0.00305,0.7591,"Netlogo_H_8","Net_H"
"152",151,0.238,0.0021,0.00325,0.75665,"Netlogo_H_8","Net_H"
"153",152,0.2395,0.00225,0.0033,0.75495,"Netlogo_H_8","Net_H"
"154",153,0.24175,0.0025,0.0035,0.75225,"Netlogo_H_8","Net_H"
"155",154,0.24355,0.00255,0.0036,0.7503,"Netlogo_H_8","Net_H"
"156",155,0.2458,0.00235,0.00365,0.7482,"Netlogo_H_8","Net_H"
"157",156,0.2476,0.00255,0.00375,0.7461,"Netlogo_H_8","Net_H"
"158",157,0.2487,0.0027,0.0036,0.745,"Netlogo_H_8","Net_H"
"159",158,0.25005,0.0029,0.00405,0.743,"Netlogo_H_8","Net_H"
"160",159,0.2514,0.0028,0.00445,0.74135,"Netlogo_H_8","Net_H"
"161",160,0.25355,0.00285,0.00445,0.73915,"Netlogo_H_8","Net_H"
"162",161,0.2549,0.0028,0.0046,0.7377,"Netlogo_H_8","Net_H"
"163",162,0.2562,0.00295,0.0047,0.73615,"Netlogo_H_8","Net_H"
"164",163,0.25735,0.00305,0.0049,0.7347,"Netlogo_H_8","Net_H"
"165",164,0.2588,0.00305,0.00485,0.7333,"Netlogo_H_8","Net_H"
"166",165,0.26035,0.00305,0.005,0.7316,"Netlogo_H_8","Net_H"
"167",166,0.2614,0.0035,0.0051,0.73,"Netlogo_H_8","Net_H"
"168",167,0.263,0.0035,0.00525,0.72825,"Netlogo_H_8","Net_H"
"169",168,0.26495,0.00315,0.00565,0.72625,"Netlogo_H_8","Net_H"
"170",169,0.2659,0.00355,0.0055,0.72505,"Netlogo_H_8","Net_H"
"171",170,0.26645,0.00405,0.0052,0.7243,"Netlogo_H_8","Net_H"
"172",171,0.2675,0.00405,0.00555,0.7229,"Netlogo_H_8","Net_H"
"173",172,0.2685,0.00435,0.00535,0.7218,"Netlogo_H_8","Net_H"
"174",173,0.27035,0.0044,0.00555,0.7197,"Netlogo_H_8","Net_H"
"175",174,0.27205,0.00365,0.00605,0.71825,"Netlogo_H_8","Net_H"
"176",175,0.27365,0.0036,0.0063,0.71645,"Netlogo_H_8","Net_H"
"177",176,0.2748,0.00415,0.00645,0.7146,"Netlogo_H_8","Net_H"
"178",177,0.27535,0.0045,0.0069,0.71325,"Netlogo_H_8","Net_H"
"179",178,0.27635,0.00465,0.00685,0.71215,"Netlogo_H_8","Net_H"
"180",179,0.27805,0.0046,0.0067,0.71065,"Netlogo_H_8","Net_H"
"181",180,0.27885,0.005,0.007,0.70915,"Netlogo_H_8","Net_H"
"182",181,0.27965,0.00555,0.00705,0.70775,"Netlogo_H_8","Net_H"
"183",182,0.2809,0.00555,0.00725,0.7063,"Netlogo_H_8","Net_H"
"184",183,0.28195,0.00505,0.00805,0.70495,"Netlogo_H_8","Net_H"
"185",184,0.28275,0.00565,0.00765,0.70395,"Netlogo_H_8","Net_H"
"186",185,0.2838,0.00605,0.00795,0.7022,"Netlogo_H_8","Net_H"
"187",186,0.2833,0.00655,0.00855,0.7016,"Netlogo_H_8","Net_H"
"188",187,0.2833,0.0071,0.00895,0.70065,"Netlogo_H_8","Net_H"
"189",188,0.2836,0.0072,0.0095,0.6997,"Netlogo_H_8","Net_H"
"190",189,0.28325,0.00755,0.01,0.6992,"Netlogo_H_8","Net_H"
"191",190,0.28355,0.00735,0.0112,0.6979,"Netlogo_H_8","Net_H"
"192",191,0.2834,0.0082,0.01125,0.69715,"Netlogo_H_8","Net_H"
"193",192,0.28305,0.0089,0.0115,0.69655,"Netlogo_H_8","Net_H"
"194",193,0.2839,0.0091,0.012,0.695,"Netlogo_H_8","Net_H"
"195",194,0.2835,0.00985,0.01235,0.6943,"Netlogo_H_8","Net_H"
"196",195,0.2828,0.00975,0.0135,0.69395,"Netlogo_H_8","Net_H"
"197",196,0.28185,0.0105,0.01425,0.6934,"Netlogo_H_8","Net_H"
"198",197,0.28115,0.0111,0.01485,0.6929,"Netlogo_H_8","Net_H"
"199",198,0.281,0.0111,0.0155,0.6924,"Netlogo_H_8","Net_H"
"200",199,0.28045,0.01065,0.0167,0.6922,"Netlogo_H_8","Net_H"
"201",200,0.279,0.01265,0.0167,0.69165,"Netlogo_H_8","Net_H"
"202",201,0.27775,0.0132,0.0172,0.69185,"Netlogo_H_8","Net_H"
"203",202,0.2765,0.01395,0.0183,0.69125,"Netlogo_H_8","Net_H"
"204",203,0.2747,0.015,0.0185,0.6918,"Netlogo_H_8","Net_H"
"205",204,0.2746,0.01385,0.01995,0.6916,"Netlogo_H_8","Net_H"
"206",205,0.2719,0.0155,0.02035,0.69225,"Netlogo_H_8","Net_H"
"207",206,0.2702,0.0158,0.0209,0.6931,"Netlogo_H_8","Net_H"
"208",207,0.26925,0.0158,0.02285,0.6921,"Netlogo_H_8","Net_H"
"209",208,0.26695,0.017,0.02325,0.6928,"Netlogo_H_8","Net_H"
"210",209,0.26485,0.0183,0.0234,0.69345,"Netlogo_H_8","Net_H"
"211",210,0.2627,0.01905,0.02385,0.6944,"Netlogo_H_8","Net_H"
"212",211,0.2616,0.01825,0.0247,0.69545,"Netlogo_H_8","Net_H"
"213",212,0.25925,0.0186,0.0265,0.69565,"Netlogo_H_8","Net_H"
"214",213,0.2568,0.01925,0.0279,0.69605,"Netlogo_H_8","Net_H"
"215",214,0.25395,0.01945,0.02955,0.69705,"Netlogo_H_8","Net_H"
"216",215,0.2517,0.0201,0.0309,0.6973,"Netlogo_H_8","Net_H"
"217",216,0.249,0.0205,0.03215,0.69835,"Netlogo_H_8","Net_H"
"218",217,0.2463,0.022,0.03235,0.69935,"Netlogo_H_8","Net_H"
"219",218,0.2434,0.02315,0.03205,0.7014,"Netlogo_H_8","Net_H"
"220",219,0.2406,0.02355,0.03325,0.7026,"Netlogo_H_8","Net_H"
"221",220,0.23655,0.02345,0.03575,0.70425,"Netlogo_H_8","Net_H"
"222",221,0.23375,0.0233,0.0374,0.70555,"Netlogo_H_8","Net_H"
"223",222,0.23055,0.0237,0.0375,0.70825,"Netlogo_H_8","Net_H"
"224",223,0.22765,0.0232,0.0386,0.71055,"Netlogo_H_8","Net_H"
"225",224,0.22515,0.02415,0.03925,0.71145,"Netlogo_H_8","Net_H"
"226",225,0.2214,0.0244,0.0406,0.7136,"Netlogo_H_8","Net_H"
"227",226,0.2185,0.0252,0.04135,0.71495,"Netlogo_H_8","Net_H"
"228",227,0.21375,0.026,0.04245,0.7178,"Netlogo_H_8","Net_H"
"229",228,0.20885,0.02725,0.0433,0.7206,"Netlogo_H_8","Net_H"
"230",229,0.206,0.0269,0.0446,0.7225,"Netlogo_H_8","Net_H"
"231",230,0.2038,0.0251,0.0465,0.7246,"Netlogo_H_8","Net_H"
"232",231,0.1989,0.02695,0.04635,0.7278,"Netlogo_H_8","Net_H"
"233",232,0.1956,0.0279,0.04565,0.73085,"Netlogo_H_8","Net_H"
"234",233,0.19255,0.0271,0.0453,0.73505,"Netlogo_H_8","Net_H"
"235",234,0.1889,0.02635,0.04695,0.7378,"Netlogo_H_8","Net_H"
"236",235,0.1864,0.02705,0.0459,0.74065,"Netlogo_H_8","Net_H"
"237",236,0.1837,0.02725,0.04565,0.7434,"Netlogo_H_8","Net_H"
"238",237,0.18125,0.02655,0.0467,0.7455,"Netlogo_H_8","Net_H"
"239",238,0.1799,0.0246,0.04735,0.74815,"Netlogo_H_8","Net_H"
"240",239,0.17715,0.02465,0.0466,0.7516,"Netlogo_H_8","Net_H"
"241",240,0.1761,0.02425,0.0453,0.75435,"Netlogo_H_8","Net_H"
"242",241,0.17495,0.0231,0.04595,0.756,"Netlogo_H_8","Net_H"
"243",242,0.1728,0.02265,0.0465,0.75805,"Netlogo_H_8","Net_H"
"244",243,0.171,0.023,0.0454,0.7606,"Netlogo_H_8","Net_H"
"245",244,0.1687,0.02385,0.0438,0.76365,"Netlogo_H_8","Net_H"
"246",245,0.16615,0.0244,0.04355,0.7659,"Netlogo_H_8","Net_H"
"247",246,0.16565,0.02285,0.0433,0.7682,"Netlogo_H_8","Net_H"
"248",247,0.1639,0.0222,0.0436,0.7703,"Netlogo_H_8","Net_H"
"249",248,0.1633,0.0224,0.043,0.7713,"Netlogo_H_8","Net_H"
"250",249,0.16075,0.02205,0.0439,0.7733,"Netlogo_H_8","Net_H"
"251",250,0.1587,0.02205,0.0433,0.77595,"Netlogo_H_8","Net_H"
"252",251,0.1574,0.022,0.0432,0.7774,"Netlogo_H_8","Net_H"
"253",252,0.15605,0.0219,0.04195,0.7801,"Netlogo_H_8","Net_H"
"254",253,0.1547,0.02175,0.0428,0.78075,"Netlogo_H_8","Net_H"
"255",254,0.1551,0.022,0.0422,0.7807,"Netlogo_H_8","Net_H"
"256",255,0.15335,0.022,0.04115,0.7835,"Netlogo_H_8","Net_H"
"257",256,0.1532,0.02165,0.0412,0.78395,"Netlogo_H_8","Net_H"
"258",257,0.1525,0.02125,0.04135,0.7849,"Netlogo_H_8","Net_H"
"259",258,0.15135,0.0216,0.04075,0.7863,"Netlogo_H_8","Net_H"
"260",259,0.1503,0.0208,0.0413,0.7876,"Netlogo_H_8","Net_H"
"261",260,0.1501,0.02065,0.0406,0.78865,"Netlogo_H_8","Net_H"
"262",261,0.15035,0.01975,0.03995,0.78995,"Netlogo_H_8","Net_H"
"263",262,0.15045,0.0201,0.03825,0.7912,"Netlogo_H_8","Net_H"
"264",263,0.15155,0.01825,0.03775,0.79245,"Netlogo_H_8","Net_H"
"265",264,0.15185,0.0168,0.03745,0.7939,"Netlogo_H_8","Net_H"
"266",265,0.1511,0.0166,0.0379,0.7944,"Netlogo_H_8","Net_H"
"267",266,0.15215,0.0161,0.03655,0.7952,"Netlogo_H_8","Net_H"
"268",267,0.15235,0.0163,0.03525,0.7961,"Netlogo_H_8","Net_H"
"269",268,0.15255,0.0161,0.03425,0.7971,"Netlogo_H_8","Net_H"
"270",269,0.1517,0.0168,0.0338,0.7977,"Netlogo_H_8","Net_H"
"271",270,0.15205,0.0172,0.0325,0.79825,"Netlogo_H_8","Net_H"
"272",271,0.1514,0.0168,0.0333,0.7985,"Netlogo_H_8","Net_H"
"273",272,0.1541,0.01545,0.03245,0.798,"Netlogo_H_8","Net_H"
"274",273,0.15465,0.01525,0.0317,0.7984,"Netlogo_H_8","Net_H"
"275",274,0.1552,0.01445,0.03165,0.7987,"Netlogo_H_8","Net_H"
"276",275,0.1567,0.01475,0.03035,0.7982,"Netlogo_H_8","Net_H"
"277",276,0.1585,0.0146,0.03005,0.79685,"Netlogo_H_8","Net_H"
"278",277,0.1587,0.01525,0.0296,0.79645,"Netlogo_H_8","Net_H"
"279",278,0.15955,0.01485,0.02995,0.79565,"Netlogo_H_8","Net_H"
"280",279,0.15955,0.01535,0.0299,0.7952,"Netlogo_H_8","Net_H"
"281",280,0.16075,0.01525,0.02935,0.79465,"Netlogo_H_8","Net_H"
"282",281,0.16215,0.0151,0.02955,0.7932,"Netlogo_H_8","Net_H"
"283",282,0.16315,0.0149,0.03055,0.7914,"Netlogo_H_8","Net_H"
"284",283,0.16395,0.01535,0.02975,0.79095,"Netlogo_H_8","Net_H"
"285",284,0.16425,0.015,0.0295,0.79125,"Netlogo_H_8","Net_H"
"286",285,0.16495,0.0149,0.0291,0.79105,"Netlogo_H_8","Net_H"
"287",286,0.16515,0.0151,0.0296,0.79015,"Netlogo_H_8","Net_H"
"288",287,0.1666,0.01545,0.0289,0.78905,"Netlogo_H_8","Net_H"
"289",288,0.1673,0.016,0.0281,0.7886,"Netlogo_H_8","Net_H"
"290",289,0.168,0.0158,0.0279,0.7883,"Netlogo_H_8","Net_H"
"291",290,0.1691,0.01515,0.02845,0.7873,"Netlogo_H_8","Net_H"
"292",291,0.1698,0.01455,0.0293,0.78635,"Netlogo_H_8","Net_H"
"293",292,0.17065,0.01435,0.0295,0.7855,"Netlogo_H_8","Net_H"
"294",293,0.1712,0.01515,0.02885,0.7848,"Netlogo_H_8","Net_H"
"295",294,0.17125,0.01555,0.02815,0.78505,"Netlogo_H_8","Net_H"
"296",295,0.17185,0.01515,0.0282,0.7848,"Netlogo_H_8","Net_H"
"297",296,0.1728,0.0147,0.02805,0.78445,"Netlogo_H_8","Net_H"
"298",297,0.17405,0.014,0.02895,0.783,"Netlogo_H_8","Net_H"
"299",298,0.1749,0.01375,0.0287,0.78265,"Netlogo_H_8","Net_H"
"300",299,0.1748,0.0148,0.02765,0.78275,"Netlogo_H_8","Net_H"
"301",300,0.1762,0.01465,0.0276,0.78155,"Netlogo_H_8","Net_H"
"302",301,0.17655,0.01525,0.0272,0.781,"Netlogo_H_8","Net_H"
"303",302,0.17765,0.01495,0.0276,0.7798,"Netlogo_H_8","Net_H"
"304",303,0.1781,0.01645,0.0272,0.77825,"Netlogo_H_8","Net_H"
"305",304,0.1792,0.0165,0.0281,0.7762,"Netlogo_H_8","Net_H"
"306",305,0.17905,0.01645,0.0276,0.7769,"Netlogo_H_8","Net_H"
"307",306,0.18055,0.0159,0.02835,0.7752,"Netlogo_H_8","Net_H"
"308",307,0.18095,0.0158,0.0286,0.77465,"Netlogo_H_8","Net_H"
"309",308,0.1807,0.016,0.02855,0.77475,"Netlogo_H_8","Net_H"
"310",309,0.1811,0.0156,0.0289,0.7744,"Netlogo_H_8","Net_H"
"311",310,0.1818,0.01595,0.02975,0.7725,"Netlogo_H_8","Net_H"
"312",311,0.1828,0.0158,0.0293,0.7721,"Netlogo_H_8","Net_H"
"313",312,0.1842,0.0148,0.02985,0.77115,"Netlogo_H_8","Net_H"
"314",313,0.18535,0.0153,0.0297,0.76965,"Netlogo_H_8","Net_H"
"315",314,0.1848,0.0166,0.02905,0.76955,"Netlogo_H_8","Net_H"
"316",315,0.18625,0.01595,0.02905,0.76875,"Netlogo_H_8","Net_H"
"317",316,0.1875,0.0159,0.02895,0.76765,"Netlogo_H_8","Net_H"
"318",317,0.18735,0.01585,0.02945,0.76735,"Netlogo_H_8","Net_H"
"319",318,0.18775,0.01595,0.0296,0.7667,"Netlogo_H_8","Net_H"
"320",319,0.1877,0.0158,0.03015,0.76635,"Netlogo_H_8","Net_H"
"321",320,0.18755,0.0172,0.02925,0.766,"Netlogo_H_8","Net_H"
"322",321,0.1886,0.01725,0.02875,0.7654,"Netlogo_H_8","Net_H"
"323",322,0.19,0.01695,0.02895,0.7641,"Netlogo_H_8","Net_H"
"324",323,0.18975,0.0173,0.02905,0.7639,"Netlogo_H_8","Net_H"
"325",324,0.1904,0.01685,0.02895,0.7638,"Netlogo_H_8","Net_H"
"326",325,0.19025,0.01655,0.03005,0.76315,"Netlogo_H_8","Net_H"
"327",326,0.19065,0.01685,0.03025,0.76225,"Netlogo_H_8","Net_H"
"328",327,0.1912,0.01785,0.02985,0.7611,"Netlogo_H_8","Net_H"
"329",328,0.1925,0.0182,0.0297,0.7596,"Netlogo_H_8","Net_H"
"330",329,0.19305,0.01765,0.0305,0.7588,"Netlogo_H_8","Net_H"
"331",330,0.19395,0.0174,0.0302,0.75845,"Netlogo_H_8","Net_H"
"332",331,0.193,0.01715,0.03105,0.7588,"Netlogo_H_8","Net_H"
"333",332,0.19285,0.0181,0.03045,0.7586,"Netlogo_H_8","Net_H"
"334",333,0.19315,0.0192,0.03005,0.7576,"Netlogo_H_8","Net_H"
"335",334,0.1936,0.0188,0.0309,0.7567,"Netlogo_H_8","Net_H"
"336",335,0.1941,0.01915,0.03115,0.7556,"Netlogo_H_8","Net_H"
"337",336,0.19475,0.01895,0.03095,0.75535,"Netlogo_H_8","Net_H"
"338",337,0.1959,0.0181,0.0324,0.7536,"Netlogo_H_8","Net_H"
"339",338,0.1955,0.01815,0.03245,0.7539,"Netlogo_H_8","Net_H"
"340",339,0.19535,0.01805,0.0328,0.7538,"Netlogo_H_8","Net_H"
"341",340,0.1946,0.01985,0.03105,0.7545,"Netlogo_H_8","Net_H"
"342",341,0.1952,0.0199,0.0316,0.7533,"Netlogo_H_8","Net_H"
"343",342,0.19375,0.02055,0.03205,0.75365,"Netlogo_H_8","Net_H"
"344",343,0.1945,0.02,0.03265,0.75285,"Netlogo_H_8","Net_H"
"345",344,0.1952,0.0201,0.03285,0.75185,"Netlogo_H_8","Net_H"
"346",345,0.19605,0.01915,0.0336,0.7512,"Netlogo_H_8","Net_H"
"347",346,0.1962,0.0184,0.03355,0.75185,"Netlogo_H_8","Net_H"
"348",347,0.1951,0.0189,0.0341,0.7519,"Netlogo_H_8","Net_H"
"349",348,0.1943,0.0205,0.0346,0.7506,"Netlogo_H_8","Net_H"
"350",349,0.194,0.02095,0.03505,0.75,"Netlogo_H_8","Net_H"
"351",350,0.19325,0.021,0.03535,0.7504,"Netlogo_H_8","Net_H"
"352",351,0.1927,0.0213,0.0359,0.7501,"Netlogo_H_8","Net_H"
"353",352,0.1921,0.0216,0.0367,0.7496,"Netlogo_H_8","Net_H"
"354",353,0.1918,0.02145,0.03835,0.7484,"Netlogo_H_8","Net_H"
"355",354,0.1915,0.0213,0.0379,0.7493,"Netlogo_H_8","Net_H"
"356",355,0.1912,0.0213,0.0382,0.7493,"Netlogo_H_8","Net_H"
"357",356,0.19085,0.02165,0.0387,0.7488,"Netlogo_H_8","Net_H"
"358",357,0.19115,0.0214,0.03845,0.749,"Netlogo_H_8","Net_H"
"359",358,0.19085,0.02175,0.0387,0.7487,"Netlogo_H_8","Net_H"
"360",359,0.19035,0.022,0.0385,0.74915,"Netlogo_H_8","Net_H"
"361",360,0.19085,0.0215,0.03885,0.7488,"Netlogo_H_8","Net_H"
"362",361,0.191,0.02205,0.03835,0.7486,"Netlogo_H_8","Net_H"
"363",362,0.1894,0.02245,0.0388,0.74935,"Netlogo_H_8","Net_H"
"364",363,0.1886,0.0228,0.03805,0.75055,"Netlogo_H_8","Net_H"
"365",364,0.18785,0.02345,0.0384,0.7503,"Netlogo_H_8","Net_H"
"366",365,0.18815,0.0225,0.0396,0.74975,"Netlogo_H_8","Net_H"
"367",366,0.1874,0.02265,0.0402,0.74975,"Netlogo_H_8","Net_H"
"368",367,0.1868,0.02245,0.0405,0.75025,"Netlogo_H_8","Net_H"
"369",368,0.185,0.0227,0.04125,0.75105,"Netlogo_H_8","Net_H"
"370",369,0.1846,0.02235,0.04205,0.751,"Netlogo_H_8","Net_H"
"371",370,0.18305,0.02315,0.0424,0.7514,"Netlogo_H_8","Net_H"
"372",371,0.18185,0.0229,0.04355,0.7517,"Netlogo_H_8","Net_H"
"373",372,0.18025,0.0239,0.04315,0.7527,"Netlogo_H_8","Net_H"
"374",373,0.17975,0.02375,0.0424,0.7541,"Netlogo_H_8","Net_H"
"375",374,0.17855,0.02405,0.04285,0.75455,"Netlogo_H_8","Net_H"
"376",375,0.17905,0.0229,0.0425,0.75555,"Netlogo_H_8","Net_H"
"377",376,0.17875,0.0213,0.043,0.75695,"Netlogo_H_8","Net_H"
"378",377,0.1768,0.0223,0.043,0.7579,"Netlogo_H_8","Net_H"
"379",378,0.1768,0.02315,0.04275,0.7573,"Netlogo_H_8","Net_H"
"380",379,0.17655,0.0225,0.04295,0.758,"Netlogo_H_8","Net_H"
"381",380,0.1758,0.02295,0.04305,0.7582,"Netlogo_H_8","Net_H"
"382",381,0.17475,0.02255,0.04315,0.75955,"Netlogo_H_8","Net_H"
"383",382,0.17475,0.02235,0.0435,0.7594,"Netlogo_H_8","Net_H"
"384",383,0.17495,0.0215,0.0443,0.75925,"Netlogo_H_8","Net_H"
"385",384,0.1739,0.0221,0.043,0.761,"Netlogo_H_8","Net_H"
"386",385,0.17445,0.02105,0.04305,0.76145,"Netlogo_H_8","Net_H"
"387",386,0.17435,0.0221,0.0417,0.76185,"Netlogo_H_8","Net_H"
"388",387,0.17355,0.02275,0.04165,0.76205,"Netlogo_H_8","Net_H"
"389",388,0.17425,0.02205,0.0403,0.7634,"Netlogo_H_8","Net_H"
"390",389,0.1753,0.02145,0.04145,0.7618,"Netlogo_H_8","Net_H"
"391",390,0.17385,0.0222,0.04175,0.7622,"Netlogo_H_8","Net_H"
"392",391,0.17385,0.0225,0.04095,0.7627,"Netlogo_H_8","Net_H"
"393",392,0.17205,0.023,0.04105,0.7639,"Netlogo_H_8","Net_H"
"394",393,0.1722,0.0223,0.04185,0.76365,"Netlogo_H_8","Net_H"
"395",394,0.1723,0.02165,0.043,0.76305,"Netlogo_H_8","Net_H"
"396",395,0.17195,0.0218,0.0431,0.76315,"Netlogo_H_8","Net_H"
"397",396,0.17165,0.0222,0.04285,0.7633,"Netlogo_H_8","Net_H"
"398",397,0.1719,0.02275,0.04325,0.7621,"Netlogo_H_8","Net_H"
"399",398,0.1716,0.0226,0.04305,0.76275,"Netlogo_H_8","Net_H"
"400",399,0.1706,0.02275,0.042,0.76465,"Netlogo_H_8","Net_H"
"401",400,0.1684,0.0246,0.0415,0.7655,"Netlogo_H_8","Net_H"
"402",401,0.1675,0.02515,0.0407,0.76665,"Netlogo_H_8","Net_H"
"403",402,0.16735,0.02325,0.04125,0.76815,"Netlogo_H_8","Net_H"
"404",403,0.1673,0.0223,0.04215,0.76825,"Netlogo_H_8","Net_H"
"405",404,0.1662,0.02275,0.0414,0.76965,"Netlogo_H_8","Net_H"
"406",405,0.16805,0.0214,0.04205,0.7685,"Netlogo_H_8","Net_H"
"407",406,0.16835,0.02025,0.04205,0.76935,"Netlogo_H_8","Net_H"
"408",407,0.1678,0.01935,0.042,0.77085,"Netlogo_H_8","Net_H"
"409",408,0.1674,0.02125,0.04015,0.7712,"Netlogo_H_8","Net_H"
"410",409,0.16845,0.02075,0.0396,0.7712,"Netlogo_H_8","Net_H"
"411",410,0.1675,0.0212,0.03915,0.77215,"Netlogo_H_8","Net_H"
"412",411,0.16845,0.02,0.03875,0.7728,"Netlogo_H_8","Net_H"
"413",412,0.16795,0.0205,0.0387,0.77285,"Netlogo_H_8","Net_H"
"414",413,0.1699,0.02005,0.03795,0.7721,"Netlogo_H_8","Net_H"
"415",414,0.17055,0.0204,0.0379,0.77115,"Netlogo_H_8","Net_H"
"416",415,0.1718,0.01955,0.03835,0.7703,"Netlogo_H_8","Net_H"
"417",416,0.17215,0.01925,0.0376,0.771,"Netlogo_H_8","Net_H"
"418",417,0.17245,0.01895,0.03805,0.77055,"Netlogo_H_8","Net_H"
"419",418,0.1728,0.0199,0.038,0.7693,"Netlogo_H_8","Net_H"
"420",419,0.17255,0.02055,0.03805,0.76885,"Netlogo_H_8","Net_H"
"421",420,0.17345,0.0196,0.03795,0.769,"Netlogo_H_8","Net_H"
"422",421,0.1723,0.02085,0.0378,0.76905,"Netlogo_H_8","Net_H"
"423",422,0.1724,0.02095,0.0371,0.76955,"Netlogo_H_8","Net_H"
"424",423,0.1734,0.02065,0.0375,0.76845,"Netlogo_H_8","Net_H"
"425",424,0.17345,0.01995,0.0376,0.769,"Netlogo_H_8","Net_H"
"426",425,0.17395,0.0199,0.0371,0.76905,"Netlogo_H_8","Net_H"
"427",426,0.17325,0.0206,0.03575,0.7704,"Netlogo_H_8","Net_H"
"428",427,0.17325,0.0194,0.03755,0.7698,"Netlogo_H_8","Net_H"
"429",428,0.1739,0.01915,0.03725,0.7697,"Netlogo_H_8","Net_H"
"430",429,0.1745,0.0188,0.03715,0.76955,"Netlogo_H_8","Net_H"
"431",430,0.17445,0.01995,0.03545,0.77015,"Netlogo_H_8","Net_H"
"432",431,0.1744,0.01985,0.0356,0.77015,"Netlogo_H_8","Net_H"
"433",432,0.17645,0.01875,0.0365,0.7683,"Netlogo_H_8","Net_H"
"434",433,0.17545,0.0187,0.03715,0.7687,"Netlogo_H_8","Net_H"
"435",434,0.1753,0.0197,0.0365,0.7685,"Netlogo_H_8","Net_H"
"436",435,0.1761,0.0198,0.0366,0.7675,"Netlogo_H_8","Net_H"
"437",436,0.17665,0.01995,0.03625,0.76715,"Netlogo_H_8","Net_H"
"438",437,0.1764,0.0199,0.03575,0.76795,"Netlogo_H_8","Net_H"
"439",438,0.17735,0.02015,0.03575,0.76675,"Netlogo_H_8","Net_H"
"440",439,0.1767,0.01895,0.0373,0.76705,"Netlogo_H_8","Net_H"
"441",440,0.1763,0.0203,0.0359,0.7675,"Netlogo_H_8","Net_H"
"442",441,0.1769,0.01915,0.0366,0.76735,"Netlogo_H_8","Net_H"
"443",442,0.1772,0.02015,0.03605,0.7666,"Netlogo_H_8","Net_H"
"444",443,0.17735,0.0207,0.03575,0.7662,"Netlogo_H_8","Net_H"
"445",444,0.178,0.01985,0.03575,0.7664,"Netlogo_H_8","Net_H"
"446",445,0.178,0.0206,0.03515,0.76625,"Netlogo_H_8","Net_H"
"447",446,0.17785,0.02025,0.0361,0.7658,"Netlogo_H_8","Net_H"
"448",447,0.17775,0.02065,0.03575,0.76585,"Netlogo_H_8","Net_H"
"449",448,0.17895,0.0204,0.0358,0.76485,"Netlogo_H_8","Net_H"
"450",449,0.1794,0.0206,0.0356,0.7644,"Netlogo_H_8","Net_H"
"451",450,0.18005,0.0201,0.0357,0.76415,"Netlogo_H_8","Net_H"
"452",451,0.18035,0.0198,0.0364,0.76345,"Netlogo_H_8","Net_H"
"453",452,0.18105,0.01975,0.036,0.7632,"Netlogo_H_8","Net_H"
"454",453,0.1816,0.01895,0.03655,0.7629,"Netlogo_H_8","Net_H"
"455",454,0.1817,0.01905,0.03695,0.7623,"Netlogo_H_8","Net_H"
"456",455,0.1821,0.01925,0.0359,0.76275,"Netlogo_H_8","Net_H"
"457",456,0.1827,0.0196,0.0364,0.7613,"Netlogo_H_8","Net_H"
"458",457,0.1827,0.02,0.0359,0.7614,"Netlogo_H_8","Net_H"
"459",458,0.18235,0.0194,0.0361,0.76215,"Netlogo_H_8","Net_H"
"460",459,0.18375,0.0189,0.03605,0.7613,"Netlogo_H_8","Net_H"
"461",460,0.1837,0.0186,0.03685,0.76085,"Netlogo_H_8","Net_H"
"462",461,0.1834,0.0198,0.036,0.7608,"Netlogo_H_8","Net_H"
"463",462,0.18255,0.0212,0.0357,0.76055,"Netlogo_H_8","Net_H"
"464",463,0.1831,0.02095,0.03515,0.7608,"Netlogo_H_8","Net_H"
"465",464,0.18255,0.02125,0.03495,0.76125,"Netlogo_H_8","Net_H"
"466",465,0.1832,0.02145,0.0347,0.76065,"Netlogo_H_8","Net_H"
"467",466,0.1827,0.02145,0.035,0.76085,"Netlogo_H_8","Net_H"
"468",467,0.1838,0.0207,0.03565,0.75985,"Netlogo_H_8","Net_H"
"469",468,0.18445,0.0203,0.0366,0.75865,"Netlogo_H_8","Net_H"
"470",469,0.184,0.021,0.03655,0.75845,"Netlogo_H_8","Net_H"
"471",470,0.18375,0.02165,0.03605,0.75855,"Netlogo_H_8","Net_H"
"472",471,0.18425,0.02055,0.03635,0.75885,"Netlogo_H_8","Net_H"
"473",472,0.18465,0.02045,0.0359,0.759,"Netlogo_H_8","Net_H"
"474",473,0.1849,0.02075,0.03655,0.7578,"Netlogo_H_8","Net_H"
"475",474,0.1846,0.0212,0.0371,0.7571,"Netlogo_H_8","Net_H"
"476",475,0.18315,0.0222,0.036,0.75865,"Netlogo_H_8","Net_H"
"477",476,0.18255,0.0215,0.03615,0.7598,"Netlogo_H_8","Net_H"
"478",477,0.1837,0.0204,0.03655,0.75935,"Netlogo_H_8","Net_H"
"479",478,0.185,0.01905,0.03765,0.7583,"Netlogo_H_8","Net_H"
"480",479,0.1852,0.01825,0.03855,0.758,"Netlogo_H_8","Net_H"
"481",480,0.18605,0.01725,0.0391,0.7576,"Netlogo_H_8","Net_H"
"482",481,0.1866,0.01735,0.03815,0.7579,"Netlogo_H_8","Net_H"
"483",482,0.1861,0.01895,0.03605,0.7589,"Netlogo_H_8","Net_H"
"484",483,0.186,0.0193,0.03585,0.75885,"Netlogo_H_8","Net_H"
"485",484,0.18575,0.02015,0.03555,0.75855,"Netlogo_H_8","Net_H"
"486",485,0.18405,0.02145,0.03505,0.75945,"Netlogo_H_8","Net_H"
"487",486,0.184,0.0217,0.03515,0.75915,"Netlogo_H_8","Net_H"
"488",487,0.1846,0.02125,0.0356,0.75855,"Netlogo_H_8","Net_H"
"489",488,0.1847,0.02155,0.03595,0.7578,"Netlogo_H_8","Net_H"
"490",489,0.1851,0.02065,0.0368,0.75745,"Netlogo_H_8","Net_H"
"491",490,0.1854,0.01975,0.03755,0.7573,"Netlogo_H_8","Net_H"
"492",491,0.1849,0.01955,0.0385,0.75705,"Netlogo_H_8","Net_H"
"493",492,0.184,0.0211,0.03735,0.75755,"Netlogo_H_8","Net_H"
"494",493,0.18345,0.02185,0.037,0.7577,"Netlogo_H_8","Net_H"
"495",494,0.1843,0.02055,0.03775,0.7574,"Netlogo_H_8","Net_H"
"496",495,0.1847,0.0206,0.0381,0.7566,"Netlogo_H_8","Net_H"
"497",496,0.1851,0.0206,0.0384,0.7559,"Netlogo_H_8","Net_H"
"498",497,0.1848,0.02105,0.03815,0.756,"Netlogo_H_8","Net_H"
"499",498,0.18465,0.02085,0.03885,0.75565,"Netlogo_H_8","Net_H"
"500",499,0.1836,0.0209,0.039,0.7565,"Netlogo_H_8","Net_H"
"501",500,0.1841,0.0214,0.0388,0.7557,"Netlogo_H_8","Net_H"
"502",501,0.18305,0.0225,0.039,0.75545,"Netlogo_H_8","Net_H"
"503",502,0.18285,0.02165,0.0403,0.7552,"Netlogo_H_8","Net_H"
"504",503,0.18215,0.02205,0.03995,0.75585,"Netlogo_H_8","Net_H"
"505",504,0.18225,0.02155,0.0396,0.7566,"Netlogo_H_8","Net_H"
"506",505,0.18145,0.02145,0.03965,0.75745,"Netlogo_H_8","Net_H"
"507",506,0.18155,0.0209,0.04045,0.7571,"Netlogo_H_8","Net_H"
"508",507,0.18205,0.0208,0.03965,0.7575,"Netlogo_H_8","Net_H"
"509",508,0.182,0.02225,0.0382,0.75755,"Netlogo_H_8","Net_H"
"510",509,0.18265,0.0212,0.03955,0.7566,"Netlogo_H_8","Net_H"
"511",510,0.18115,0.02255,0.0395,0.7568,"Netlogo_H_8","Net_H"
"512",511,0.18075,0.0221,0.0399,0.75725,"Netlogo_H_8","Net_H"
"513",512,0.18045,0.0217,0.0413,0.75655,"Netlogo_H_8","Net_H"
"514",513,0.18125,0.0209,0.0425,0.75535,"Netlogo_H_8","Net_H"
"515",514,0.17955,0.02375,0.04085,0.75585,"Netlogo_H_8","Net_H"
"516",515,0.17895,0.024,0.04075,0.7563,"Netlogo_H_8","Net_H"
"517",516,0.1794,0.0228,0.04145,0.75635,"Netlogo_H_8","Net_H"
"518",517,0.17905,0.02195,0.04145,0.75755,"Netlogo_H_8","Net_H"
"519",518,0.17825,0.02205,0.0411,0.7586,"Netlogo_H_8","Net_H"
"520",519,0.17885,0.0217,0.03995,0.7595,"Netlogo_H_8","Net_H"
"521",520,0.17955,0.02245,0.03985,0.75815,"Netlogo_H_8","Net_H"
"522",521,0.17935,0.02215,0.04055,0.75795,"Netlogo_H_8","Net_H"
"523",522,0.17825,0.02185,0.0401,0.7598,"Netlogo_H_8","Net_H"
"524",523,0.1774,0.0217,0.04005,0.76085,"Netlogo_H_8","Net_H"
"525",524,0.17655,0.02145,0.03965,0.76235,"Netlogo_H_8","Net_H"
"526",525,0.1761,0.0209,0.0405,0.7625,"Netlogo_H_8","Net_H"
"527",526,0.1765,0.02055,0.0417,0.76125,"Netlogo_H_8","Net_H"
"528",527,0.1758,0.02065,0.0414,0.76215,"Netlogo_H_8","Net_H"
"529",528,0.17505,0.0207,0.0412,0.76305,"Netlogo_H_8","Net_H"
"530",529,0.17565,0.0207,0.0415,0.76215,"Netlogo_H_8","Net_H"
"531",530,0.1759,0.0203,0.0405,0.7633,"Netlogo_H_8","Net_H"
"532",531,0.17675,0.01995,0.0397,0.7636,"Netlogo_H_8","Net_H"
"533",532,0.1773,0.01935,0.0396,0.76375,"Netlogo_H_8","Net_H"
"534",533,0.17815,0.0197,0.0378,0.76435,"Netlogo_H_8","Net_H"
"535",534,0.17925,0.01935,0.0372,0.7642,"Netlogo_H_8","Net_H"
"536",535,0.17955,0.01955,0.03765,0.76325,"Netlogo_H_8","Net_H"
"537",536,0.1796,0.0198,0.03655,0.76405,"Netlogo_H_8","Net_H"
"538",537,0.17995,0.01995,0.03575,0.76435,"Netlogo_H_8","Net_H"
"539",538,0.1789,0.0204,0.03555,0.76515,"Netlogo_H_8","Net_H"
"540",539,0.17885,0.0204,0.03565,0.7651,"Netlogo_H_8","Net_H"
"541",540,0.1795,0.0207,0.035,0.7648,"Netlogo_H_8","Net_H"
"542",541,0.179,0.02065,0.03545,0.7649,"Netlogo_H_8","Net_H"
"543",542,0.1794,0.01995,0.03675,0.7639,"Netlogo_H_8","Net_H"
"544",543,0.1802,0.02,0.0367,0.7631,"Netlogo_H_8","Net_H"
"545",544,0.17955,0.0204,0.0364,0.76365,"Netlogo_H_8","Net_H"
"546",545,0.1793,0.02065,0.03625,0.7638,"Netlogo_H_8","Net_H"
"547",546,0.1793,0.0203,0.03655,0.76385,"Netlogo_H_8","Net_H"
"548",547,0.1802,0.019,0.0378,0.763,"Netlogo_H_8","Net_H"
"549",548,0.1798,0.019,0.0379,0.7633,"Netlogo_H_8","Net_H"
"550",549,0.17955,0.01955,0.038,0.7629,"Netlogo_H_8","Net_H"
"551",550,0.1801,0.01935,0.0378,0.76275,"Netlogo_H_8","Net_H"
"552",551,0.17995,0.0192,0.0382,0.76265,"Netlogo_H_8","Net_H"
"553",552,0.1792,0.0199,0.0379,0.763,"Netlogo_H_8","Net_H"
"554",553,0.17895,0.02045,0.03795,0.76265,"Netlogo_H_8","Net_H"
"555",554,0.17875,0.0214,0.03735,0.7625,"Netlogo_H_8","Net_H"
"556",555,0.1779,0.02155,0.0381,0.76245,"Netlogo_H_8","Net_H"
"557",556,0.17845,0.02265,0.03755,0.76135,"Netlogo_H_8","Net_H"
"558",557,0.17725,0.0226,0.03785,0.7623,"Netlogo_H_8","Net_H"
"559",558,0.17735,0.02205,0.03805,0.76255,"Netlogo_H_8","Net_H"
"560",559,0.1772,0.02175,0.03845,0.7626,"Netlogo_H_8","Net_H"
"561",560,0.1789,0.0203,0.03885,0.76195,"Netlogo_H_8","Net_H"
"562",561,0.1788,0.0207,0.0394,0.7611,"Netlogo_H_8","Net_H"
"563",562,0.17985,0.0214,0.0383,0.76045,"Netlogo_H_8","Net_H"
"564",563,0.179,0.022,0.0386,0.7604,"Netlogo_H_8","Net_H"
"565",564,0.1798,0.02135,0.03875,0.7601,"Netlogo_H_8","Net_H"
"566",565,0.1804,0.02035,0.03945,0.7598,"Netlogo_H_8","Net_H"
"567",566,0.1808,0.0194,0.0405,0.7593,"Netlogo_H_8","Net_H"
"568",567,0.18045,0.02025,0.03955,0.75975,"Netlogo_H_8","Net_H"
"569",568,0.1808,0.02055,0.03895,0.7597,"Netlogo_H_8","Net_H"
"570",569,0.18185,0.02025,0.03765,0.76025,"Netlogo_H_8","Net_H"
"571",570,0.1813,0.0213,0.03685,0.76055,"Netlogo_H_8","Net_H"
"572",571,0.18125,0.0216,0.03615,0.761,"Netlogo_H_8","Net_H"
"573",572,0.18235,0.02035,0.03685,0.76045,"Netlogo_H_8","Net_H"
"574",573,0.1827,0.0195,0.03745,0.76035,"Netlogo_H_8","Net_H"
"575",574,0.1839,0.0195,0.0371,0.7595,"Netlogo_H_8","Net_H"
"576",575,0.18295,0.02015,0.03735,0.75955,"Netlogo_H_8","Net_H"
"577",576,0.18205,0.02035,0.0375,0.7601,"Netlogo_H_8","Net_H"
"578",577,0.18215,0.0208,0.0372,0.75985,"Netlogo_H_8","Net_H"
"579",578,0.1825,0.02055,0.03735,0.7596,"Netlogo_H_8","Net_H"
"580",579,0.182,0.02055,0.03745,0.76,"Netlogo_H_8","Net_H"
"581",580,0.1819,0.02025,0.0377,0.76015,"Netlogo_H_8","Net_H"
"582",581,0.1823,0.02025,0.0376,0.75985,"Netlogo_H_8","Net_H"
"583",582,0.18245,0.02065,0.03735,0.75955,"Netlogo_H_8","Net_H"
"584",583,0.1824,0.0206,0.03765,0.75935,"Netlogo_H_8","Net_H"
"585",584,0.18155,0.02145,0.0378,0.7592,"Netlogo_H_8","Net_H"
"586",585,0.18205,0.0214,0.0375,0.75905,"Netlogo_H_8","Net_H"
"587",586,0.1825,0.02085,0.03755,0.7591,"Netlogo_H_8","Net_H"
"588",587,0.18255,0.0207,0.03855,0.7582,"Netlogo_H_8","Net_H"
"589",588,0.18405,0.01975,0.039,0.7572,"Netlogo_H_8","Net_H"
"590",589,0.18385,0.01975,0.0393,0.7571,"Netlogo_H_8","Net_H"
"591",590,0.18455,0.02005,0.03895,0.75645,"Netlogo_H_8","Net_H"
"592",591,0.1843,0.02155,0.03825,0.7559,"Netlogo_H_8","Net_H"
"593",592,0.1842,0.02155,0.03805,0.7562,"Netlogo_H_8","Net_H"
"594",593,0.18335,0.02225,0.03865,0.75575,"Netlogo_H_8","Net_H"
"595",594,0.18365,0.02245,0.03915,0.75475,"Netlogo_H_8","Net_H"
"596",595,0.1829,0.0221,0.04045,0.75455,"Netlogo_H_8","Net_H"
"597",596,0.1826,0.0217,0.0409,0.7548,"Netlogo_H_8","Net_H"
"598",597,0.182,0.0211,0.0408,0.7561,"Netlogo_H_8","Net_H"
"599",598,0.18125,0.0216,0.0406,0.75655,"Netlogo_H_8","Net_H"
"600",599,0.18005,0.02265,0.0399,0.7574,"Netlogo_H_8","Net_H"
"601",600,0.17915,0.02265,0.04,0.7582,"Netlogo_H_8","Net_H"
"602",601,0.17855,0.02245,0.03935,0.75965,"Netlogo_H_8","Net_H"
"603",602,0.1775,0.02245,0.0408,0.75925,"Netlogo_H_8","Net_H"
"604",603,0.17715,0.0222,0.04005,0.7606,"Netlogo_H_8","Net_H"
"605",604,0.177,0.0224,0.04045,0.76015,"Netlogo_H_8","Net_H"
"606",605,0.17835,0.02085,0.0413,0.7595,"Netlogo_H_8","Net_H"
"607",606,0.17725,0.0223,0.04045,0.76,"Netlogo_H_8","Net_H"
"608",607,0.17585,0.0225,0.04045,0.7612,"Netlogo_H_8","Net_H"
"609",608,0.1752,0.023,0.04145,0.76035,"Netlogo_H_8","Net_H"
"610",609,0.1743,0.0233,0.04085,0.76155,"Netlogo_H_8","Net_H"
"611",610,0.1731,0.02445,0.03975,0.7627,"Netlogo_H_8","Net_H"
"612",611,0.17465,0.0227,0.04135,0.7613,"Netlogo_H_8","Net_H"
"613",612,0.17385,0.02195,0.043,0.7612,"Netlogo_H_8","Net_H"
"614",613,0.17335,0.02145,0.04345,0.76175,"Netlogo_H_8","Net_H"
"615",614,0.1732,0.0214,0.0426,0.7628,"Netlogo_H_8","Net_H"
"616",615,0.1746,0.02075,0.043,0.76165,"Netlogo_H_8","Net_H"
"617",616,0.1733,0.0217,0.04245,0.76255,"Netlogo_H_8","Net_H"
"618",617,0.1741,0.0221,0.0414,0.7624,"Netlogo_H_8","Net_H"
"619",618,0.17365,0.0221,0.0409,0.76335,"Netlogo_H_8","Net_H"
"620",619,0.1733,0.02245,0.04065,0.7636,"Netlogo_H_8","Net_H"
"621",620,0.1728,0.02255,0.0408,0.76385,"Netlogo_H_8","Net_H"
"622",621,0.17395,0.0224,0.0414,0.76225,"Netlogo_H_8","Net_H"
"623",622,0.1733,0.02215,0.04155,0.763,"Netlogo_H_8","Net_H"
"624",623,0.1738,0.02215,0.0406,0.76345,"Netlogo_H_8","Net_H"
"625",624,0.173,0.02275,0.0408,0.76345,"Netlogo_H_8","Net_H"
"626",625,0.17415,0.0228,0.04085,0.7622,"Netlogo_H_8","Net_H"
"627",626,0.1743,0.0223,0.0402,0.7632,"Netlogo_H_8","Net_H"
"628",627,0.1759,0.02115,0.04065,0.7623,"Netlogo_H_8","Net_H"
"629",628,0.1756,0.02155,0.0402,0.76265,"Netlogo_H_8","Net_H"
"630",629,0.17525,0.0213,0.0408,0.76265,"Netlogo_H_8","Net_H"
"631",630,0.1737,0.02255,0.0394,0.76435,"Netlogo_H_8","Net_H"
"632",631,0.17405,0.022,0.03955,0.7644,"Netlogo_H_8","Net_H"
"633",632,0.1751,0.0219,0.03955,0.76345,"Netlogo_H_8","Net_H"
"634",633,0.17495,0.0224,0.0399,0.76275,"Netlogo_H_8","Net_H"
"635",634,0.1747,0.0224,0.03995,0.76295,"Netlogo_H_8","Net_H"
"636",635,0.17425,0.02295,0.0401,0.7627,"Netlogo_H_8","Net_H"
"637",636,0.17345,0.023,0.041,0.76255,"Netlogo_H_8","Net_H"
"638",637,0.1734,0.0213,0.04105,0.76425,"Netlogo_H_8","Net_H"
"639",638,0.17325,0.02075,0.0412,0.7648,"Netlogo_H_8","Net_H"
"640",639,0.1726,0.021,0.04085,0.76555,"Netlogo_H_8","Net_H"
"641",640,0.1729,0.0221,0.0396,0.7654,"Netlogo_H_8","Net_H"
