"","step","S","E","I","R","simu","Langage"
"1",0,0.999,0,0.001,0,"Netlogo_H_20","Net_H"
"2",1,0.9982,8e-04,0.001,0,"Netlogo_H_20","Net_H"
"3",2,0.9971,0.0019,0.00065,0.00035,"Netlogo_H_20","Net_H"
"4",3,0.9968,0.0018,0.001,4e-04,"Netlogo_H_20","Net_H"
"5",4,0.9962,0.0018,0.0015,5e-04,"Netlogo_H_20","Net_H"
"6",5,0.99515,0.0023,0.00185,7e-04,"Netlogo_H_20","Net_H"
"7",6,0.99425,0.00275,0.0021,9e-04,"Netlogo_H_20","Net_H"
"8",7,0.99315,0.00335,0.0025,0.001,"Netlogo_H_20","Net_H"
"9",8,0.9911,0.0049,0.0027,0.0013,"Netlogo_H_20","Net_H"
"10",9,0.98875,0.00645,0.00345,0.00135,"Netlogo_H_20","Net_H"
"11",10,0.98615,0.00795,0.00425,0.00165,"Netlogo_H_20","Net_H"
"12",11,0.98325,0.00935,0.0054,0.002,"Netlogo_H_20","Net_H"
"13",12,0.98,0.01105,0.0063,0.00265,"Netlogo_H_20","Net_H"
"14",13,0.9761,0.0131,0.0075,0.0033,"Netlogo_H_20","Net_H"
"15",14,0.9714,0.0155,0.009,0.0041,"Netlogo_H_20","Net_H"
"16",15,0.9657,0.01845,0.01085,0.005,"Netlogo_H_20","Net_H"
"17",16,0.9581,0.02245,0.01365,0.0058,"Netlogo_H_20","Net_H"
"18",17,0.94815,0.0276,0.0172,0.00705,"Netlogo_H_20","Net_H"
"19",18,0.9377,0.0335,0.01995,0.00885,"Netlogo_H_20","Net_H"
"20",19,0.92385,0.04145,0.0237,0.011,"Netlogo_H_20","Net_H"
"21",20,0.9074,0.0502,0.029,0.0134,"Netlogo_H_20","Net_H"
"22",21,0.8879,0.06065,0.03555,0.0159,"Netlogo_H_20","Net_H"
"23",22,0.86595,0.0703,0.04405,0.0197,"Netlogo_H_20","Net_H"
"24",23,0.8396,0.0835,0.05215,0.02475,"Netlogo_H_20","Net_H"
"25",24,0.8091,0.0961,0.0642,0.0306,"Netlogo_H_20","Net_H"
"26",25,0.774,0.11275,0.0775,0.03575,"Netlogo_H_20","Net_H"
"27",26,0.7318,0.13405,0.09095,0.0432,"Netlogo_H_20","Net_H"
"28",27,0.68795,0.1537,0.1062,0.05215,"Netlogo_H_20","Net_H"
"29",28,0.6393,0.17075,0.1278,0.06215,"Netlogo_H_20","Net_H"
"30",29,0.5862,0.189,0.15005,0.07475,"Netlogo_H_20","Net_H"
"31",30,0.5293,0.2089,0.1715,0.0903,"Netlogo_H_20","Net_H"
"32",31,0.47285,0.22265,0.19695,0.10755,"Netlogo_H_20","Net_H"
"33",32,0.4134,0.23605,0.22155,0.129,"Netlogo_H_20","Net_H"
"34",33,0.3535,0.2444,0.2488,0.1533,"Netlogo_H_20","Net_H"
"35",34,0.2971,0.24905,0.2753,0.17855,"Netlogo_H_20","Net_H"
"36",35,0.24445,0.25005,0.2985,0.207,"Netlogo_H_20","Net_H"
"37",36,0.20195,0.23685,0.322,0.2392,"Netlogo_H_20","Net_H"
"38",37,0.1609,0.2224,0.34525,0.27145,"Netlogo_H_20","Net_H"
"39",38,0.1273,0.2042,0.36,0.3085,"Netlogo_H_20","Net_H"
"40",39,0.0995,0.1832,0.367,0.3503,"Netlogo_H_20","Net_H"
"41",40,0.0769,0.1623,0.3688,0.392,"Netlogo_H_20","Net_H"
"42",41,0.05985,0.13915,0.36575,0.43525,"Netlogo_H_20","Net_H"
"43",42,0.0476,0.1166,0.35805,0.47775,"Netlogo_H_20","Net_H"
"44",43,0.0387,0.0964,0.34435,0.52055,"Netlogo_H_20","Net_H"
"45",44,0.03245,0.08015,0.3284,0.559,"Netlogo_H_20","Net_H"
"46",45,0.0276,0.0651,0.3058,0.6015,"Netlogo_H_20","Net_H"
"47",46,0.0243,0.05255,0.2848,0.63835,"Netlogo_H_20","Net_H"
"48",47,0.02075,0.04355,0.2613,0.6744,"Netlogo_H_20","Net_H"
"49",48,0.0192,0.0359,0.2408,0.7041,"Netlogo_H_20","Net_H"
"50",49,0.01865,0.0296,0.21865,0.7331,"Netlogo_H_20","Net_H"
"51",50,0.01805,0.02515,0.1972,0.7596,"Netlogo_H_20","Net_H"
"52",51,0.0168,0.02075,0.17805,0.7844,"Netlogo_H_20","Net_H"
"53",52,0.01715,0.01795,0.1593,0.8056,"Netlogo_H_20","Net_H"
"54",53,0.01765,0.0147,0.144,0.82365,"Netlogo_H_20","Net_H"
"55",54,0.0184,0.0133,0.12925,0.83905,"Netlogo_H_20","Net_H"
"56",55,0.0188,0.012,0.1154,0.8538,"Netlogo_H_20","Net_H"
"57",56,0.02025,0.01035,0.1027,0.8667,"Netlogo_H_20","Net_H"
"58",57,0.02145,0.00885,0.09245,0.87725,"Netlogo_H_20","Net_H"
"59",58,0.0228,0.00775,0.08275,0.8867,"Netlogo_H_20","Net_H"
"60",59,0.0247,0.0075,0.07235,0.89545,"Netlogo_H_20","Net_H"
"61",60,0.0273,0.00665,0.06395,0.9021,"Netlogo_H_20","Net_H"
"62",61,0.0293,0.00575,0.05745,0.9075,"Netlogo_H_20","Net_H"
"63",62,0.03125,0.0048,0.0517,0.91225,"Netlogo_H_20","Net_H"
"64",63,0.03325,0.0045,0.0454,0.91685,"Netlogo_H_20","Net_H"
"65",64,0.03475,0.00475,0.0401,0.9204,"Netlogo_H_20","Net_H"
"66",65,0.03625,0.0048,0.03565,0.9233,"Netlogo_H_20","Net_H"
"67",66,0.03895,0.004,0.03185,0.9252,"Netlogo_H_20","Net_H"
"68",67,0.04145,0.0037,0.02825,0.9266,"Netlogo_H_20","Net_H"
"69",68,0.04435,0.0035,0.02585,0.9263,"Netlogo_H_20","Net_H"
"70",69,0.04685,0.0037,0.0235,0.92595,"Netlogo_H_20","Net_H"
"71",70,0.04845,0.00395,0.02125,0.92635,"Netlogo_H_20","Net_H"
"72",71,0.0504,0.00405,0.019,0.92655,"Netlogo_H_20","Net_H"
"73",72,0.05265,0.003,0.0172,0.92715,"Netlogo_H_20","Net_H"
"74",73,0.05525,0.00335,0.01555,0.92585,"Netlogo_H_20","Net_H"
"75",74,0.0575,0.00325,0.01385,0.9254,"Netlogo_H_20","Net_H"
"76",75,0.0598,0.0026,0.013,0.9246,"Netlogo_H_20","Net_H"
"77",76,0.06285,0.00245,0.0117,0.923,"Netlogo_H_20","Net_H"
"78",77,0.066,0.00215,0.01075,0.9211,"Netlogo_H_20","Net_H"
"79",78,0.06995,0.002,0.0099,0.91815,"Netlogo_H_20","Net_H"
"80",79,0.0726,0.00215,0.00885,0.9164,"Netlogo_H_20","Net_H"
"81",80,0.07545,0.0019,0.0083,0.91435,"Netlogo_H_20","Net_H"
"82",81,0.0775,0.0019,0.0075,0.9131,"Netlogo_H_20","Net_H"
"83",82,0.08005,0.00185,0.0068,0.9113,"Netlogo_H_20","Net_H"
"84",83,0.08285,0.00155,0.00605,0.90955,"Netlogo_H_20","Net_H"
"85",84,0.0856,0.00165,0.0055,0.90725,"Netlogo_H_20","Net_H"
"86",85,0.08845,0.00155,0.00515,0.90485,"Netlogo_H_20","Net_H"
"87",86,0.0913,0.0016,0.0047,0.9024,"Netlogo_H_20","Net_H"
"88",87,0.09375,0.00165,0.0045,0.9001,"Netlogo_H_20","Net_H"
"89",88,0.0965,0.0017,0.00395,0.89785,"Netlogo_H_20","Net_H"
"90",89,0.09925,0.00155,0.0037,0.8955,"Netlogo_H_20","Net_H"
"91",90,0.1022,0.00135,0.00345,0.893,"Netlogo_H_20","Net_H"
"92",91,0.10485,0.00145,0.00325,0.89045,"Netlogo_H_20","Net_H"
"93",92,0.10785,0.0014,0.0032,0.88755,"Netlogo_H_20","Net_H"
"94",93,0.1105,0.00105,0.00325,0.8852,"Netlogo_H_20","Net_H"
"95",94,0.1127,0.00085,0.0032,0.88325,"Netlogo_H_20","Net_H"
"96",95,0.1148,0.00105,0.0027,0.88145,"Netlogo_H_20","Net_H"
"97",96,0.11725,0.00075,0.00315,0.87885,"Netlogo_H_20","Net_H"
"98",97,0.11935,0.00085,0.00285,0.87695,"Netlogo_H_20","Net_H"
"99",98,0.12175,0.00105,0.00255,0.87465,"Netlogo_H_20","Net_H"
"100",99,0.124,0.00105,0.0022,0.87275,"Netlogo_H_20","Net_H"
"101",100,0.1268,0.0011,0.0022,0.8699,"Netlogo_H_20","Net_H"
"102",101,0.12885,0.00075,0.0023,0.8681,"Netlogo_H_20","Net_H"
"103",102,0.13125,0.00085,0.0023,0.8656,"Netlogo_H_20","Net_H"
"104",103,0.1336,0.00085,0.0022,0.86335,"Netlogo_H_20","Net_H"
"105",104,0.1355,0.00105,0.00195,0.8615,"Netlogo_H_20","Net_H"
"106",105,0.13805,0.00095,0.002,0.859,"Netlogo_H_20","Net_H"
"107",106,0.14035,0.00085,0.00185,0.85695,"Netlogo_H_20","Net_H"
"108",107,0.14305,6e-04,0.00205,0.8543,"Netlogo_H_20","Net_H"
"109",108,0.1453,0.00065,0.00195,0.8521,"Netlogo_H_20","Net_H"
"110",109,0.14755,7e-04,0.00185,0.8499,"Netlogo_H_20","Net_H"
"111",110,0.14975,0.00085,0.00165,0.84775,"Netlogo_H_20","Net_H"
"112",111,0.15245,0.00085,0.0016,0.8451,"Netlogo_H_20","Net_H"
"113",112,0.15575,0.001,0.0016,0.84165,"Netlogo_H_20","Net_H"
"114",113,0.15785,9e-04,0.0017,0.83955,"Netlogo_H_20","Net_H"
"115",114,0.1601,8e-04,0.0015,0.8376,"Netlogo_H_20","Net_H"
"116",115,0.16245,6e-04,0.0015,0.83545,"Netlogo_H_20","Net_H"
"117",116,0.16525,0.00045,0.00165,0.83265,"Netlogo_H_20","Net_H"
"118",117,0.1674,6e-04,0.0015,0.8305,"Netlogo_H_20","Net_H"
"119",118,0.1701,7e-04,0.00135,0.82785,"Netlogo_H_20","Net_H"
"120",119,0.1729,8e-04,0.00115,0.82515,"Netlogo_H_20","Net_H"
"121",120,0.17525,9e-04,0.0011,0.82275,"Netlogo_H_20","Net_H"
"122",121,0.1781,0.00095,0.0013,0.81965,"Netlogo_H_20","Net_H"
"123",122,0.1803,0.001,0.0014,0.8173,"Netlogo_H_20","Net_H"
"124",123,0.1821,0.00095,0.0015,0.81545,"Netlogo_H_20","Net_H"
"125",124,0.18475,0.00105,0.0015,0.8127,"Netlogo_H_20","Net_H"
"126",125,0.18655,0.001,0.00165,0.8108,"Netlogo_H_20","Net_H"
"127",126,0.18895,8e-04,0.00175,0.8085,"Netlogo_H_20","Net_H"
"128",127,0.19105,0.00075,0.00195,0.80625,"Netlogo_H_20","Net_H"
"129",128,0.1932,0.00075,0.0021,0.80395,"Netlogo_H_20","Net_H"
"130",129,0.19485,8e-04,0.0021,0.80225,"Netlogo_H_20","Net_H"
"131",130,0.197,0.00075,0.00195,0.8003,"Netlogo_H_20","Net_H"
"132",131,0.1986,0.0011,0.0018,0.7985,"Netlogo_H_20","Net_H"
"133",132,0.20075,0.0011,0.0015,0.79665,"Netlogo_H_20","Net_H"
"134",133,0.20225,0.00095,0.0017,0.7951,"Netlogo_H_20","Net_H"
"135",134,0.2046,0.0011,0.00145,0.79285,"Netlogo_H_20","Net_H"
"136",135,0.2061,0.0011,0.0015,0.7913,"Netlogo_H_20","Net_H"
"137",136,0.20755,0.00135,0.0015,0.7896,"Netlogo_H_20","Net_H"
"138",137,0.2093,0.00145,0.00165,0.7876,"Netlogo_H_20","Net_H"
"139",138,0.2111,0.0016,0.0017,0.7856,"Netlogo_H_20","Net_H"
"140",139,0.213,0.0013,0.0018,0.7839,"Netlogo_H_20","Net_H"
"141",140,0.2145,0.00125,0.0019,0.78235,"Netlogo_H_20","Net_H"
"142",141,0.2164,0.0015,0.0019,0.7802,"Netlogo_H_20","Net_H"
"143",142,0.218,0.00155,0.0019,0.77855,"Netlogo_H_20","Net_H"
"144",143,0.219,0.0015,0.0021,0.7774,"Netlogo_H_20","Net_H"
"145",144,0.22065,0.0015,0.00245,0.7754,"Netlogo_H_20","Net_H"
"146",145,0.2227,0.0018,0.00265,0.77285,"Netlogo_H_20","Net_H"
"147",146,0.22455,0.00195,0.00255,0.77095,"Netlogo_H_20","Net_H"
"148",147,0.227,0.0018,0.00255,0.76865,"Netlogo_H_20","Net_H"
"149",148,0.229,0.0016,0.0028,0.7666,"Netlogo_H_20","Net_H"
"150",149,0.2304,0.0017,0.003,0.7649,"Netlogo_H_20","Net_H"
"151",150,0.23195,0.0017,0.00305,0.7633,"Netlogo_H_20","Net_H"
"152",151,0.23355,0.0019,0.0028,0.76175,"Netlogo_H_20","Net_H"
"153",152,0.236,0.00205,0.0028,0.75915,"Netlogo_H_20","Net_H"
"154",153,0.238,0.00185,0.0031,0.75705,"Netlogo_H_20","Net_H"
"155",154,0.2408,0.00205,0.00335,0.7538,"Netlogo_H_20","Net_H"
"156",155,0.24235,0.00235,0.0034,0.7519,"Netlogo_H_20","Net_H"
"157",156,0.244,0.0023,0.0031,0.7506,"Netlogo_H_20","Net_H"
"158",157,0.2457,0.0022,0.0033,0.7488,"Netlogo_H_20","Net_H"
"159",158,0.2475,0.00255,0.00315,0.7468,"Netlogo_H_20","Net_H"
"160",159,0.2495,0.0025,0.00315,0.74485,"Netlogo_H_20","Net_H"
"161",160,0.2517,0.00215,0.0034,0.74275,"Netlogo_H_20","Net_H"
"162",161,0.2535,0.0022,0.0037,0.7406,"Netlogo_H_20","Net_H"
"163",162,0.2552,0.00265,0.00355,0.7386,"Netlogo_H_20","Net_H"
"164",163,0.25615,0.003,0.00355,0.7373,"Netlogo_H_20","Net_H"
"165",164,0.2577,0.0025,0.0039,0.7359,"Netlogo_H_20","Net_H"
"166",165,0.25875,0.0026,0.0041,0.73455,"Netlogo_H_20","Net_H"
"167",166,0.26065,0.0025,0.0041,0.73275,"Netlogo_H_20","Net_H"
"168",167,0.26155,0.0027,0.00415,0.7316,"Netlogo_H_20","Net_H"
"169",168,0.262,0.0037,0.00385,0.73045,"Netlogo_H_20","Net_H"
"170",169,0.2635,0.0034,0.0041,0.729,"Netlogo_H_20","Net_H"
"171",170,0.2649,0.00335,0.00475,0.727,"Netlogo_H_20","Net_H"
"172",171,0.26555,0.00385,0.00425,0.72635,"Netlogo_H_20","Net_H"
"173",172,0.2668,0.0035,0.0047,0.725,"Netlogo_H_20","Net_H"
"174",173,0.26795,0.0037,0.005,0.72335,"Netlogo_H_20","Net_H"
"175",174,0.26905,0.00335,0.0054,0.7222,"Netlogo_H_20","Net_H"
"176",175,0.2704,0.00375,0.0055,0.72035,"Netlogo_H_20","Net_H"
"177",176,0.2716,0.0041,0.00535,0.71895,"Netlogo_H_20","Net_H"
"178",177,0.27285,0.00415,0.0055,0.7175,"Netlogo_H_20","Net_H"
"179",178,0.2741,0.004,0.0062,0.7157,"Netlogo_H_20","Net_H"
"180",179,0.27455,0.0046,0.0062,0.71465,"Netlogo_H_20","Net_H"
"181",180,0.27555,0.0048,0.00635,0.7133,"Netlogo_H_20","Net_H"
"182",181,0.27655,0.005,0.00635,0.7121,"Netlogo_H_20","Net_H"
"183",182,0.27795,0.0051,0.00645,0.7105,"Netlogo_H_20","Net_H"
"184",183,0.27935,0.0047,0.00715,0.7088,"Netlogo_H_20","Net_H"
"185",184,0.27985,0.0054,0.00755,0.7072,"Netlogo_H_20","Net_H"
"186",185,0.27975,0.00565,0.00775,0.70685,"Netlogo_H_20","Net_H"
"187",186,0.2804,0.0059,0.00815,0.70555,"Netlogo_H_20","Net_H"
"188",187,0.2812,0.00635,0.0084,0.70405,"Netlogo_H_20","Net_H"
"189",188,0.28135,0.0069,0.0083,0.70345,"Netlogo_H_20","Net_H"
"190",189,0.2816,0.00735,0.0086,0.70245,"Netlogo_H_20","Net_H"
"191",190,0.28155,0.00785,0.00895,0.70165,"Netlogo_H_20","Net_H"
"192",191,0.28175,0.0075,0.0097,0.70105,"Netlogo_H_20","Net_H"
"193",192,0.2823,0.00765,0.01035,0.6997,"Netlogo_H_20","Net_H"
"194",193,0.2822,0.00795,0.01055,0.6993,"Netlogo_H_20","Net_H"
"195",194,0.28245,0.0079,0.01125,0.6984,"Netlogo_H_20","Net_H"
"196",195,0.28245,0.00865,0.01185,0.69705,"Netlogo_H_20","Net_H"
"197",196,0.28275,0.00905,0.01215,0.69605,"Netlogo_H_20","Net_H"
"198",197,0.28195,0.00925,0.0124,0.6964,"Netlogo_H_20","Net_H"
"199",198,0.28175,0.01015,0.0128,0.6953,"Netlogo_H_20","Net_H"
"200",199,0.2817,0.01095,0.0134,0.69395,"Netlogo_H_20","Net_H"
"201",200,0.282,0.01095,0.01405,0.693,"Netlogo_H_20","Net_H"
"202",201,0.2815,0.01105,0.01465,0.6928,"Netlogo_H_20","Net_H"
"203",202,0.2811,0.0109,0.01565,0.69235,"Netlogo_H_20","Net_H"
"204",203,0.27945,0.01195,0.0164,0.6922,"Netlogo_H_20","Net_H"
"205",204,0.2789,0.0124,0.0169,0.6918,"Netlogo_H_20","Net_H"
"206",205,0.27795,0.01215,0.018,0.6919,"Netlogo_H_20","Net_H"
"207",206,0.27655,0.01295,0.019,0.6915,"Netlogo_H_20","Net_H"
"208",207,0.2757,0.0136,0.0192,0.6915,"Netlogo_H_20","Net_H"
"209",208,0.27555,0.01295,0.02075,0.69075,"Netlogo_H_20","Net_H"
"210",209,0.27465,0.0136,0.02125,0.6905,"Netlogo_H_20","Net_H"
"211",210,0.27275,0.0151,0.02105,0.6911,"Netlogo_H_20","Net_H"
"212",211,0.27125,0.0163,0.02155,0.6909,"Netlogo_H_20","Net_H"
"213",212,0.2692,0.01725,0.0218,0.69175,"Netlogo_H_20","Net_H"
"214",213,0.26685,0.0173,0.02335,0.6925,"Netlogo_H_20","Net_H"
"215",214,0.2655,0.01715,0.0252,0.69215,"Netlogo_H_20","Net_H"
"216",215,0.26235,0.01825,0.02665,0.69275,"Netlogo_H_20","Net_H"
"217",216,0.2604,0.01905,0.0276,0.69295,"Netlogo_H_20","Net_H"
"218",217,0.25795,0.0194,0.0293,0.69335,"Netlogo_H_20","Net_H"
"219",218,0.2552,0.02055,0.02975,0.6945,"Netlogo_H_20","Net_H"
"220",219,0.25235,0.0213,0.03085,0.6955,"Netlogo_H_20","Net_H"
"221",220,0.25025,0.0215,0.0315,0.69675,"Netlogo_H_20","Net_H"
"222",221,0.2474,0.0223,0.03195,0.69835,"Netlogo_H_20","Net_H"
"223",222,0.2446,0.0228,0.0338,0.6988,"Netlogo_H_20","Net_H"
"224",223,0.24095,0.02445,0.03475,0.69985,"Netlogo_H_20","Net_H"
"225",224,0.2371,0.02535,0.0353,0.70225,"Netlogo_H_20","Net_H"
"226",225,0.23395,0.0249,0.0372,0.70395,"Netlogo_H_20","Net_H"
"227",226,0.231,0.02495,0.0382,0.70585,"Netlogo_H_20","Net_H"
"228",227,0.22695,0.0251,0.0394,0.70855,"Netlogo_H_20","Net_H"
"229",228,0.2229,0.0267,0.03895,0.71145,"Netlogo_H_20","Net_H"
"230",229,0.21995,0.02655,0.0401,0.7134,"Netlogo_H_20","Net_H"
"231",230,0.216,0.0269,0.0414,0.7157,"Netlogo_H_20","Net_H"
"232",231,0.21315,0.0262,0.04275,0.7179,"Netlogo_H_20","Net_H"
"233",232,0.2095,0.026,0.04445,0.72005,"Netlogo_H_20","Net_H"
"234",233,0.2056,0.0278,0.0438,0.7228,"Netlogo_H_20","Net_H"
"235",234,0.20285,0.0274,0.0445,0.72525,"Netlogo_H_20","Net_H"
"236",235,0.19895,0.02655,0.04615,0.72835,"Netlogo_H_20","Net_H"
"237",236,0.19465,0.0285,0.04655,0.7303,"Netlogo_H_20","Net_H"
"238",237,0.1913,0.02955,0.0471,0.73205,"Netlogo_H_20","Net_H"
"239",238,0.18865,0.02825,0.0488,0.7343,"Netlogo_H_20","Net_H"
"240",239,0.18505,0.0285,0.04975,0.7367,"Netlogo_H_20","Net_H"
"241",240,0.1821,0.02805,0.04955,0.7403,"Netlogo_H_20","Net_H"
"242",241,0.17955,0.02755,0.0503,0.7426,"Netlogo_H_20","Net_H"
"243",242,0.17665,0.02695,0.05,0.7464,"Netlogo_H_20","Net_H"
"244",243,0.17355,0.02635,0.0506,0.7495,"Netlogo_H_20","Net_H"
"245",244,0.171,0.0278,0.04935,0.75185,"Netlogo_H_20","Net_H"
"246",245,0.16795,0.0266,0.05005,0.7554,"Netlogo_H_20","Net_H"
"247",246,0.16455,0.0271,0.04895,0.7594,"Netlogo_H_20","Net_H"
"248",247,0.16165,0.0274,0.04845,0.7625,"Netlogo_H_20","Net_H"
"249",248,0.1605,0.02625,0.0477,0.76555,"Netlogo_H_20","Net_H"
"250",249,0.1582,0.0245,0.0473,0.77,"Netlogo_H_20","Net_H"
"251",250,0.15675,0.02445,0.04535,0.77345,"Netlogo_H_20","Net_H"
"252",251,0.1549,0.02255,0.04635,0.7762,"Netlogo_H_20","Net_H"
"253",252,0.1537,0.02205,0.0454,0.77885,"Netlogo_H_20","Net_H"
"254",253,0.1522,0.02225,0.0443,0.78125,"Netlogo_H_20","Net_H"
"255",254,0.15085,0.02225,0.044,0.7829,"Netlogo_H_20","Net_H"
"256",255,0.1495,0.02135,0.04335,0.7858,"Netlogo_H_20","Net_H"
"257",256,0.14885,0.02015,0.04435,0.78665,"Netlogo_H_20","Net_H"
"258",257,0.1481,0.0206,0.0429,0.7884,"Netlogo_H_20","Net_H"
"259",258,0.14755,0.0198,0.04105,0.7916,"Netlogo_H_20","Net_H"
"260",259,0.1474,0.01885,0.04125,0.7925,"Netlogo_H_20","Net_H"
"261",260,0.1457,0.01915,0.0404,0.79475,"Netlogo_H_20","Net_H"
"262",261,0.14545,0.01875,0.03955,0.79625,"Netlogo_H_20","Net_H"
"263",262,0.1451,0.0188,0.03925,0.79685,"Netlogo_H_20","Net_H"
"264",263,0.1446,0.01765,0.0385,0.79925,"Netlogo_H_20","Net_H"
"265",264,0.14335,0.01795,0.03875,0.79995,"Netlogo_H_20","Net_H"
"266",265,0.14445,0.0172,0.0378,0.80055,"Netlogo_H_20","Net_H"
"267",266,0.14385,0.017,0.03775,0.8014,"Netlogo_H_20","Net_H"
"268",267,0.14415,0.01695,0.03625,0.80265,"Netlogo_H_20","Net_H"
"269",268,0.1437,0.0166,0.0357,0.804,"Netlogo_H_20","Net_H"
"270",269,0.1427,0.01695,0.03475,0.8056,"Netlogo_H_20","Net_H"
"271",270,0.1437,0.0168,0.03365,0.80585,"Netlogo_H_20","Net_H"
"272",271,0.1447,0.01625,0.03295,0.8061,"Netlogo_H_20","Net_H"
"273",272,0.1456,0.0157,0.0319,0.8068,"Netlogo_H_20","Net_H"
"274",273,0.1466,0.0151,0.032,0.8063,"Netlogo_H_20","Net_H"
"275",274,0.14735,0.01485,0.0323,0.8055,"Netlogo_H_20","Net_H"
"276",275,0.1478,0.0153,0.03165,0.80525,"Netlogo_H_20","Net_H"
"277",276,0.1494,0.0149,0.03085,0.80485,"Netlogo_H_20","Net_H"
"278",277,0.1496,0.0151,0.02975,0.80555,"Netlogo_H_20","Net_H"
"279",278,0.15125,0.0143,0.0293,0.80515,"Netlogo_H_20","Net_H"
"280",279,0.1512,0.0146,0.0286,0.8056,"Netlogo_H_20","Net_H"
"281",280,0.1527,0.0146,0.02815,0.80455,"Netlogo_H_20","Net_H"
"282",281,0.15365,0.01505,0.0269,0.8044,"Netlogo_H_20","Net_H"
"283",282,0.1551,0.01435,0.027,0.80355,"Netlogo_H_20","Net_H"
"284",283,0.1565,0.0143,0.0263,0.8029,"Netlogo_H_20","Net_H"
"285",284,0.1576,0.0136,0.0264,0.8024,"Netlogo_H_20","Net_H"
"286",285,0.15885,0.0135,0.0263,0.80135,"Netlogo_H_20","Net_H"
"287",286,0.15955,0.01355,0.026,0.8009,"Netlogo_H_20","Net_H"
"288",287,0.16055,0.01365,0.02565,0.80015,"Netlogo_H_20","Net_H"
"289",288,0.16105,0.0135,0.0259,0.79955,"Netlogo_H_20","Net_H"
"290",289,0.16285,0.01355,0.0256,0.798,"Netlogo_H_20","Net_H"
"291",290,0.1653,0.0136,0.0256,0.7955,"Netlogo_H_20","Net_H"
"292",291,0.16785,0.0128,0.0258,0.79355,"Netlogo_H_20","Net_H"
"293",292,0.16865,0.01245,0.02625,0.79265,"Netlogo_H_20","Net_H"
"294",293,0.17095,0.0125,0.02625,0.7903,"Netlogo_H_20","Net_H"
"295",294,0.17155,0.0129,0.02595,0.7896,"Netlogo_H_20","Net_H"
"296",295,0.1725,0.0124,0.026,0.7891,"Netlogo_H_20","Net_H"
"297",296,0.1741,0.0119,0.0256,0.7884,"Netlogo_H_20","Net_H"
"298",297,0.17495,0.01295,0.0246,0.7875,"Netlogo_H_20","Net_H"
"299",298,0.1764,0.01285,0.02445,0.7863,"Netlogo_H_20","Net_H"
"300",299,0.17655,0.01375,0.02425,0.78545,"Netlogo_H_20","Net_H"
"301",300,0.17795,0.0143,0.025,0.78275,"Netlogo_H_20","Net_H"
"302",301,0.17835,0.0141,0.02505,0.7825,"Netlogo_H_20","Net_H"
"303",302,0.17985,0.0142,0.0249,0.78105,"Netlogo_H_20","Net_H"
"304",303,0.17995,0.0146,0.02465,0.7808,"Netlogo_H_20","Net_H"
"305",304,0.18045,0.0149,0.02565,0.779,"Netlogo_H_20","Net_H"
"306",305,0.18235,0.01395,0.026,0.7777,"Netlogo_H_20","Net_H"
"307",306,0.1835,0.013,0.0266,0.7769,"Netlogo_H_20","Net_H"
"308",307,0.1844,0.01325,0.0262,0.77615,"Netlogo_H_20","Net_H"
"309",308,0.18595,0.0133,0.02615,0.7746,"Netlogo_H_20","Net_H"
"310",309,0.1862,0.0137,0.02625,0.77385,"Netlogo_H_20","Net_H"
"311",310,0.187,0.0148,0.0251,0.7731,"Netlogo_H_20","Net_H"
"312",311,0.1871,0.01525,0.02465,0.773,"Netlogo_H_20","Net_H"
"313",312,0.18745,0.01525,0.0257,0.7716,"Netlogo_H_20","Net_H"
"314",313,0.18795,0.0154,0.02645,0.7702,"Netlogo_H_20","Net_H"
"315",314,0.189,0.01505,0.02675,0.7692,"Netlogo_H_20","Net_H"
"316",315,0.1884,0.0163,0.02665,0.76865,"Netlogo_H_20","Net_H"
"317",316,0.18905,0.0168,0.0265,0.76765,"Netlogo_H_20","Net_H"
"318",317,0.19135,0.01615,0.0263,0.7662,"Netlogo_H_20","Net_H"
"319",318,0.192,0.01605,0.02765,0.7643,"Netlogo_H_20","Net_H"
"320",319,0.19305,0.0157,0.0284,0.76285,"Netlogo_H_20","Net_H"
"321",320,0.19335,0.01545,0.0291,0.7621,"Netlogo_H_20","Net_H"
"322",321,0.19365,0.0169,0.02805,0.7614,"Netlogo_H_20","Net_H"
"323",322,0.19485,0.01645,0.02815,0.76055,"Netlogo_H_20","Net_H"
"324",323,0.19585,0.01665,0.02805,0.75945,"Netlogo_H_20","Net_H"
"325",324,0.19655,0.0167,0.0283,0.75845,"Netlogo_H_20","Net_H"
"326",325,0.1979,0.01555,0.02865,0.7579,"Netlogo_H_20","Net_H"
"327",326,0.1977,0.01565,0.02865,0.758,"Netlogo_H_20","Net_H"
"328",327,0.1985,0.01625,0.028,0.75725,"Netlogo_H_20","Net_H"
"329",328,0.1985,0.0162,0.02855,0.75675,"Netlogo_H_20","Net_H"
"330",329,0.1997,0.01615,0.0289,0.75525,"Netlogo_H_20","Net_H"
"331",330,0.1996,0.01745,0.02885,0.7541,"Netlogo_H_20","Net_H"
"332",331,0.19985,0.01845,0.0292,0.7525,"Netlogo_H_20","Net_H"
"333",332,0.2007,0.01715,0.0304,0.75175,"Netlogo_H_20","Net_H"
"334",333,0.20145,0.01705,0.03105,0.75045,"Netlogo_H_20","Net_H"
"335",334,0.2012,0.01805,0.03175,0.749,"Netlogo_H_20","Net_H"
"336",335,0.2013,0.0181,0.0317,0.7489,"Netlogo_H_20","Net_H"
"337",336,0.201,0.0186,0.0315,0.7489,"Netlogo_H_20","Net_H"
"338",337,0.20085,0.0186,0.03155,0.749,"Netlogo_H_20","Net_H"
"339",338,0.2013,0.01845,0.03195,0.7483,"Netlogo_H_20","Net_H"
"340",339,0.20175,0.0184,0.0333,0.74655,"Netlogo_H_20","Net_H"
"341",340,0.20235,0.0191,0.03315,0.7454,"Netlogo_H_20","Net_H"
"342",341,0.20105,0.0198,0.03345,0.7457,"Netlogo_H_20","Net_H"
"343",342,0.2022,0.0197,0.0336,0.7445,"Netlogo_H_20","Net_H"
"344",343,0.20315,0.01985,0.0345,0.7425,"Netlogo_H_20","Net_H"
"345",344,0.20405,0.01935,0.0348,0.7418,"Netlogo_H_20","Net_H"
"346",345,0.20285,0.02025,0.03575,0.74115,"Netlogo_H_20","Net_H"
"347",346,0.202,0.0206,0.03615,0.74125,"Netlogo_H_20","Net_H"
"348",347,0.20085,0.02105,0.03685,0.74125,"Netlogo_H_20","Net_H"
"349",348,0.19905,0.02165,0.03655,0.74275,"Netlogo_H_20","Net_H"
"350",349,0.19965,0.02065,0.03755,0.74215,"Netlogo_H_20","Net_H"
"351",350,0.1981,0.02115,0.03815,0.7426,"Netlogo_H_20","Net_H"
"352",351,0.1979,0.02015,0.03815,0.7438,"Netlogo_H_20","Net_H"
"353",352,0.1967,0.02135,0.03825,0.7437,"Netlogo_H_20","Net_H"
"354",353,0.1958,0.02155,0.03805,0.7446,"Netlogo_H_20","Net_H"
"355",354,0.1947,0.0228,0.03755,0.74495,"Netlogo_H_20","Net_H"
"356",355,0.19495,0.0231,0.03735,0.7446,"Netlogo_H_20","Net_H"
"357",356,0.19445,0.02285,0.0385,0.7442,"Netlogo_H_20","Net_H"
"358",357,0.1942,0.02365,0.03785,0.7443,"Netlogo_H_20","Net_H"
"359",358,0.19445,0.02295,0.03805,0.74455,"Netlogo_H_20","Net_H"
"360",359,0.19365,0.02345,0.0384,0.7445,"Netlogo_H_20","Net_H"
"361",360,0.19315,0.0232,0.03925,0.7444,"Netlogo_H_20","Net_H"
"362",361,0.1931,0.02305,0.0393,0.74455,"Netlogo_H_20","Net_H"
"363",362,0.19305,0.02165,0.04035,0.74495,"Netlogo_H_20","Net_H"
"364",363,0.1913,0.02315,0.04035,0.7452,"Netlogo_H_20","Net_H"
"365",364,0.18945,0.02405,0.04035,0.74615,"Netlogo_H_20","Net_H"
"366",365,0.1879,0.02445,0.03995,0.7477,"Netlogo_H_20","Net_H"
"367",366,0.1867,0.0253,0.03945,0.74855,"Netlogo_H_20","Net_H"
"368",367,0.18665,0.02425,0.04015,0.74895,"Netlogo_H_20","Net_H"
"369",368,0.1864,0.02315,0.0421,0.74835,"Netlogo_H_20","Net_H"
"370",369,0.1843,0.024,0.0423,0.7494,"Netlogo_H_20","Net_H"
"371",370,0.1832,0.024,0.04255,0.75025,"Netlogo_H_20","Net_H"
"372",371,0.1819,0.02505,0.0419,0.75115,"Netlogo_H_20","Net_H"
"373",372,0.18285,0.0234,0.0436,0.75015,"Netlogo_H_20","Net_H"
"374",373,0.1822,0.02275,0.0445,0.75055,"Netlogo_H_20","Net_H"
"375",374,0.18095,0.02325,0.0446,0.7512,"Netlogo_H_20","Net_H"
"376",375,0.18,0.02415,0.0429,0.75295,"Netlogo_H_20","Net_H"
"377",376,0.1795,0.02375,0.04275,0.754,"Netlogo_H_20","Net_H"
"378",377,0.1793,0.02415,0.0421,0.75445,"Netlogo_H_20","Net_H"
"379",378,0.1784,0.0236,0.04285,0.75515,"Netlogo_H_20","Net_H"
"380",379,0.1777,0.02365,0.04275,0.7559,"Netlogo_H_20","Net_H"
"381",380,0.177,0.02365,0.043,0.75635,"Netlogo_H_20","Net_H"
"382",381,0.1761,0.0229,0.0432,0.7578,"Netlogo_H_20","Net_H"
"383",382,0.1761,0.02345,0.04325,0.7572,"Netlogo_H_20","Net_H"
"384",383,0.17505,0.02375,0.0437,0.7575,"Netlogo_H_20","Net_H"
"385",384,0.174,0.02345,0.0432,0.75935,"Netlogo_H_20","Net_H"
"386",385,0.1734,0.0233,0.043,0.7603,"Netlogo_H_20","Net_H"
"387",386,0.1726,0.02315,0.04285,0.7614,"Netlogo_H_20","Net_H"
"388",387,0.1707,0.02385,0.04235,0.7631,"Netlogo_H_20","Net_H"
"389",388,0.1707,0.0232,0.04235,0.76375,"Netlogo_H_20","Net_H"
"390",389,0.1701,0.0245,0.0414,0.764,"Netlogo_H_20","Net_H"
"391",390,0.1698,0.0236,0.04135,0.76525,"Netlogo_H_20","Net_H"
"392",391,0.16855,0.0236,0.04185,0.766,"Netlogo_H_20","Net_H"
"393",392,0.1692,0.02345,0.04185,0.7655,"Netlogo_H_20","Net_H"
"394",393,0.17,0.0223,0.04185,0.76585,"Netlogo_H_20","Net_H"
"395",394,0.1687,0.0225,0.04255,0.76625,"Netlogo_H_20","Net_H"
"396",395,0.1685,0.02325,0.04195,0.7663,"Netlogo_H_20","Net_H"
"397",396,0.1685,0.02235,0.0426,0.76655,"Netlogo_H_20","Net_H"
"398",397,0.1687,0.02225,0.04165,0.7674,"Netlogo_H_20","Net_H"
"399",398,0.1678,0.02205,0.0428,0.76735,"Netlogo_H_20","Net_H"
"400",399,0.16855,0.02125,0.04295,0.76725,"Netlogo_H_20","Net_H"
"401",400,0.1677,0.0211,0.04165,0.76955,"Netlogo_H_20","Net_H"
"402",401,0.1678,0.02075,0.0407,0.77075,"Netlogo_H_20","Net_H"
"403",402,0.16785,0.02165,0.0395,0.771,"Netlogo_H_20","Net_H"
"404",403,0.16805,0.02125,0.03855,0.77215,"Netlogo_H_20","Net_H"
"405",404,0.16895,0.02045,0.03905,0.77155,"Netlogo_H_20","Net_H"
"406",405,0.16985,0.01985,0.0392,0.7711,"Netlogo_H_20","Net_H"
"407",406,0.1717,0.0186,0.03925,0.77045,"Netlogo_H_20","Net_H"
"408",407,0.1705,0.0196,0.03835,0.77155,"Netlogo_H_20","Net_H"
"409",408,0.17105,0.01985,0.0373,0.7718,"Netlogo_H_20","Net_H"
"410",409,0.17125,0.0199,0.037,0.77185,"Netlogo_H_20","Net_H"
"411",410,0.17245,0.0201,0.0367,0.77075,"Netlogo_H_20","Net_H"
"412",411,0.17165,0.02105,0.03645,0.77085,"Netlogo_H_20","Net_H"
"413",412,0.17165,0.02135,0.0358,0.7712,"Netlogo_H_20","Net_H"
"414",413,0.1721,0.0213,0.0366,0.77,"Netlogo_H_20","Net_H"
"415",414,0.1725,0.02085,0.03735,0.7693,"Netlogo_H_20","Net_H"
"416",415,0.17355,0.0195,0.0387,0.76825,"Netlogo_H_20","Net_H"
"417",416,0.17495,0.0186,0.039,0.76745,"Netlogo_H_20","Net_H"
"418",417,0.17515,0.0195,0.0377,0.76765,"Netlogo_H_20","Net_H"
"419",418,0.174,0.01925,0.03825,0.7685,"Netlogo_H_20","Net_H"
"420",419,0.17355,0.02045,0.038,0.768,"Netlogo_H_20","Net_H"
"421",420,0.1741,0.02025,0.0373,0.76835,"Netlogo_H_20","Net_H"
"422",421,0.17445,0.0198,0.0371,0.76865,"Netlogo_H_20","Net_H"
"423",422,0.174,0.02,0.0371,0.7689,"Netlogo_H_20","Net_H"
"424",423,0.1745,0.01975,0.03765,0.7681,"Netlogo_H_20","Net_H"
"425",424,0.1749,0.0196,0.0375,0.768,"Netlogo_H_20","Net_H"
"426",425,0.17625,0.01955,0.0363,0.7679,"Netlogo_H_20","Net_H"
"427",426,0.17715,0.01895,0.03615,0.76775,"Netlogo_H_20","Net_H"
"428",427,0.17765,0.0189,0.03575,0.7677,"Netlogo_H_20","Net_H"
"429",428,0.17725,0.01935,0.036,0.7674,"Netlogo_H_20","Net_H"
"430",429,0.1758,0.02045,0.03635,0.7674,"Netlogo_H_20","Net_H"
"431",430,0.1765,0.02095,0.03535,0.7672,"Netlogo_H_20","Net_H"
"432",431,0.1765,0.02045,0.03615,0.7669,"Netlogo_H_20","Net_H"
"433",432,0.1772,0.0193,0.03645,0.76705,"Netlogo_H_20","Net_H"
"434",433,0.1781,0.01875,0.03715,0.766,"Netlogo_H_20","Net_H"
"435",434,0.17835,0.01875,0.03765,0.76525,"Netlogo_H_20","Net_H"
"436",435,0.17915,0.01885,0.03805,0.76395,"Netlogo_H_20","Net_H"
"437",436,0.1794,0.0204,0.03655,0.76365,"Netlogo_H_20","Net_H"
"438",437,0.17905,0.02065,0.037,0.7633,"Netlogo_H_20","Net_H"
"439",438,0.1788,0.02205,0.036,0.76315,"Netlogo_H_20","Net_H"
"440",439,0.17785,0.0214,0.0373,0.76345,"Netlogo_H_20","Net_H"
"441",440,0.17815,0.02015,0.0383,0.7634,"Netlogo_H_20","Net_H"
"442",441,0.1784,0.0204,0.038,0.7632,"Netlogo_H_20","Net_H"
"443",442,0.1784,0.02025,0.03855,0.7628,"Netlogo_H_20","Net_H"
"444",443,0.1789,0.0201,0.03855,0.76245,"Netlogo_H_20","Net_H"
"445",444,0.1793,0.0201,0.0381,0.7625,"Netlogo_H_20","Net_H"
"446",445,0.17955,0.019,0.03855,0.7629,"Netlogo_H_20","Net_H"
"447",446,0.1801,0.0188,0.03845,0.76265,"Netlogo_H_20","Net_H"
"448",447,0.18085,0.0188,0.0378,0.76255,"Netlogo_H_20","Net_H"
"449",448,0.18125,0.0183,0.0374,0.76305,"Netlogo_H_20","Net_H"
"450",449,0.18075,0.01875,0.03545,0.76505,"Netlogo_H_20","Net_H"
"451",450,0.18015,0.0199,0.0354,0.76455,"Netlogo_H_20","Net_H"
"452",451,0.1811,0.0199,0.0356,0.7634,"Netlogo_H_20","Net_H"
"453",452,0.18085,0.01995,0.03575,0.76345,"Netlogo_H_20","Net_H"
"454",453,0.18145,0.01935,0.03595,0.76325,"Netlogo_H_20","Net_H"
"455",454,0.18045,0.0213,0.03475,0.7635,"Netlogo_H_20","Net_H"
"456",455,0.1806,0.02145,0.0347,0.76325,"Netlogo_H_20","Net_H"
"457",456,0.1809,0.0217,0.0346,0.7628,"Netlogo_H_20","Net_H"
"458",457,0.1811,0.02045,0.0353,0.76315,"Netlogo_H_20","Net_H"
"459",458,0.1816,0.0187,0.03585,0.76385,"Netlogo_H_20","Net_H"
"460",459,0.1828,0.01875,0.03595,0.7625,"Netlogo_H_20","Net_H"
"461",460,0.1838,0.0194,0.0356,0.7612,"Netlogo_H_20","Net_H"
"462",461,0.18415,0.01935,0.03505,0.76145,"Netlogo_H_20","Net_H"
"463",462,0.1849,0.01935,0.0353,0.76045,"Netlogo_H_20","Net_H"
"464",463,0.1854,0.0191,0.0363,0.7592,"Netlogo_H_20","Net_H"
"465",464,0.18575,0.0202,0.03535,0.7587,"Netlogo_H_20","Net_H"
"466",465,0.18705,0.02,0.03545,0.7575,"Netlogo_H_20","Net_H"
"467",466,0.18685,0.0203,0.0359,0.75695,"Netlogo_H_20","Net_H"
"468",467,0.1865,0.0202,0.0361,0.7572,"Netlogo_H_20","Net_H"
"469",468,0.1864,0.02015,0.03715,0.7563,"Netlogo_H_20","Net_H"
"470",469,0.18745,0.02055,0.0361,0.7559,"Netlogo_H_20","Net_H"
"471",470,0.18725,0.0209,0.03645,0.7554,"Netlogo_H_20","Net_H"
"472",471,0.18705,0.021,0.0368,0.75515,"Netlogo_H_20","Net_H"
"473",472,0.1857,0.02065,0.03785,0.7558,"Netlogo_H_20","Net_H"
"474",473,0.18555,0.02155,0.03695,0.75595,"Netlogo_H_20","Net_H"
"475",474,0.18525,0.021,0.0378,0.75595,"Netlogo_H_20","Net_H"
"476",475,0.18575,0.02105,0.03655,0.75665,"Netlogo_H_20","Net_H"
"477",476,0.18535,0.01955,0.03805,0.75705,"Netlogo_H_20","Net_H"
"478",477,0.1853,0.02005,0.0378,0.75685,"Netlogo_H_20","Net_H"
"479",478,0.18605,0.02005,0.037,0.7569,"Netlogo_H_20","Net_H"
"480",479,0.18495,0.0207,0.03695,0.7574,"Netlogo_H_20","Net_H"
"481",480,0.18425,0.022,0.03585,0.7579,"Netlogo_H_20","Net_H"
"482",481,0.184,0.0221,0.03485,0.75905,"Netlogo_H_20","Net_H"
"483",482,0.18445,0.02105,0.0354,0.7591,"Netlogo_H_20","Net_H"
"484",483,0.1835,0.02155,0.03495,0.76,"Netlogo_H_20","Net_H"
"485",484,0.18295,0.0214,0.0358,0.75985,"Netlogo_H_20","Net_H"
"486",485,0.1832,0.0211,0.03545,0.76025,"Netlogo_H_20","Net_H"
"487",486,0.18365,0.02075,0.03565,0.75995,"Netlogo_H_20","Net_H"
"488",487,0.18255,0.0211,0.03645,0.7599,"Netlogo_H_20","Net_H"
"489",488,0.18315,0.02015,0.03715,0.75955,"Netlogo_H_20","Net_H"
"490",489,0.18355,0.0202,0.03755,0.7587,"Netlogo_H_20","Net_H"
"491",490,0.1838,0.02045,0.037,0.75875,"Netlogo_H_20","Net_H"
"492",491,0.1835,0.01975,0.0381,0.75865,"Netlogo_H_20","Net_H"
"493",492,0.1835,0.0199,0.0384,0.7582,"Netlogo_H_20","Net_H"
"494",493,0.18305,0.01945,0.03785,0.75965,"Netlogo_H_20","Net_H"
"495",494,0.18315,0.01955,0.0372,0.7601,"Netlogo_H_20","Net_H"
"496",495,0.1838,0.0193,0.03645,0.76045,"Netlogo_H_20","Net_H"
"497",496,0.1844,0.01835,0.03645,0.7608,"Netlogo_H_20","Net_H"
"498",497,0.1842,0.01825,0.0363,0.76125,"Netlogo_H_20","Net_H"
"499",498,0.1847,0.0188,0.03625,0.76025,"Netlogo_H_20","Net_H"
"500",499,0.18315,0.02075,0.0352,0.7609,"Netlogo_H_20","Net_H"
"501",500,0.18325,0.0202,0.0361,0.76045,"Netlogo_H_20","Net_H"
"502",501,0.18295,0.0197,0.0363,0.76105,"Netlogo_H_20","Net_H"
"503",502,0.18165,0.02025,0.03715,0.76095,"Netlogo_H_20","Net_H"
"504",503,0.18215,0.02025,0.0358,0.7618,"Netlogo_H_20","Net_H"
"505",504,0.1814,0.02025,0.0371,0.76125,"Netlogo_H_20","Net_H"
"506",505,0.18295,0.01925,0.03755,0.76025,"Netlogo_H_20","Net_H"
"507",506,0.18245,0.0199,0.03765,0.76,"Netlogo_H_20","Net_H"
"508",507,0.18245,0.01985,0.03725,0.76045,"Netlogo_H_20","Net_H"
"509",508,0.18265,0.02,0.0372,0.76015,"Netlogo_H_20","Net_H"
"510",509,0.1821,0.02055,0.03745,0.7599,"Netlogo_H_20","Net_H"
"511",510,0.1816,0.0208,0.03765,0.75995,"Netlogo_H_20","Net_H"
"512",511,0.18065,0.0216,0.03775,0.76,"Netlogo_H_20","Net_H"
"513",512,0.1807,0.02145,0.0376,0.76025,"Netlogo_H_20","Net_H"
"514",513,0.18015,0.02155,0.0375,0.7608,"Netlogo_H_20","Net_H"
"515",514,0.17995,0.0216,0.03705,0.7614,"Netlogo_H_20","Net_H"
"516",515,0.18175,0.02095,0.0369,0.7604,"Netlogo_H_20","Net_H"
"517",516,0.18135,0.0201,0.03695,0.7616,"Netlogo_H_20","Net_H"
"518",517,0.18095,0.01955,0.0375,0.762,"Netlogo_H_20","Net_H"
"519",518,0.18105,0.0196,0.03715,0.7622,"Netlogo_H_20","Net_H"
"520",519,0.17985,0.02095,0.0363,0.7629,"Netlogo_H_20","Net_H"
"521",520,0.17965,0.02055,0.0363,0.7635,"Netlogo_H_20","Net_H"
"522",521,0.1796,0.02085,0.03615,0.7634,"Netlogo_H_20","Net_H"
"523",522,0.17905,0.02105,0.03715,0.76275,"Netlogo_H_20","Net_H"
"524",523,0.1797,0.02095,0.03685,0.7625,"Netlogo_H_20","Net_H"
"525",524,0.17945,0.02125,0.03725,0.76205,"Netlogo_H_20","Net_H"
"526",525,0.17935,0.02115,0.0374,0.7621,"Netlogo_H_20","Net_H"
"527",526,0.17915,0.0215,0.037,0.76235,"Netlogo_H_20","Net_H"
"528",527,0.17915,0.02135,0.0377,0.7618,"Netlogo_H_20","Net_H"
"529",528,0.1793,0.02055,0.03795,0.7622,"Netlogo_H_20","Net_H"
"530",529,0.1789,0.0205,0.03735,0.76325,"Netlogo_H_20","Net_H"
"531",530,0.1787,0.02085,0.0379,0.76255,"Netlogo_H_20","Net_H"
"532",531,0.1779,0.02065,0.03825,0.7632,"Netlogo_H_20","Net_H"
"533",532,0.1771,0.0209,0.03845,0.76355,"Netlogo_H_20","Net_H"
"534",533,0.17685,0.02085,0.03745,0.76485,"Netlogo_H_20","Net_H"
"535",534,0.1779,0.0198,0.0368,0.7655,"Netlogo_H_20","Net_H"
"536",535,0.1776,0.01935,0.03685,0.7662,"Netlogo_H_20","Net_H"
"537",536,0.17765,0.02005,0.03605,0.76625,"Netlogo_H_20","Net_H"
"538",537,0.17855,0.01895,0.03545,0.76705,"Netlogo_H_20","Net_H"
"539",538,0.17835,0.01855,0.0363,0.7668,"Netlogo_H_20","Net_H"
"540",539,0.1784,0.01915,0.0363,0.76615,"Netlogo_H_20","Net_H"
"541",540,0.17865,0.01945,0.037,0.7649,"Netlogo_H_20","Net_H"
"542",541,0.1785,0.02085,0.0365,0.76415,"Netlogo_H_20","Net_H"
"543",542,0.17875,0.02115,0.036,0.7641,"Netlogo_H_20","Net_H"
"544",543,0.1794,0.0212,0.0362,0.7632,"Netlogo_H_20","Net_H"
"545",544,0.17935,0.02065,0.03655,0.76345,"Netlogo_H_20","Net_H"
"546",545,0.1809,0.01995,0.0367,0.76245,"Netlogo_H_20","Net_H"
"547",546,0.18175,0.0191,0.03685,0.7623,"Netlogo_H_20","Net_H"
"548",547,0.18135,0.0188,0.0374,0.76245,"Netlogo_H_20","Net_H"
"549",548,0.18085,0.01945,0.03685,0.76285,"Netlogo_H_20","Net_H"
"550",549,0.18,0.02155,0.03475,0.7637,"Netlogo_H_20","Net_H"
"551",550,0.18095,0.02115,0.0351,0.7628,"Netlogo_H_20","Net_H"
"552",551,0.18195,0.0193,0.0358,0.76295,"Netlogo_H_20","Net_H"
"553",552,0.1823,0.0197,0.0365,0.7615,"Netlogo_H_20","Net_H"
"554",553,0.18225,0.01945,0.03715,0.76115,"Netlogo_H_20","Net_H"
"555",554,0.18295,0.02025,0.03625,0.76055,"Netlogo_H_20","Net_H"
"556",555,0.18215,0.02105,0.0366,0.7602,"Netlogo_H_20","Net_H"
"557",556,0.1817,0.02135,0.03745,0.7595,"Netlogo_H_20","Net_H"
"558",557,0.18065,0.02205,0.03665,0.76065,"Netlogo_H_20","Net_H"
"559",558,0.18165,0.02065,0.03785,0.75985,"Netlogo_H_20","Net_H"
"560",559,0.18155,0.02125,0.03745,0.75975,"Netlogo_H_20","Net_H"
"561",560,0.18215,0.022,0.03715,0.7587,"Netlogo_H_20","Net_H"
"562",561,0.18155,0.0221,0.03805,0.7583,"Netlogo_H_20","Net_H"
"563",562,0.18165,0.0205,0.03945,0.7584,"Netlogo_H_20","Net_H"
"564",563,0.18175,0.02025,0.0392,0.7588,"Netlogo_H_20","Net_H"
"565",564,0.18135,0.02005,0.0393,0.7593,"Netlogo_H_20","Net_H"
"566",565,0.18125,0.02005,0.0378,0.7609,"Netlogo_H_20","Net_H"
"567",566,0.1803,0.01915,0.0383,0.76225,"Netlogo_H_20","Net_H"
"568",567,0.18065,0.01995,0.03765,0.76175,"Netlogo_H_20","Net_H"
"569",568,0.18025,0.02005,0.0382,0.7615,"Netlogo_H_20","Net_H"
"570",569,0.1802,0.02025,0.0381,0.76145,"Netlogo_H_20","Net_H"
"571",570,0.1798,0.0199,0.03775,0.76255,"Netlogo_H_20","Net_H"
"572",571,0.17955,0.02025,0.03785,0.76235,"Netlogo_H_20","Net_H"
"573",572,0.17845,0.0209,0.03765,0.763,"Netlogo_H_20","Net_H"
"574",573,0.1786,0.02055,0.03765,0.7632,"Netlogo_H_20","Net_H"
"575",574,0.1777,0.02125,0.03715,0.7639,"Netlogo_H_20","Net_H"
"576",575,0.1786,0.02105,0.0369,0.76345,"Netlogo_H_20","Net_H"
"577",576,0.17805,0.02135,0.03715,0.76345,"Netlogo_H_20","Net_H"
"578",577,0.1774,0.02155,0.03705,0.764,"Netlogo_H_20","Net_H"
"579",578,0.17675,0.02165,0.0361,0.7655,"Netlogo_H_20","Net_H"
"580",579,0.17765,0.02055,0.0372,0.7646,"Netlogo_H_20","Net_H"
"581",580,0.17745,0.021,0.0365,0.76505,"Netlogo_H_20","Net_H"
"582",581,0.17805,0.0203,0.03765,0.764,"Netlogo_H_20","Net_H"
"583",582,0.1791,0.0198,0.03735,0.76375,"Netlogo_H_20","Net_H"
"584",583,0.1786,0.0199,0.0376,0.7639,"Netlogo_H_20","Net_H"
"585",584,0.1785,0.01975,0.0389,0.76285,"Netlogo_H_20","Net_H"
"586",585,0.1771,0.021,0.03935,0.76255,"Netlogo_H_20","Net_H"
"587",586,0.17625,0.0219,0.0388,0.76305,"Netlogo_H_20","Net_H"
"588",587,0.177,0.0208,0.03945,0.76275,"Netlogo_H_20","Net_H"
"589",588,0.17585,0.02125,0.0394,0.7635,"Netlogo_H_20","Net_H"
"590",589,0.1764,0.02085,0.03975,0.763,"Netlogo_H_20","Net_H"
"591",590,0.176,0.021,0.03905,0.76395,"Netlogo_H_20","Net_H"
"592",591,0.17605,0.02085,0.03955,0.76355,"Netlogo_H_20","Net_H"
"593",592,0.17505,0.02285,0.03905,0.76305,"Netlogo_H_20","Net_H"
"594",593,0.1765,0.0216,0.03905,0.76285,"Netlogo_H_20","Net_H"
"595",594,0.17625,0.02185,0.03875,0.76315,"Netlogo_H_20","Net_H"
"596",595,0.1762,0.02145,0.0386,0.76375,"Netlogo_H_20","Net_H"
"597",596,0.1755,0.022,0.0383,0.7642,"Netlogo_H_20","Net_H"
"598",597,0.1754,0.021,0.0387,0.7649,"Netlogo_H_20","Net_H"
"599",598,0.17575,0.02035,0.0398,0.7641,"Netlogo_H_20","Net_H"
"600",599,0.1753,0.02,0.0401,0.7646,"Netlogo_H_20","Net_H"
"601",600,0.1755,0.0199,0.04005,0.76455,"Netlogo_H_20","Net_H"
"602",601,0.17455,0.0206,0.0405,0.76435,"Netlogo_H_20","Net_H"
"603",602,0.17545,0.02095,0.03805,0.76555,"Netlogo_H_20","Net_H"
"604",603,0.17505,0.02135,0.037,0.7666,"Netlogo_H_20","Net_H"
"605",604,0.1751,0.02075,0.0383,0.76585,"Netlogo_H_20","Net_H"
"606",605,0.1768,0.01905,0.03915,0.765,"Netlogo_H_20","Net_H"
"607",606,0.1773,0.01885,0.03885,0.765,"Netlogo_H_20","Net_H"
"608",607,0.17725,0.01935,0.03805,0.76535,"Netlogo_H_20","Net_H"
"609",608,0.17695,0.02055,0.03805,0.76445,"Netlogo_H_20","Net_H"
"610",609,0.1777,0.02055,0.03785,0.7639,"Netlogo_H_20","Net_H"
"611",610,0.1783,0.0209,0.03675,0.76405,"Netlogo_H_20","Net_H"
"612",611,0.1787,0.0206,0.0368,0.7639,"Netlogo_H_20","Net_H"
"613",612,0.1783,0.0208,0.0376,0.7633,"Netlogo_H_20","Net_H"
"614",613,0.178,0.0221,0.03715,0.76275,"Netlogo_H_20","Net_H"
"615",614,0.17835,0.02235,0.0365,0.7628,"Netlogo_H_20","Net_H"
"616",615,0.1784,0.022,0.0371,0.7625,"Netlogo_H_20","Net_H"
"617",616,0.17785,0.02205,0.03835,0.76175,"Netlogo_H_20","Net_H"
"618",617,0.17925,0.02105,0.03815,0.76155,"Netlogo_H_20","Net_H"
"619",618,0.1784,0.02135,0.03745,0.7628,"Netlogo_H_20","Net_H"
"620",619,0.17785,0.02235,0.03655,0.76325,"Netlogo_H_20","Net_H"
"621",620,0.1782,0.02195,0.03595,0.7639,"Netlogo_H_20","Net_H"
"622",621,0.1795,0.02085,0.0361,0.76355,"Netlogo_H_20","Net_H"
"623",622,0.1812,0.0197,0.03725,0.76185,"Netlogo_H_20","Net_H"
"624",623,0.18155,0.01915,0.03705,0.76225,"Netlogo_H_20","Net_H"
"625",624,0.18315,0.01815,0.03665,0.76205,"Netlogo_H_20","Net_H"
"626",625,0.1833,0.0184,0.0362,0.7621,"Netlogo_H_20","Net_H"
"627",626,0.1835,0.01955,0.0362,0.76075,"Netlogo_H_20","Net_H"
"628",627,0.1826,0.0201,0.0367,0.7606,"Netlogo_H_20","Net_H"
"629",628,0.18245,0.02075,0.03645,0.76035,"Netlogo_H_20","Net_H"
"630",629,0.18285,0.0204,0.03745,0.7593,"Netlogo_H_20","Net_H"
