"","step","S","E","I","R","simu","Langage"
"1",0,0.999,0,0.001,0,"Netlogo_H_6","Net_H"
"2",1,0.99845,0.00055,0.001,0,"Netlogo_H_6","Net_H"
"3",2,0.99795,0.00105,8e-04,2e-04,"Netlogo_H_6","Net_H"
"4",3,0.9974,0.00135,0.001,0.00025,"Netlogo_H_6","Net_H"
"5",4,0.99675,0.0017,0.00125,3e-04,"Netlogo_H_6","Net_H"
"6",5,0.99615,0.00205,0.00135,0.00045,"Netlogo_H_6","Net_H"
"7",6,0.99495,0.00295,0.0016,5e-04,"Netlogo_H_6","Net_H"
"8",7,0.99385,0.00365,0.0018,7e-04,"Netlogo_H_6","Net_H"
"9",8,0.9927,0.004,0.00245,0.00085,"Netlogo_H_6","Net_H"
"10",9,0.99105,0.0048,0.0031,0.00105,"Netlogo_H_6","Net_H"
"11",10,0.9897,0.0052,0.00375,0.00135,"Netlogo_H_6","Net_H"
"12",11,0.98695,0.0066,0.0049,0.00155,"Netlogo_H_6","Net_H"
"13",12,0.9837,0.00865,0.0056,0.00205,"Netlogo_H_6","Net_H"
"14",13,0.97965,0.01125,0.0063,0.0028,"Netlogo_H_6","Net_H"
"15",14,0.97585,0.01295,0.0076,0.0036,"Netlogo_H_6","Net_H"
"16",15,0.97115,0.01515,0.00935,0.00435,"Netlogo_H_6","Net_H"
"17",16,0.9639,0.01965,0.0112,0.00525,"Netlogo_H_6","Net_H"
"18",17,0.95535,0.02505,0.0132,0.0064,"Netlogo_H_6","Net_H"
"19",18,0.9465,0.02915,0.01655,0.0078,"Netlogo_H_6","Net_H"
"20",19,0.934,0.0361,0.0206,0.0093,"Netlogo_H_6","Net_H"
"21",20,0.91965,0.0434,0.02555,0.0114,"Netlogo_H_6","Net_H"
"22",21,0.9034,0.05165,0.0312,0.01375,"Netlogo_H_6","Net_H"
"23",22,0.884,0.06115,0.03805,0.0168,"Netlogo_H_6","Net_H"
"24",23,0.86155,0.0718,0.0461,0.02055,"Netlogo_H_6","Net_H"
"25",24,0.8322,0.08745,0.05525,0.0251,"Netlogo_H_6","Net_H"
"26",25,0.8006,0.1019,0.0669,0.0306,"Netlogo_H_6","Net_H"
"27",26,0.76285,0.11885,0.0816,0.0367,"Netlogo_H_6","Net_H"
"28",27,0.722,0.1361,0.09795,0.04395,"Netlogo_H_6","Net_H"
"29",28,0.6747,0.15815,0.11405,0.0531,"Netlogo_H_6","Net_H"
"30",29,0.625,0.17485,0.1344,0.06575,"Netlogo_H_6","Net_H"
"31",30,0.5698,0.1941,0.1573,0.0788,"Netlogo_H_6","Net_H"
"32",31,0.51275,0.2147,0.17815,0.0944,"Netlogo_H_6","Net_H"
"33",32,0.4526,0.22945,0.2042,0.11375,"Netlogo_H_6","Net_H"
"34",33,0.3954,0.2363,0.23225,0.13605,"Netlogo_H_6","Net_H"
"35",34,0.33765,0.24555,0.25505,0.16175,"Netlogo_H_6","Net_H"
"36",35,0.2865,0.24375,0.2825,0.18725,"Netlogo_H_6","Net_H"
"37",36,0.23375,0.2425,0.30545,0.2183,"Netlogo_H_6","Net_H"
"38",37,0.18975,0.2313,0.32595,0.253,"Netlogo_H_6","Net_H"
"39",38,0.1521,0.21355,0.3456,0.28875,"Netlogo_H_6","Net_H"
"40",39,0.1207,0.19685,0.35645,0.326,"Netlogo_H_6","Net_H"
"41",40,0.09325,0.17975,0.3594,0.3676,"Netlogo_H_6","Net_H"
"42",41,0.07335,0.15615,0.3611,0.4094,"Netlogo_H_6","Net_H"
"43",42,0.05685,0.13565,0.35455,0.45295,"Netlogo_H_6","Net_H"
"44",43,0.04565,0.11545,0.3423,0.4966,"Netlogo_H_6","Net_H"
"45",44,0.03595,0.09555,0.33095,0.53755,"Netlogo_H_6","Net_H"
"46",45,0.02955,0.07865,0.31435,0.57745,"Netlogo_H_6","Net_H"
"47",46,0.0262,0.0629,0.2963,0.6146,"Netlogo_H_6","Net_H"
"48",47,0.0242,0.05025,0.2776,0.64795,"Netlogo_H_6","Net_H"
"49",48,0.0219,0.0414,0.25435,0.68235,"Netlogo_H_6","Net_H"
"50",49,0.02035,0.0335,0.23355,0.7126,"Netlogo_H_6","Net_H"
"51",50,0.01995,0.0275,0.212,0.74055,"Netlogo_H_6","Net_H"
"52",51,0.01925,0.0227,0.19135,0.7667,"Netlogo_H_6","Net_H"
"53",52,0.01905,0.01895,0.1731,0.7889,"Netlogo_H_6","Net_H"
"54",53,0.01905,0.0166,0.155,0.80935,"Netlogo_H_6","Net_H"
"55",54,0.0204,0.0144,0.1367,0.8285,"Netlogo_H_6","Net_H"
"56",55,0.0205,0.0124,0.1222,0.8449,"Netlogo_H_6","Net_H"
"57",56,0.0212,0.01095,0.10955,0.8583,"Netlogo_H_6","Net_H"
"58",57,0.02235,0.0097,0.0987,0.86925,"Netlogo_H_6","Net_H"
"59",58,0.0244,0.0089,0.088,0.8787,"Netlogo_H_6","Net_H"
"60",59,0.02585,0.0074,0.0787,0.88805,"Netlogo_H_6","Net_H"
"61",60,0.02715,0.00705,0.07,0.8958,"Netlogo_H_6","Net_H"
"62",61,0.0294,0.00625,0.06095,0.9034,"Netlogo_H_6","Net_H"
"63",62,0.03085,0.0062,0.054,0.90895,"Netlogo_H_6","Net_H"
"64",63,0.0328,0.0061,0.0482,0.9129,"Netlogo_H_6","Net_H"
"65",64,0.03455,0.006,0.04275,0.9167,"Netlogo_H_6","Net_H"
"66",65,0.03585,0.0059,0.0385,0.91975,"Netlogo_H_6","Net_H"
"67",66,0.03745,0.0058,0.0348,0.92195,"Netlogo_H_6","Net_H"
"68",67,0.03975,0.0052,0.0315,0.92355,"Netlogo_H_6","Net_H"
"69",68,0.0416,0.00485,0.02855,0.925,"Netlogo_H_6","Net_H"
"70",69,0.04425,0.0039,0.0259,0.92595,"Netlogo_H_6","Net_H"
"71",70,0.0464,0.0039,0.0234,0.9263,"Netlogo_H_6","Net_H"
"72",71,0.04885,0.0036,0.02065,0.9269,"Netlogo_H_6","Net_H"
"73",72,0.0512,0.0032,0.0191,0.9265,"Netlogo_H_6","Net_H"
"74",73,0.0539,0.00285,0.0169,0.92635,"Netlogo_H_6","Net_H"
"75",74,0.0564,0.003,0.01585,0.92475,"Netlogo_H_6","Net_H"
"76",75,0.05885,0.0033,0.014,0.92385,"Netlogo_H_6","Net_H"
"77",76,0.06155,0.003,0.0134,0.92205,"Netlogo_H_6","Net_H"
"78",77,0.0639,0.00305,0.012,0.92105,"Netlogo_H_6","Net_H"
"79",78,0.067,0.00265,0.01075,0.9196,"Netlogo_H_6","Net_H"
"80",79,0.07045,0.00255,0.0098,0.9172,"Netlogo_H_6","Net_H"
"81",80,0.0727,0.0025,0.00875,0.91605,"Netlogo_H_6","Net_H"
"82",81,0.0753,0.00225,0.008,0.91445,"Netlogo_H_6","Net_H"
"83",82,0.078,0.0024,0.0073,0.9123,"Netlogo_H_6","Net_H"
"84",83,0.08045,0.00225,0.00655,0.91075,"Netlogo_H_6","Net_H"
"85",84,0.08335,0.0021,0.006,0.90855,"Netlogo_H_6","Net_H"
"86",85,0.08605,0.00195,0.0055,0.9065,"Netlogo_H_6","Net_H"
"87",86,0.08905,0.0019,0.005,0.90405,"Netlogo_H_6","Net_H"
"88",87,0.0925,0.0017,0.00485,0.90095,"Netlogo_H_6","Net_H"
"89",88,0.09605,0.00165,0.0044,0.8979,"Netlogo_H_6","Net_H"
"90",89,0.09905,0.0014,0.00435,0.8952,"Netlogo_H_6","Net_H"
"91",90,0.10195,0.00185,0.0043,0.8919,"Netlogo_H_6","Net_H"
"92",91,0.1055,0.0017,0.004,0.8888,"Netlogo_H_6","Net_H"
"93",92,0.10765,0.00175,0.0038,0.8868,"Netlogo_H_6","Net_H"
"94",93,0.10975,0.0019,0.00345,0.8849,"Netlogo_H_6","Net_H"
"95",94,0.11295,0.00185,0.0032,0.882,"Netlogo_H_6","Net_H"
"96",95,0.1147,0.00155,0.00315,0.8806,"Netlogo_H_6","Net_H"
"97",96,0.1178,0.0011,0.0032,0.8779,"Netlogo_H_6","Net_H"
"98",97,0.11995,0.001,0.0032,0.87585,"Netlogo_H_6","Net_H"
"99",98,0.1226,7e-04,0.003,0.8737,"Netlogo_H_6","Net_H"
"100",99,0.12475,7e-04,0.003,0.87155,"Netlogo_H_6","Net_H"
"101",100,0.12725,0.00075,0.0027,0.8693,"Netlogo_H_6","Net_H"
"102",101,0.12915,9e-04,0.00255,0.8674,"Netlogo_H_6","Net_H"
"103",102,0.1319,8e-04,0.00235,0.86495,"Netlogo_H_6","Net_H"
"104",103,0.13455,7e-04,0.0023,0.86245,"Netlogo_H_6","Net_H"
"105",104,0.13705,6e-04,0.00215,0.8602,"Netlogo_H_6","Net_H"
"106",105,0.1397,0.00055,0.00185,0.8579,"Netlogo_H_6","Net_H"
"107",106,0.14225,0.00045,0.00175,0.85555,"Netlogo_H_6","Net_H"
"108",107,0.1446,0.00065,0.00155,0.8532,"Netlogo_H_6","Net_H"
"109",108,0.1478,6e-04,0.00145,0.85015,"Netlogo_H_6","Net_H"
"110",109,0.1503,0.00055,0.0015,0.84765,"Netlogo_H_6","Net_H"
"111",110,0.15285,0.00065,0.0014,0.8451,"Netlogo_H_6","Net_H"
"112",111,0.15545,6e-04,0.0014,0.84255,"Netlogo_H_6","Net_H"
"113",112,0.1582,6e-04,0.00145,0.83975,"Netlogo_H_6","Net_H"
"114",113,0.16055,0.00055,0.0014,0.8375,"Netlogo_H_6","Net_H"
"115",114,0.16315,0.00045,0.0013,0.8351,"Netlogo_H_6","Net_H"
"116",115,0.1658,0.00045,0.00115,0.8326,"Netlogo_H_6","Net_H"
"117",116,0.16865,0.00055,0.00105,0.82975,"Netlogo_H_6","Net_H"
"118",117,0.17045,0.00065,9e-04,0.828,"Netlogo_H_6","Net_H"
"119",118,0.17325,9e-04,9e-04,0.82495,"Netlogo_H_6","Net_H"
"120",119,0.1755,9e-04,9e-04,0.8227,"Netlogo_H_6","Net_H"
"121",120,0.1776,0.00105,8e-04,0.82055,"Netlogo_H_6","Net_H"
"122",121,0.18075,0.0011,0.00075,0.8174,"Netlogo_H_6","Net_H"
"123",122,0.183,0.00075,0.0011,0.81515,"Netlogo_H_6","Net_H"
"124",123,0.1852,0.00075,0.0012,0.81285,"Netlogo_H_6","Net_H"
"125",124,0.1878,8e-04,0.0011,0.8103,"Netlogo_H_6","Net_H"
"126",125,0.19,0.00075,0.0013,0.80795,"Netlogo_H_6","Net_H"
"127",126,0.1922,0.00085,0.00125,0.8057,"Netlogo_H_6","Net_H"
"128",127,0.19425,9e-04,0.0013,0.80355,"Netlogo_H_6","Net_H"
"129",128,0.1964,0.00095,0.0012,0.80145,"Netlogo_H_6","Net_H"
"130",129,0.1991,0.00085,0.00125,0.7988,"Netlogo_H_6","Net_H"
"131",130,0.20105,9e-04,0.00135,0.7967,"Netlogo_H_6","Net_H"
"132",131,0.2033,0.00075,0.0016,0.79435,"Netlogo_H_6","Net_H"
"133",132,0.2057,7e-04,0.00155,0.79205,"Netlogo_H_6","Net_H"
"134",133,0.2082,0.00075,0.00145,0.7896,"Netlogo_H_6","Net_H"
"135",134,0.21035,0.00075,0.0014,0.7875,"Netlogo_H_6","Net_H"
"136",135,0.21285,0.00065,0.00155,0.78495,"Netlogo_H_6","Net_H"
"137",136,0.21525,0.00065,0.0017,0.7824,"Netlogo_H_6","Net_H"
"138",137,0.21685,7e-04,0.0017,0.78075,"Netlogo_H_6","Net_H"
"139",138,0.2188,8e-04,0.00155,0.77885,"Netlogo_H_6","Net_H"
"140",139,0.22105,0.00065,0.00165,0.77665,"Netlogo_H_6","Net_H"
"141",140,0.22355,0.00065,0.00165,0.77415,"Netlogo_H_6","Net_H"
"142",141,0.2259,0.00035,0.0018,0.77195,"Netlogo_H_6","Net_H"
"143",142,0.22755,6e-04,0.0016,0.77025,"Netlogo_H_6","Net_H"
"144",143,0.2298,6e-04,0.0015,0.7681,"Netlogo_H_6","Net_H"
"145",144,0.2319,8e-04,0.0014,0.7659,"Netlogo_H_6","Net_H"
"146",145,0.234,9e-04,0.0013,0.7638,"Netlogo_H_6","Net_H"
"147",146,0.23585,0.00105,0.0011,0.762,"Netlogo_H_6","Net_H"
"148",147,0.23795,0.001,0.0011,0.75995,"Netlogo_H_6","Net_H"
"149",148,0.2396,9e-04,0.0011,0.7584,"Netlogo_H_6","Net_H"
"150",149,0.2414,8e-04,0.0012,0.7566,"Netlogo_H_6","Net_H"
"151",150,0.24325,0.00075,0.00125,0.75475,"Netlogo_H_6","Net_H"
"152",151,0.24575,0.00075,0.0013,0.7522,"Netlogo_H_6","Net_H"
"153",152,0.2477,8e-04,0.0012,0.7503,"Netlogo_H_6","Net_H"
"154",153,0.2498,0.00085,0.00095,0.7484,"Netlogo_H_6","Net_H"
"155",154,0.2516,0.00085,0.001,0.74655,"Netlogo_H_6","Net_H"
"156",155,0.25365,0.00115,0.001,0.7442,"Netlogo_H_6","Net_H"
"157",156,0.25585,0.0011,0.0011,0.74195,"Netlogo_H_6","Net_H"
"158",157,0.25795,0.00115,0.00115,0.73975,"Netlogo_H_6","Net_H"
"159",158,0.2601,0.00115,0.0012,0.73755,"Netlogo_H_6","Net_H"
"160",159,0.26215,0.00115,0.0012,0.7355,"Netlogo_H_6","Net_H"
"161",160,0.26375,0.00095,0.0014,0.7339,"Netlogo_H_6","Net_H"
"162",161,0.2655,0.00105,0.00145,0.732,"Netlogo_H_6","Net_H"
"163",162,0.26725,0.0012,0.0013,0.73025,"Netlogo_H_6","Net_H"
"164",163,0.2692,0.00135,0.00135,0.7281,"Netlogo_H_6","Net_H"
"165",164,0.2705,0.0014,0.0014,0.7267,"Netlogo_H_6","Net_H"
"166",165,0.2718,0.00165,0.00115,0.7254,"Netlogo_H_6","Net_H"
"167",166,0.2733,0.0013,0.0016,0.7238,"Netlogo_H_6","Net_H"
"168",167,0.27545,0.0014,0.0016,0.72155,"Netlogo_H_6","Net_H"
"169",168,0.2771,0.0016,0.0017,0.7196,"Netlogo_H_6","Net_H"
"170",169,0.279,0.0016,0.00185,0.71755,"Netlogo_H_6","Net_H"
"171",170,0.2805,0.0013,0.00215,0.71605,"Netlogo_H_6","Net_H"
"172",171,0.28205,0.0012,0.0022,0.71455,"Netlogo_H_6","Net_H"
"173",172,0.284,0.00085,0.0024,0.71275,"Netlogo_H_6","Net_H"
"174",173,0.2851,0.00125,0.00235,0.7113,"Netlogo_H_6","Net_H"
"175",174,0.2868,0.00145,0.0025,0.70925,"Netlogo_H_6","Net_H"
"176",175,0.28795,0.00165,0.00235,0.70805,"Netlogo_H_6","Net_H"
"177",176,0.28915,0.0018,0.00215,0.7069,"Netlogo_H_6","Net_H"
"178",177,0.28975,0.0021,0.00225,0.7059,"Netlogo_H_6","Net_H"
"179",178,0.29105,0.0022,0.00255,0.7042,"Netlogo_H_6","Net_H"
"180",179,0.2926,0.0026,0.00255,0.70225,"Netlogo_H_6","Net_H"
"181",180,0.29355,0.0026,0.00295,0.7009,"Netlogo_H_6","Net_H"
"182",181,0.29525,0.00255,0.00315,0.69905,"Netlogo_H_6","Net_H"
"183",182,0.2966,0.00285,0.0034,0.69715,"Netlogo_H_6","Net_H"
"184",183,0.2978,0.0031,0.0037,0.6954,"Netlogo_H_6","Net_H"
"185",184,0.2996,0.0033,0.00385,0.69325,"Netlogo_H_6","Net_H"
"186",185,0.30065,0.00365,0.00415,0.69155,"Netlogo_H_6","Net_H"
"187",186,0.302,0.00345,0.0044,0.69015,"Netlogo_H_6","Net_H"
"188",187,0.30315,0.0034,0.00445,0.689,"Netlogo_H_6","Net_H"
"189",188,0.30445,0.00335,0.0049,0.6873,"Netlogo_H_6","Net_H"
"190",189,0.30585,0.0037,0.00485,0.6856,"Netlogo_H_6","Net_H"
"191",190,0.3065,0.00405,0.00505,0.6844,"Netlogo_H_6","Net_H"
"192",191,0.3076,0.00425,0.00515,0.683,"Netlogo_H_6","Net_H"
"193",192,0.3083,0.00395,0.0057,0.68205,"Netlogo_H_6","Net_H"
"194",193,0.309,0.00475,0.00545,0.6808,"Netlogo_H_6","Net_H"
"195",194,0.30955,0.00505,0.00565,0.67975,"Netlogo_H_6","Net_H"
"196",195,0.3103,0.0052,0.0055,0.679,"Netlogo_H_6","Net_H"
"197",196,0.3113,0.00485,0.00615,0.6777,"Netlogo_H_6","Net_H"
"198",197,0.31195,0.00465,0.0067,0.6767,"Netlogo_H_6","Net_H"
"199",198,0.312,0.0057,0.0066,0.6757,"Netlogo_H_6","Net_H"
"200",199,0.3128,0.0061,0.0069,0.6742,"Netlogo_H_6","Net_H"
"201",200,0.3133,0.0063,0.00705,0.67335,"Netlogo_H_6","Net_H"
"202",201,0.31365,0.00695,0.0072,0.6722,"Netlogo_H_6","Net_H"
"203",202,0.31455,0.00665,0.00785,0.67095,"Netlogo_H_6","Net_H"
"204",203,0.31585,0.0067,0.00865,0.6688,"Netlogo_H_6","Net_H"
"205",204,0.31645,0.00665,0.0094,0.6675,"Netlogo_H_6","Net_H"
"206",205,0.3167,0.00675,0.00995,0.6666,"Netlogo_H_6","Net_H"
"207",206,0.31615,0.00775,0.00955,0.66655,"Netlogo_H_6","Net_H"
"208",207,0.3159,0.0086,0.00975,0.66575,"Netlogo_H_6","Net_H"
"209",208,0.31605,0.0091,0.01025,0.6646,"Netlogo_H_6","Net_H"
"210",209,0.3156,0.00955,0.01115,0.6637,"Netlogo_H_6","Net_H"
"211",210,0.316,0.0099,0.0114,0.6627,"Netlogo_H_6","Net_H"
"212",211,0.3155,0.01055,0.0117,0.66225,"Netlogo_H_6","Net_H"
"213",212,0.3148,0.01115,0.01215,0.6619,"Netlogo_H_6","Net_H"
"214",213,0.3146,0.01105,0.01315,0.6612,"Netlogo_H_6","Net_H"
"215",214,0.3138,0.01065,0.01465,0.6609,"Netlogo_H_6","Net_H"
"216",215,0.3129,0.01085,0.0159,0.66035,"Netlogo_H_6","Net_H"
"217",216,0.31105,0.0123,0.0161,0.66055,"Netlogo_H_6","Net_H"
"218",217,0.3096,0.0133,0.0172,0.6599,"Netlogo_H_6","Net_H"
"219",218,0.30805,0.0142,0.01815,0.6596,"Netlogo_H_6","Net_H"
"220",219,0.306,0.0154,0.01925,0.65935,"Netlogo_H_6","Net_H"
"221",220,0.3039,0.01645,0.02085,0.6588,"Netlogo_H_6","Net_H"
"222",221,0.30165,0.01705,0.02245,0.65885,"Netlogo_H_6","Net_H"
"223",222,0.299,0.01845,0.02315,0.6594,"Netlogo_H_6","Net_H"
"224",223,0.2965,0.01875,0.0246,0.66015,"Netlogo_H_6","Net_H"
"225",224,0.293,0.02025,0.0257,0.66105,"Netlogo_H_6","Net_H"
"226",225,0.29005,0.0208,0.0271,0.66205,"Netlogo_H_6","Net_H"
"227",226,0.2861,0.0223,0.0277,0.6639,"Netlogo_H_6","Net_H"
"228",227,0.2831,0.0227,0.02985,0.66435,"Netlogo_H_6","Net_H"
"229",228,0.27995,0.0225,0.0314,0.66615,"Netlogo_H_6","Net_H"
"230",229,0.27675,0.0229,0.03235,0.668,"Netlogo_H_6","Net_H"
"231",230,0.2714,0.02545,0.033,0.67015,"Netlogo_H_6","Net_H"
"232",231,0.2669,0.02625,0.03465,0.6722,"Netlogo_H_6","Net_H"
"233",232,0.2625,0.02665,0.03665,0.6742,"Netlogo_H_6","Net_H"
"234",233,0.25815,0.0275,0.03805,0.6763,"Netlogo_H_6","Net_H"
"235",234,0.25415,0.0278,0.0389,0.67915,"Netlogo_H_6","Net_H"
"236",235,0.24915,0.0284,0.04075,0.6817,"Netlogo_H_6","Net_H"
"237",236,0.2445,0.0294,0.042,0.6841,"Netlogo_H_6","Net_H"
"238",237,0.2401,0.02995,0.0417,0.68825,"Netlogo_H_6","Net_H"
"239",238,0.23425,0.0299,0.045,0.69085,"Netlogo_H_6","Net_H"
"240",239,0.2289,0.03085,0.046,0.69425,"Netlogo_H_6","Net_H"
"241",240,0.2243,0.0314,0.04715,0.69715,"Netlogo_H_6","Net_H"
"242",241,0.21915,0.03255,0.04775,0.70055,"Netlogo_H_6","Net_H"
"243",242,0.2146,0.0332,0.04885,0.70335,"Netlogo_H_6","Net_H"
"244",243,0.21065,0.03265,0.04945,0.70725,"Netlogo_H_6","Net_H"
"245",244,0.20755,0.03015,0.0519,0.7104,"Netlogo_H_6","Net_H"
"246",245,0.20335,0.03005,0.05235,0.71425,"Netlogo_H_6","Net_H"
"247",246,0.1974,0.0318,0.0522,0.7186,"Netlogo_H_6","Net_H"
"248",247,0.1929,0.033,0.0521,0.722,"Netlogo_H_6","Net_H"
"249",248,0.1901,0.031,0.05335,0.72555,"Netlogo_H_6","Net_H"
"250",249,0.18575,0.03035,0.05565,0.72825,"Netlogo_H_6","Net_H"
"251",250,0.18175,0.03015,0.05575,0.73235,"Netlogo_H_6","Net_H"
"252",251,0.17815,0.03095,0.05575,0.73515,"Netlogo_H_6","Net_H"
"253",252,0.1739,0.03145,0.05445,0.7402,"Netlogo_H_6","Net_H"
"254",253,0.17105,0.03055,0.055,0.7434,"Netlogo_H_6","Net_H"
"255",254,0.16805,0.0303,0.0542,0.74745,"Netlogo_H_6","Net_H"
"256",255,0.16545,0.02935,0.0544,0.7508,"Netlogo_H_6","Net_H"
"257",256,0.16245,0.0294,0.05395,0.7542,"Netlogo_H_6","Net_H"
"258",257,0.1602,0.02865,0.05345,0.7577,"Netlogo_H_6","Net_H"
"259",258,0.15745,0.0281,0.05205,0.7624,"Netlogo_H_6","Net_H"
"260",259,0.15525,0.02745,0.0517,0.7656,"Netlogo_H_6","Net_H"
"261",260,0.15275,0.02705,0.0513,0.7689,"Netlogo_H_6","Net_H"
"262",261,0.15115,0.0259,0.05005,0.7729,"Netlogo_H_6","Net_H"
"263",262,0.14975,0.02445,0.05015,0.77565,"Netlogo_H_6","Net_H"
"264",263,0.1482,0.0235,0.0501,0.7782,"Netlogo_H_6","Net_H"
"265",264,0.1464,0.0243,0.04865,0.78065,"Netlogo_H_6","Net_H"
"266",265,0.14555,0.0236,0.04815,0.7827,"Netlogo_H_6","Net_H"
"267",266,0.1445,0.02265,0.0486,0.78425,"Netlogo_H_6","Net_H"
"268",267,0.14385,0.0218,0.0488,0.78555,"Netlogo_H_6","Net_H"
"269",268,0.1429,0.02145,0.0481,0.78755,"Netlogo_H_6","Net_H"
"270",269,0.1408,0.0223,0.04665,0.79025,"Netlogo_H_6","Net_H"
"271",270,0.1391,0.02285,0.045,0.79305,"Netlogo_H_6","Net_H"
"272",271,0.1377,0.0224,0.04445,0.79545,"Netlogo_H_6","Net_H"
"273",272,0.13685,0.0216,0.0436,0.79795,"Netlogo_H_6","Net_H"
"274",273,0.1366,0.02025,0.04275,0.8004,"Netlogo_H_6","Net_H"
"275",274,0.1359,0.0201,0.0421,0.8019,"Netlogo_H_6","Net_H"
"276",275,0.13465,0.02005,0.04185,0.80345,"Netlogo_H_6","Net_H"
"277",276,0.13365,0.0197,0.04115,0.8055,"Netlogo_H_6","Net_H"
"278",277,0.1339,0.01945,0.04065,0.806,"Netlogo_H_6","Net_H"
"279",278,0.1345,0.0178,0.0407,0.807,"Netlogo_H_6","Net_H"
"280",279,0.13535,0.01645,0.03995,0.80825,"Netlogo_H_6","Net_H"
"281",280,0.13445,0.0171,0.039,0.80945,"Netlogo_H_6","Net_H"
"282",281,0.13435,0.0181,0.03775,0.8098,"Netlogo_H_6","Net_H"
"283",282,0.1348,0.0183,0.0366,0.8103,"Netlogo_H_6","Net_H"
"284",283,0.1361,0.01645,0.03785,0.8096,"Netlogo_H_6","Net_H"
"285",284,0.1355,0.01715,0.0377,0.80965,"Netlogo_H_6","Net_H"
"286",285,0.1359,0.01725,0.03695,0.8099,"Netlogo_H_6","Net_H"
"287",286,0.13615,0.0171,0.03745,0.8093,"Netlogo_H_6","Net_H"
"288",287,0.1361,0.0161,0.03695,0.81085,"Netlogo_H_6","Net_H"
"289",288,0.1371,0.01485,0.03785,0.8102,"Netlogo_H_6","Net_H"
"290",289,0.1381,0.0147,0.03615,0.81105,"Netlogo_H_6","Net_H"
"291",290,0.13935,0.0148,0.0348,0.81105,"Netlogo_H_6","Net_H"
"292",291,0.14045,0.01405,0.0345,0.811,"Netlogo_H_6","Net_H"
"293",292,0.1418,0.0141,0.03275,0.81135,"Netlogo_H_6","Net_H"
"294",293,0.1424,0.01445,0.0313,0.81185,"Netlogo_H_6","Net_H"
"295",294,0.1434,0.01485,0.0301,0.81165,"Netlogo_H_6","Net_H"
"296",295,0.14445,0.01535,0.02855,0.81165,"Netlogo_H_6","Net_H"
"297",296,0.1458,0.01525,0.02785,0.8111,"Netlogo_H_6","Net_H"
"298",297,0.1471,0.01435,0.02755,0.811,"Netlogo_H_6","Net_H"
"299",298,0.14865,0.0151,0.0259,0.81035,"Netlogo_H_6","Net_H"
"300",299,0.1503,0.0146,0.02485,0.81025,"Netlogo_H_6","Net_H"
"301",300,0.1521,0.01475,0.02435,0.8088,"Netlogo_H_6","Net_H"
"302",301,0.1539,0.0139,0.02425,0.80795,"Netlogo_H_6","Net_H"
"303",302,0.15545,0.0127,0.0249,0.80695,"Netlogo_H_6","Net_H"
"304",303,0.15685,0.0114,0.0257,0.80605,"Netlogo_H_6","Net_H"
"305",304,0.15835,0.012,0.02525,0.8044,"Netlogo_H_6","Net_H"
"306",305,0.15935,0.0124,0.02475,0.8035,"Netlogo_H_6","Net_H"
"307",306,0.15995,0.0124,0.0247,0.80295,"Netlogo_H_6","Net_H"
"308",307,0.1611,0.01265,0.024,0.80225,"Netlogo_H_6","Net_H"
"309",308,0.16275,0.01235,0.02425,0.80065,"Netlogo_H_6","Net_H"
"310",309,0.16575,0.0124,0.02395,0.7979,"Netlogo_H_6","Net_H"
"311",310,0.1674,0.0124,0.0233,0.7969,"Netlogo_H_6","Net_H"
"312",311,0.16885,0.01165,0.02345,0.79605,"Netlogo_H_6","Net_H"
"313",312,0.16975,0.0112,0.024,0.79505,"Netlogo_H_6","Net_H"
"314",313,0.1702,0.0123,0.02395,0.79355,"Netlogo_H_6","Net_H"
"315",314,0.1712,0.01315,0.0234,0.79225,"Netlogo_H_6","Net_H"
"316",315,0.1732,0.01275,0.0229,0.79115,"Netlogo_H_6","Net_H"
"317",316,0.1744,0.01295,0.02295,0.7897,"Netlogo_H_6","Net_H"
"318",317,0.17655,0.0127,0.02265,0.7881,"Netlogo_H_6","Net_H"
"319",318,0.1786,0.01275,0.02215,0.7865,"Netlogo_H_6","Net_H"
"320",319,0.1805,0.01235,0.0229,0.78425,"Netlogo_H_6","Net_H"
"321",320,0.1813,0.01275,0.02275,0.7832,"Netlogo_H_6","Net_H"
"322",321,0.18195,0.01385,0.02235,0.78185,"Netlogo_H_6","Net_H"
"323",322,0.1839,0.01415,0.0221,0.77985,"Netlogo_H_6","Net_H"
"324",323,0.1846,0.0143,0.02265,0.77845,"Netlogo_H_6","Net_H"
"325",324,0.18615,0.0138,0.02315,0.7769,"Netlogo_H_6","Net_H"
"326",325,0.1879,0.0132,0.02375,0.77515,"Netlogo_H_6","Net_H"
"327",326,0.18915,0.0131,0.0239,0.77385,"Netlogo_H_6","Net_H"
"328",327,0.19065,0.0128,0.0242,0.77235,"Netlogo_H_6","Net_H"
"329",328,0.1927,0.01195,0.0251,0.77025,"Netlogo_H_6","Net_H"
"330",329,0.1949,0.0122,0.02475,0.76815,"Netlogo_H_6","Net_H"
"331",330,0.1963,0.01305,0.02405,0.7666,"Netlogo_H_6","Net_H"
"332",331,0.1973,0.0136,0.0249,0.7642,"Netlogo_H_6","Net_H"
"333",332,0.1985,0.0138,0.0246,0.7631,"Netlogo_H_6","Net_H"
"334",333,0.20025,0.01385,0.02485,0.76105,"Netlogo_H_6","Net_H"
"335",334,0.2014,0.0142,0.0245,0.7599,"Netlogo_H_6","Net_H"
"336",335,0.20185,0.01445,0.02465,0.75905,"Netlogo_H_6","Net_H"
"337",336,0.20125,0.0153,0.0253,0.75815,"Netlogo_H_6","Net_H"
"338",337,0.20255,0.0164,0.02515,0.7559,"Netlogo_H_6","Net_H"
"339",338,0.2022,0.0159,0.026,0.7559,"Netlogo_H_6","Net_H"
"340",339,0.20255,0.01625,0.0266,0.7546,"Netlogo_H_6","Net_H"
"341",340,0.20405,0.0159,0.0272,0.75285,"Netlogo_H_6","Net_H"
"342",341,0.2035,0.0173,0.02695,0.75225,"Netlogo_H_6","Net_H"
"343",342,0.20375,0.0176,0.0274,0.75125,"Netlogo_H_6","Net_H"
"344",343,0.20355,0.017,0.02845,0.751,"Netlogo_H_6","Net_H"
"345",344,0.2033,0.01775,0.02795,0.751,"Netlogo_H_6","Net_H"
"346",345,0.2033,0.0176,0.02835,0.75075,"Netlogo_H_6","Net_H"
"347",346,0.20335,0.0181,0.02875,0.7498,"Netlogo_H_6","Net_H"
"348",347,0.2035,0.01855,0.0286,0.74935,"Netlogo_H_6","Net_H"
"349",348,0.2044,0.01885,0.0294,0.74735,"Netlogo_H_6","Net_H"
"350",349,0.2048,0.01895,0.02965,0.7466,"Netlogo_H_6","Net_H"
"351",350,0.20455,0.0191,0.03065,0.7457,"Netlogo_H_6","Net_H"
"352",351,0.2045,0.0198,0.03075,0.74495,"Netlogo_H_6","Net_H"
"353",352,0.2056,0.01895,0.0319,0.74355,"Netlogo_H_6","Net_H"
"354",353,0.2039,0.0196,0.03175,0.74475,"Netlogo_H_6","Net_H"
"355",354,0.20415,0.02075,0.03105,0.74405,"Netlogo_H_6","Net_H"
"356",355,0.20435,0.02105,0.03185,0.74275,"Netlogo_H_6","Net_H"
"357",356,0.20405,0.02025,0.03305,0.74265,"Netlogo_H_6","Net_H"
"358",357,0.20355,0.0215,0.03245,0.7425,"Netlogo_H_6","Net_H"
"359",358,0.2042,0.0211,0.0321,0.7426,"Netlogo_H_6","Net_H"
"360",359,0.20395,0.02065,0.03285,0.74255,"Netlogo_H_6","Net_H"
"361",360,0.20325,0.02085,0.03315,0.74275,"Netlogo_H_6","Net_H"
"362",361,0.20265,0.0207,0.0336,0.74305,"Netlogo_H_6","Net_H"
"363",362,0.2024,0.0208,0.03415,0.74265,"Netlogo_H_6","Net_H"
"364",363,0.20175,0.02195,0.03305,0.74325,"Netlogo_H_6","Net_H"
"365",364,0.20185,0.0217,0.03385,0.7426,"Netlogo_H_6","Net_H"
"366",365,0.2022,0.02185,0.034,0.74195,"Netlogo_H_6","Net_H"
"367",366,0.2014,0.02185,0.03515,0.7416,"Netlogo_H_6","Net_H"
"368",367,0.20045,0.02255,0.03635,0.74065,"Netlogo_H_6","Net_H"
"369",368,0.20025,0.0223,0.03735,0.7401,"Netlogo_H_6","Net_H"
"370",369,0.19925,0.0223,0.0371,0.74135,"Netlogo_H_6","Net_H"
"371",370,0.19855,0.0224,0.03845,0.7406,"Netlogo_H_6","Net_H"
"372",371,0.1973,0.023,0.0378,0.7419,"Netlogo_H_6","Net_H"
"373",372,0.19745,0.023,0.03855,0.741,"Netlogo_H_6","Net_H"
"374",373,0.1972,0.0229,0.0394,0.7405,"Netlogo_H_6","Net_H"
"375",374,0.19615,0.02345,0.04025,0.74015,"Netlogo_H_6","Net_H"
"376",375,0.1955,0.0232,0.04025,0.74105,"Netlogo_H_6","Net_H"
"377",376,0.1943,0.02285,0.0412,0.74165,"Netlogo_H_6","Net_H"
"378",377,0.1934,0.0223,0.04205,0.74225,"Netlogo_H_6","Net_H"
"379",378,0.19175,0.02325,0.04125,0.74375,"Netlogo_H_6","Net_H"
"380",379,0.1917,0.02365,0.04065,0.744,"Netlogo_H_6","Net_H"
"381",380,0.19175,0.02395,0.04175,0.74255,"Netlogo_H_6","Net_H"
"382",381,0.1906,0.02385,0.0426,0.74295,"Netlogo_H_6","Net_H"
"383",382,0.191,0.02355,0.04315,0.7423,"Netlogo_H_6","Net_H"
"384",383,0.18885,0.0251,0.04205,0.744,"Netlogo_H_6","Net_H"
"385",384,0.19005,0.024,0.04245,0.7435,"Netlogo_H_6","Net_H"
"386",385,0.18965,0.02415,0.04265,0.74355,"Netlogo_H_6","Net_H"
"387",386,0.1884,0.025,0.04155,0.74505,"Netlogo_H_6","Net_H"
"388",387,0.1876,0.0252,0.04135,0.74585,"Netlogo_H_6","Net_H"
"389",388,0.1868,0.02495,0.0417,0.74655,"Netlogo_H_6","Net_H"
"390",389,0.1861,0.02515,0.04205,0.7467,"Netlogo_H_6","Net_H"
"391",390,0.18515,0.02545,0.0417,0.7477,"Netlogo_H_6","Net_H"
"392",391,0.1838,0.0254,0.042,0.7488,"Netlogo_H_6","Net_H"
"393",392,0.1827,0.0247,0.0417,0.7509,"Netlogo_H_6","Net_H"
"394",393,0.18085,0.02455,0.04305,0.75155,"Netlogo_H_6","Net_H"
"395",394,0.18065,0.0244,0.04285,0.7521,"Netlogo_H_6","Net_H"
"396",395,0.18025,0.02475,0.0419,0.7531,"Netlogo_H_6","Net_H"
"397",396,0.18,0.024,0.0419,0.7541,"Netlogo_H_6","Net_H"
"398",397,0.17985,0.0237,0.04145,0.755,"Netlogo_H_6","Net_H"
"399",398,0.17915,0.0239,0.0417,0.75525,"Netlogo_H_6","Net_H"
"400",399,0.17805,0.0237,0.04215,0.7561,"Netlogo_H_6","Net_H"
"401",400,0.1775,0.0239,0.0426,0.756,"Netlogo_H_6","Net_H"
"402",401,0.1778,0.023,0.04295,0.75625,"Netlogo_H_6","Net_H"
"403",402,0.177,0.02275,0.0426,0.75765,"Netlogo_H_6","Net_H"
"404",403,0.17695,0.02245,0.04285,0.75775,"Netlogo_H_6","Net_H"
"405",404,0.17695,0.0219,0.04255,0.7586,"Netlogo_H_6","Net_H"
"406",405,0.17615,0.02165,0.04305,0.75915,"Netlogo_H_6","Net_H"
"407",406,0.176,0.0222,0.043,0.7588,"Netlogo_H_6","Net_H"
"408",407,0.1761,0.0228,0.04145,0.75965,"Netlogo_H_6","Net_H"
"409",408,0.1755,0.02245,0.0426,0.75945,"Netlogo_H_6","Net_H"
"410",409,0.1745,0.0234,0.0417,0.7604,"Netlogo_H_6","Net_H"
"411",410,0.17485,0.023,0.04095,0.7612,"Netlogo_H_6","Net_H"
"412",411,0.17435,0.023,0.04035,0.7623,"Netlogo_H_6","Net_H"
"413",412,0.1751,0.02155,0.04155,0.7618,"Netlogo_H_6","Net_H"
"414",413,0.1743,0.0217,0.0412,0.7628,"Netlogo_H_6","Net_H"
"415",414,0.17355,0.021,0.04135,0.7641,"Netlogo_H_6","Net_H"
"416",415,0.17355,0.02155,0.0408,0.7641,"Netlogo_H_6","Net_H"
"417",416,0.1735,0.02075,0.0414,0.76435,"Netlogo_H_6","Net_H"
"418",417,0.1746,0.01955,0.04235,0.7635,"Netlogo_H_6","Net_H"
"419",418,0.174,0.02075,0.04195,0.7633,"Netlogo_H_6","Net_H"
"420",419,0.17435,0.0214,0.04115,0.7631,"Netlogo_H_6","Net_H"
"421",420,0.1739,0.0219,0.0402,0.764,"Netlogo_H_6","Net_H"
"422",421,0.17315,0.02155,0.0406,0.7647,"Netlogo_H_6","Net_H"
"423",422,0.1735,0.0214,0.0409,0.7642,"Netlogo_H_6","Net_H"
"424",423,0.17275,0.02145,0.0417,0.7641,"Netlogo_H_6","Net_H"
"425",424,0.17335,0.02095,0.0418,0.7639,"Netlogo_H_6","Net_H"
"426",425,0.17215,0.02205,0.04095,0.76485,"Netlogo_H_6","Net_H"
"427",426,0.17215,0.02245,0.04135,0.76405,"Netlogo_H_6","Net_H"
"428",427,0.1723,0.02205,0.0414,0.76425,"Netlogo_H_6","Net_H"
"429",428,0.1722,0.02175,0.04165,0.7644,"Netlogo_H_6","Net_H"
"430",429,0.1715,0.0217,0.04135,0.76545,"Netlogo_H_6","Net_H"
"431",430,0.1713,0.02245,0.0405,0.76575,"Netlogo_H_6","Net_H"
"432",431,0.1722,0.0217,0.04,0.7661,"Netlogo_H_6","Net_H"
"433",432,0.17195,0.0225,0.04,0.76555,"Netlogo_H_6","Net_H"
"434",433,0.17185,0.0224,0.0399,0.76585,"Netlogo_H_6","Net_H"
"435",434,0.17265,0.0221,0.0391,0.76615,"Netlogo_H_6","Net_H"
"436",435,0.1734,0.0211,0.0391,0.7664,"Netlogo_H_6","Net_H"
"437",436,0.1725,0.0219,0.03805,0.76755,"Netlogo_H_6","Net_H"
"438",437,0.17265,0.02245,0.0381,0.7668,"Netlogo_H_6","Net_H"
"439",438,0.17155,0.02295,0.03745,0.76805,"Netlogo_H_6","Net_H"
"440",439,0.1724,0.0223,0.0375,0.7678,"Netlogo_H_6","Net_H"
"441",440,0.174,0.02075,0.03835,0.7669,"Netlogo_H_6","Net_H"
"442",441,0.1748,0.02025,0.03855,0.7664,"Netlogo_H_6","Net_H"
"443",442,0.17535,0.02045,0.03805,0.76615,"Netlogo_H_6","Net_H"
"444",443,0.17565,0.01995,0.0382,0.7662,"Netlogo_H_6","Net_H"
"445",444,0.17565,0.0199,0.03905,0.7654,"Netlogo_H_6","Net_H"
"446",445,0.17615,0.0202,0.039,0.76465,"Netlogo_H_6","Net_H"
"447",446,0.1754,0.02155,0.0387,0.76435,"Netlogo_H_6","Net_H"
"448",447,0.17615,0.02125,0.03645,0.76615,"Netlogo_H_6","Net_H"
"449",448,0.17655,0.0202,0.0371,0.76615,"Netlogo_H_6","Net_H"
"450",449,0.1766,0.02105,0.0363,0.76605,"Netlogo_H_6","Net_H"
"451",450,0.1776,0.02,0.0368,0.7656,"Netlogo_H_6","Net_H"
"452",451,0.17815,0.0201,0.03735,0.7644,"Netlogo_H_6","Net_H"
"453",452,0.1786,0.0193,0.0376,0.7645,"Netlogo_H_6","Net_H"
"454",453,0.1798,0.01855,0.03845,0.7632,"Netlogo_H_6","Net_H"
"455",454,0.1809,0.01835,0.0374,0.76335,"Netlogo_H_6","Net_H"
"456",455,0.18095,0.0188,0.03665,0.7636,"Netlogo_H_6","Net_H"
"457",456,0.1806,0.01985,0.03515,0.7644,"Netlogo_H_6","Net_H"
"458",457,0.18105,0.02,0.0352,0.76375,"Netlogo_H_6","Net_H"
"459",458,0.18095,0.01985,0.03485,0.76435,"Netlogo_H_6","Net_H"
"460",459,0.18265,0.0195,0.03525,0.7626,"Netlogo_H_6","Net_H"
"461",460,0.1832,0.01985,0.03485,0.7621,"Netlogo_H_6","Net_H"
"462",461,0.1835,0.0192,0.0353,0.762,"Netlogo_H_6","Net_H"
"463",462,0.18315,0.0195,0.03565,0.7617,"Netlogo_H_6","Net_H"
"464",463,0.1825,0.0206,0.0346,0.7623,"Netlogo_H_6","Net_H"
"465",464,0.18235,0.021,0.0339,0.76275,"Netlogo_H_6","Net_H"
"466",465,0.18135,0.02125,0.03385,0.76355,"Netlogo_H_6","Net_H"
"467",466,0.18145,0.0207,0.0358,0.76205,"Netlogo_H_6","Net_H"
"468",467,0.1817,0.0193,0.0368,0.7622,"Netlogo_H_6","Net_H"
"469",468,0.18135,0.0203,0.03655,0.7618,"Netlogo_H_6","Net_H"
"470",469,0.18205,0.01925,0.03675,0.76195,"Netlogo_H_6","Net_H"
"471",470,0.18355,0.0183,0.0369,0.76125,"Netlogo_H_6","Net_H"
"472",471,0.1833,0.01925,0.0361,0.76135,"Netlogo_H_6","Net_H"
"473",472,0.18435,0.01975,0.03575,0.76015,"Netlogo_H_6","Net_H"
"474",473,0.1847,0.02015,0.0362,0.75895,"Netlogo_H_6","Net_H"
"475",474,0.18375,0.02085,0.0366,0.7588,"Netlogo_H_6","Net_H"
"476",475,0.1844,0.0205,0.0365,0.7586,"Netlogo_H_6","Net_H"
"477",476,0.18445,0.02035,0.03655,0.75865,"Netlogo_H_6","Net_H"
"478",477,0.18405,0.01995,0.03715,0.75885,"Netlogo_H_6","Net_H"
"479",478,0.1843,0.01985,0.03845,0.7574,"Netlogo_H_6","Net_H"
"480",479,0.1847,0.0212,0.0377,0.7564,"Netlogo_H_6","Net_H"
"481",480,0.18525,0.0207,0.03735,0.7567,"Netlogo_H_6","Net_H"
"482",481,0.1854,0.02005,0.03845,0.7561,"Netlogo_H_6","Net_H"
"483",482,0.1853,0.02,0.03885,0.75585,"Netlogo_H_6","Net_H"
"484",483,0.18495,0.0207,0.0388,0.75555,"Netlogo_H_6","Net_H"
"485",484,0.1846,0.0207,0.0388,0.7559,"Netlogo_H_6","Net_H"
"486",485,0.18495,0.0207,0.0382,0.75615,"Netlogo_H_6","Net_H"
"487",486,0.1858,0.02075,0.03825,0.7552,"Netlogo_H_6","Net_H"
"488",487,0.18615,0.0208,0.0385,0.75455,"Netlogo_H_6","Net_H"
"489",488,0.1867,0.02095,0.0371,0.75525,"Netlogo_H_6","Net_H"
"490",489,0.18665,0.0204,0.0373,0.75565,"Netlogo_H_6","Net_H"
"491",490,0.1857,0.0212,0.03645,0.75665,"Netlogo_H_6","Net_H"
"492",491,0.185,0.02135,0.0365,0.75715,"Netlogo_H_6","Net_H"
"493",492,0.1854,0.0212,0.0363,0.7571,"Netlogo_H_6","Net_H"
"494",493,0.1846,0.0211,0.0373,0.757,"Netlogo_H_6","Net_H"
"495",494,0.1852,0.02,0.0376,0.7572,"Netlogo_H_6","Net_H"
"496",495,0.18425,0.02055,0.0379,0.7573,"Netlogo_H_6","Net_H"
"497",496,0.18385,0.0206,0.0383,0.75725,"Netlogo_H_6","Net_H"
"498",497,0.18235,0.0219,0.0372,0.75855,"Netlogo_H_6","Net_H"
"499",498,0.18225,0.0232,0.03595,0.7586,"Netlogo_H_6","Net_H"
"500",499,0.182,0.02225,0.0366,0.75915,"Netlogo_H_6","Net_H"
"501",500,0.18285,0.02085,0.03755,0.75875,"Netlogo_H_6","Net_H"
"502",501,0.1822,0.0203,0.03785,0.75965,"Netlogo_H_6","Net_H"
"503",502,0.1814,0.02145,0.03795,0.7592,"Netlogo_H_6","Net_H"
"504",503,0.1808,0.0223,0.03805,0.75885,"Netlogo_H_6","Net_H"
"505",504,0.1807,0.02155,0.0383,0.75945,"Netlogo_H_6","Net_H"
"506",505,0.18215,0.02125,0.03845,0.75815,"Netlogo_H_6","Net_H"
"507",506,0.1823,0.02125,0.0384,0.75805,"Netlogo_H_6","Net_H"
"508",507,0.18195,0.02095,0.03905,0.75805,"Netlogo_H_6","Net_H"
"509",508,0.18295,0.0196,0.04,0.75745,"Netlogo_H_6","Net_H"
"510",509,0.1824,0.0197,0.0403,0.7576,"Netlogo_H_6","Net_H"
"511",510,0.1815,0.0212,0.0392,0.7581,"Netlogo_H_6","Net_H"
"512",511,0.18095,0.0212,0.03855,0.7593,"Netlogo_H_6","Net_H"
"513",512,0.18165,0.0214,0.03875,0.7582,"Netlogo_H_6","Net_H"
"514",513,0.1804,0.02155,0.0392,0.75885,"Netlogo_H_6","Net_H"
"515",514,0.1803,0.02155,0.03915,0.759,"Netlogo_H_6","Net_H"
"516",515,0.18075,0.02115,0.0391,0.759,"Netlogo_H_6","Net_H"
"517",516,0.18075,0.0208,0.03975,0.7587,"Netlogo_H_6","Net_H"
"518",517,0.1795,0.02155,0.03905,0.7599,"Netlogo_H_6","Net_H"
"519",518,0.1807,0.0219,0.03885,0.75855,"Netlogo_H_6","Net_H"
"520",519,0.1799,0.0214,0.03875,0.75995,"Netlogo_H_6","Net_H"
"521",520,0.1795,0.02335,0.0376,0.75955,"Netlogo_H_6","Net_H"
"522",521,0.1788,0.0228,0.0391,0.7593,"Netlogo_H_6","Net_H"
"523",522,0.17925,0.0216,0.0391,0.76005,"Netlogo_H_6","Net_H"
"524",523,0.17895,0.02175,0.03915,0.76015,"Netlogo_H_6","Net_H"
"525",524,0.17855,0.0224,0.0386,0.76045,"Netlogo_H_6","Net_H"
"526",525,0.17815,0.0217,0.0398,0.76035,"Netlogo_H_6","Net_H"
"527",526,0.1768,0.02265,0.03955,0.761,"Netlogo_H_6","Net_H"
"528",527,0.1769,0.0224,0.04015,0.76055,"Netlogo_H_6","Net_H"
"529",528,0.17615,0.02275,0.04065,0.76045,"Netlogo_H_6","Net_H"
"530",529,0.1761,0.0216,0.0421,0.7602,"Netlogo_H_6","Net_H"
"531",530,0.17525,0.0216,0.0428,0.76035,"Netlogo_H_6","Net_H"
"532",531,0.17515,0.02205,0.04225,0.76055,"Netlogo_H_6","Net_H"
"533",532,0.17405,0.0221,0.0419,0.76195,"Netlogo_H_6","Net_H"
"534",533,0.1739,0.02175,0.0408,0.76355,"Netlogo_H_6","Net_H"
"535",534,0.17295,0.02255,0.04105,0.76345,"Netlogo_H_6","Net_H"
"536",535,0.173,0.02125,0.0421,0.76365,"Netlogo_H_6","Net_H"
"537",536,0.17275,0.02105,0.0416,0.7646,"Netlogo_H_6","Net_H"
"538",537,0.17245,0.0219,0.04,0.76565,"Netlogo_H_6","Net_H"
"539",538,0.17235,0.02105,0.0404,0.7662,"Netlogo_H_6","Net_H"
"540",539,0.17265,0.02035,0.04065,0.76635,"Netlogo_H_6","Net_H"
"541",540,0.17145,0.0208,0.04095,0.7668,"Netlogo_H_6","Net_H"
"542",541,0.172,0.0213,0.04015,0.76655,"Netlogo_H_6","Net_H"
"543",542,0.1726,0.0206,0.0404,0.7664,"Netlogo_H_6","Net_H"
"544",543,0.1725,0.0211,0.04045,0.76595,"Netlogo_H_6","Net_H"
"545",544,0.17255,0.02055,0.04095,0.76595,"Netlogo_H_6","Net_H"
"546",545,0.17295,0.02005,0.03975,0.76725,"Netlogo_H_6","Net_H"
"547",546,0.17225,0.0209,0.03845,0.7684,"Netlogo_H_6","Net_H"
"548",547,0.17365,0.02025,0.03825,0.76785,"Netlogo_H_6","Net_H"
"549",548,0.1743,0.01965,0.03795,0.7681,"Netlogo_H_6","Net_H"
"550",549,0.1742,0.0197,0.03735,0.76875,"Netlogo_H_6","Net_H"
"551",550,0.17495,0.0194,0.0376,0.76805,"Netlogo_H_6","Net_H"
"552",551,0.17495,0.01975,0.03605,0.76925,"Netlogo_H_6","Net_H"
"553",552,0.17485,0.0207,0.03585,0.7686,"Netlogo_H_6","Net_H"
"554",553,0.1748,0.0209,0.0359,0.7684,"Netlogo_H_6","Net_H"
"555",554,0.1742,0.02085,0.03665,0.7683,"Netlogo_H_6","Net_H"
"556",555,0.17525,0.0198,0.03655,0.7684,"Netlogo_H_6","Net_H"
"557",556,0.1743,0.0201,0.0371,0.7685,"Netlogo_H_6","Net_H"
"558",557,0.17545,0.01985,0.03665,0.76805,"Netlogo_H_6","Net_H"
"559",558,0.17585,0.01975,0.03635,0.76805,"Netlogo_H_6","Net_H"
"560",559,0.17685,0.01865,0.0363,0.7682,"Netlogo_H_6","Net_H"
"561",560,0.17675,0.0185,0.036,0.76875,"Netlogo_H_6","Net_H"
"562",561,0.17755,0.0182,0.0363,0.76795,"Netlogo_H_6","Net_H"
"563",562,0.17775,0.01845,0.03695,0.76685,"Netlogo_H_6","Net_H"
"564",563,0.17825,0.0197,0.03585,0.7662,"Netlogo_H_6","Net_H"
"565",564,0.179,0.0196,0.0359,0.7655,"Netlogo_H_6","Net_H"
"566",565,0.18005,0.01925,0.03585,0.76485,"Netlogo_H_6","Net_H"
"567",566,0.17945,0.01975,0.03545,0.76535,"Netlogo_H_6","Net_H"
"568",567,0.1791,0.0196,0.037,0.7643,"Netlogo_H_6","Net_H"
"569",568,0.1783,0.01995,0.0363,0.76545,"Netlogo_H_6","Net_H"
"570",569,0.1777,0.021,0.0355,0.7658,"Netlogo_H_6","Net_H"
"571",570,0.1781,0.02065,0.0356,0.76565,"Netlogo_H_6","Net_H"
"572",571,0.17845,0.0197,0.0358,0.76605,"Netlogo_H_6","Net_H"
"573",572,0.17975,0.0191,0.036,0.76515,"Netlogo_H_6","Net_H"
"574",573,0.18005,0.01855,0.03655,0.76485,"Netlogo_H_6","Net_H"
"575",574,0.18025,0.01905,0.0353,0.7654,"Netlogo_H_6","Net_H"
"576",575,0.18225,0.017,0.0361,0.76465,"Netlogo_H_6","Net_H"
"577",576,0.18115,0.0187,0.03545,0.7647,"Netlogo_H_6","Net_H"
"578",577,0.18095,0.02015,0.03425,0.76465,"Netlogo_H_6","Net_H"
"579",578,0.18195,0.0188,0.03445,0.7648,"Netlogo_H_6","Net_H"
"580",579,0.1826,0.0189,0.0337,0.7648,"Netlogo_H_6","Net_H"
"581",580,0.1834,0.0185,0.0336,0.7645,"Netlogo_H_6","Net_H"
"582",581,0.1832,0.0186,0.03315,0.76505,"Netlogo_H_6","Net_H"
"583",582,0.18355,0.01935,0.0329,0.7642,"Netlogo_H_6","Net_H"
"584",583,0.18385,0.0192,0.03405,0.7629,"Netlogo_H_6","Net_H"
"585",584,0.1843,0.01905,0.0343,0.76235,"Netlogo_H_6","Net_H"
"586",585,0.18425,0.01935,0.0339,0.7625,"Netlogo_H_6","Net_H"
"587",586,0.18495,0.0196,0.03375,0.7617,"Netlogo_H_6","Net_H"
"588",587,0.18585,0.0186,0.03475,0.7608,"Netlogo_H_6","Net_H"
"589",588,0.1858,0.0173,0.0359,0.761,"Netlogo_H_6","Net_H"
"590",589,0.18495,0.01845,0.0348,0.7618,"Netlogo_H_6","Net_H"
"591",590,0.18515,0.01855,0.0344,0.7619,"Netlogo_H_6","Net_H"
"592",591,0.1856,0.0189,0.0348,0.7607,"Netlogo_H_6","Net_H"
"593",592,0.18705,0.0185,0.03465,0.7598,"Netlogo_H_6","Net_H"
"594",593,0.1877,0.0188,0.034,0.7595,"Netlogo_H_6","Net_H"
"595",594,0.18775,0.0202,0.03235,0.7597,"Netlogo_H_6","Net_H"
"596",595,0.18795,0.0205,0.03205,0.7595,"Netlogo_H_6","Net_H"
"597",596,0.18775,0.02055,0.0332,0.7585,"Netlogo_H_6","Net_H"
"598",597,0.1889,0.0196,0.0341,0.7574,"Netlogo_H_6","Net_H"
"599",598,0.1878,0.0204,0.0353,0.7565,"Netlogo_H_6","Net_H"
"600",599,0.1881,0.0214,0.0352,0.7553,"Netlogo_H_6","Net_H"
"601",600,0.1894,0.0206,0.03605,0.75395,"Netlogo_H_6","Net_H"
"602",601,0.19055,0.01985,0.03585,0.75375,"Netlogo_H_6","Net_H"
"603",602,0.18935,0.02005,0.03675,0.75385,"Netlogo_H_6","Net_H"
"604",603,0.18995,0.01995,0.03575,0.75435,"Netlogo_H_6","Net_H"
"605",604,0.1905,0.01885,0.03565,0.755,"Netlogo_H_6","Net_H"
"606",605,0.1908,0.01935,0.03555,0.7543,"Netlogo_H_6","Net_H"
"607",606,0.1901,0.02015,0.03485,0.7549,"Netlogo_H_6","Net_H"
"608",607,0.1906,0.0197,0.03555,0.75415,"Netlogo_H_6","Net_H"
"609",608,0.18875,0.02025,0.0364,0.7546,"Netlogo_H_6","Net_H"
"610",609,0.18915,0.0206,0.03665,0.7536,"Netlogo_H_6","Net_H"
"611",610,0.1894,0.0204,0.03575,0.75445,"Netlogo_H_6","Net_H"
"612",611,0.18855,0.021,0.03625,0.7542,"Netlogo_H_6","Net_H"
"613",612,0.18835,0.0207,0.03665,0.7543,"Netlogo_H_6","Net_H"
"614",613,0.1882,0.0211,0.03705,0.75365,"Netlogo_H_6","Net_H"
"615",614,0.189,0.0199,0.0375,0.7536,"Netlogo_H_6","Net_H"
"616",615,0.1887,0.0203,0.0381,0.7529,"Netlogo_H_6","Net_H"
"617",616,0.18855,0.02025,0.03785,0.75335,"Netlogo_H_6","Net_H"
"618",617,0.1879,0.0203,0.0372,0.7546,"Netlogo_H_6","Net_H"
"619",618,0.18765,0.0202,0.03745,0.7547,"Netlogo_H_6","Net_H"
"620",619,0.1864,0.02125,0.03685,0.7555,"Netlogo_H_6","Net_H"
"621",620,0.1869,0.0217,0.0365,0.7549,"Netlogo_H_6","Net_H"
"622",621,0.1871,0.02225,0.0367,0.75395,"Netlogo_H_6","Net_H"
"623",622,0.18615,0.0226,0.037,0.75425,"Netlogo_H_6","Net_H"
"624",623,0.18555,0.0218,0.0379,0.75475,"Netlogo_H_6","Net_H"
"625",624,0.1846,0.02315,0.0377,0.75455,"Netlogo_H_6","Net_H"
"626",625,0.18425,0.02265,0.03855,0.75455,"Netlogo_H_6","Net_H"
"627",626,0.18335,0.02295,0.039,0.7547,"Netlogo_H_6","Net_H"
"628",627,0.1829,0.0228,0.0396,0.7547,"Netlogo_H_6","Net_H"
"629",628,0.18255,0.02185,0.04095,0.75465,"Netlogo_H_6","Net_H"
"630",629,0.1825,0.02265,0.0404,0.75445,"Netlogo_H_6","Net_H"
"631",630,0.1823,0.0224,0.0405,0.7548,"Netlogo_H_6","Net_H"
"632",631,0.18205,0.0217,0.0414,0.75485,"Netlogo_H_6","Net_H"
"633",632,0.1802,0.023,0.04145,0.75535,"Netlogo_H_6","Net_H"
"634",633,0.17885,0.02375,0.0404,0.757,"Netlogo_H_6","Net_H"
"635",634,0.1782,0.0238,0.03985,0.75815,"Netlogo_H_6","Net_H"
"636",635,0.1791,0.02295,0.0401,0.75785,"Netlogo_H_6","Net_H"
"637",636,0.1789,0.02225,0.0411,0.75775,"Netlogo_H_6","Net_H"
"638",637,0.17965,0.02245,0.0405,0.7574,"Netlogo_H_6","Net_H"
"639",638,0.1799,0.0228,0.0403,0.757,"Netlogo_H_6","Net_H"
"640",639,0.18075,0.02195,0.0402,0.7571,"Netlogo_H_6","Net_H"
"641",640,0.1802,0.0224,0.04095,0.75645,"Netlogo_H_6","Net_H"
