"","step","S","E","I","R","simu","Langage"
"1",0,0.999,0,0.001,0,"Netlogo_H_10","Net_H"
"2",1,0.9985,5e-04,0.001,0,"Netlogo_H_10","Net_H"
"3",2,0.9977,0.0013,9e-04,1e-04,"Netlogo_H_10","Net_H"
"4",3,0.99715,0.00175,8e-04,3e-04,"Netlogo_H_10","Net_H"
"5",4,0.9968,0.00165,0.0011,0.00045,"Netlogo_H_10","Net_H"
"6",5,0.9962,0.00205,0.0012,0.00055,"Netlogo_H_10","Net_H"
"7",6,0.99525,0.00255,0.0016,6e-04,"Netlogo_H_10","Net_H"
"8",7,0.9944,0.0031,0.00185,0.00065,"Netlogo_H_10","Net_H"
"9",8,0.9933,0.00345,0.00255,7e-04,"Netlogo_H_10","Net_H"
"10",9,0.9917,0.00415,0.0033,0.00085,"Netlogo_H_10","Net_H"
"11",10,0.9895,0.00575,0.0036,0.00115,"Netlogo_H_10","Net_H"
"12",11,0.9867,0.00745,0.0045,0.00135,"Netlogo_H_10","Net_H"
"13",12,0.98375,0.0088,0.00575,0.0017,"Netlogo_H_10","Net_H"
"14",13,0.98055,0.01035,0.00705,0.00205,"Netlogo_H_10","Net_H"
"15",14,0.97535,0.01345,0.0086,0.0026,"Netlogo_H_10","Net_H"
"16",15,0.96955,0.01715,0.0101,0.0032,"Netlogo_H_10","Net_H"
"17",16,0.96205,0.02165,0.0123,0.004,"Netlogo_H_10","Net_H"
"18",17,0.95385,0.0265,0.01405,0.0056,"Netlogo_H_10","Net_H"
"19",18,0.9452,0.0301,0.01745,0.00725,"Netlogo_H_10","Net_H"
"20",19,0.9329,0.03665,0.02165,0.0088,"Netlogo_H_10","Net_H"
"21",20,0.91895,0.0433,0.02675,0.011,"Netlogo_H_10","Net_H"
"22",21,0.90345,0.0501,0.0325,0.01395,"Netlogo_H_10","Net_H"
"23",22,0.88265,0.0605,0.0403,0.01655,"Netlogo_H_10","Net_H"
"24",23,0.8585,0.07385,0.0477,0.01995,"Netlogo_H_10","Net_H"
"25",24,0.83185,0.08645,0.0574,0.0243,"Netlogo_H_10","Net_H"
"26",25,0.799,0.10325,0.0678,0.02995,"Netlogo_H_10","Net_H"
"27",26,0.76205,0.12035,0.08035,0.03725,"Netlogo_H_10","Net_H"
"28",27,0.71975,0.1385,0.0958,0.04595,"Netlogo_H_10","Net_H"
"29",28,0.67105,0.1603,0.11255,0.0561,"Netlogo_H_10","Net_H"
"30",29,0.62175,0.17905,0.1314,0.0678,"Netlogo_H_10","Net_H"
"31",30,0.56835,0.1946,0.1552,0.08185,"Netlogo_H_10","Net_H"
"32",31,0.51065,0.21345,0.17865,0.09725,"Netlogo_H_10","Net_H"
"33",32,0.45015,0.23035,0.2039,0.1156,"Netlogo_H_10","Net_H"
"34",33,0.3922,0.2415,0.2317,0.1346,"Netlogo_H_10","Net_H"
"35",34,0.3304,0.2515,0.2602,0.1579,"Netlogo_H_10","Net_H"
"36",35,0.2757,0.25375,0.28445,0.1861,"Netlogo_H_10","Net_H"
"37",36,0.22665,0.24625,0.3112,0.2159,"Netlogo_H_10","Net_H"
"38",37,0.18175,0.23785,0.3318,0.2486,"Netlogo_H_10","Net_H"
"39",38,0.144,0.2218,0.34915,0.28505,"Netlogo_H_10","Net_H"
"40",39,0.11195,0.202,0.3623,0.32375,"Netlogo_H_10","Net_H"
"41",40,0.0872,0.17955,0.36905,0.3642,"Netlogo_H_10","Net_H"
"42",41,0.06835,0.155,0.3705,0.40615,"Netlogo_H_10","Net_H"
"43",42,0.05455,0.1299,0.3695,0.44605,"Netlogo_H_10","Net_H"
"44",43,0.0436,0.1085,0.35915,0.48875,"Netlogo_H_10","Net_H"
"45",44,0.0355,0.0915,0.3427,0.5303,"Netlogo_H_10","Net_H"
"46",45,0.02905,0.07765,0.32275,0.57055,"Netlogo_H_10","Net_H"
"47",46,0.02425,0.064,0.3036,0.60815,"Netlogo_H_10","Net_H"
"48",47,0.02085,0.05325,0.28025,0.64565,"Netlogo_H_10","Net_H"
"49",48,0.019,0.0421,0.2593,0.6796,"Netlogo_H_10","Net_H"
"50",49,0.01785,0.034,0.2356,0.71255,"Netlogo_H_10","Net_H"
"51",50,0.0177,0.0269,0.2165,0.7389,"Netlogo_H_10","Net_H"
"52",51,0.01795,0.02215,0.197,0.7629,"Netlogo_H_10","Net_H"
"53",52,0.01845,0.0172,0.17805,0.7863,"Netlogo_H_10","Net_H"
"54",53,0.01895,0.01515,0.15875,0.80715,"Netlogo_H_10","Net_H"
"55",54,0.0197,0.0141,0.14285,0.82335,"Netlogo_H_10","Net_H"
"56",55,0.0201,0.01285,0.12685,0.8402,"Netlogo_H_10","Net_H"
"57",56,0.0206,0.0119,0.11415,0.85335,"Netlogo_H_10","Net_H"
"58",57,0.02195,0.01055,0.1022,0.8653,"Netlogo_H_10","Net_H"
"59",58,0.02255,0.0101,0.091,0.87635,"Netlogo_H_10","Net_H"
"60",59,0.0235,0.0089,0.08105,0.88655,"Netlogo_H_10","Net_H"
"61",60,0.02575,0.00735,0.0734,0.8935,"Netlogo_H_10","Net_H"
"62",61,0.0268,0.00735,0.0648,0.90105,"Netlogo_H_10","Net_H"
"63",62,0.02815,0.00695,0.0581,0.9068,"Netlogo_H_10","Net_H"
"64",63,0.02985,0.00655,0.0509,0.9127,"Netlogo_H_10","Net_H"
"65",64,0.0315,0.0056,0.04535,0.91755,"Netlogo_H_10","Net_H"
"66",65,0.03415,0.0048,0.0415,0.91955,"Netlogo_H_10","Net_H"
"67",66,0.03595,0.0045,0.0369,0.92265,"Netlogo_H_10","Net_H"
"68",67,0.0387,0.0046,0.0337,0.923,"Netlogo_H_10","Net_H"
"69",68,0.0402,0.0048,0.0299,0.9251,"Netlogo_H_10","Net_H"
"70",69,0.0427,0.0046,0.02695,0.92575,"Netlogo_H_10","Net_H"
"71",70,0.04515,0.00405,0.0244,0.9264,"Netlogo_H_10","Net_H"
"72",71,0.04735,0.00375,0.0219,0.927,"Netlogo_H_10","Net_H"
"73",72,0.04995,0.00365,0.01845,0.92795,"Netlogo_H_10","Net_H"
"74",73,0.05295,0.0033,0.01675,0.927,"Netlogo_H_10","Net_H"
"75",74,0.0557,0.00305,0.0151,0.92615,"Netlogo_H_10","Net_H"
"76",75,0.0591,0.003,0.01275,0.92515,"Netlogo_H_10","Net_H"
"77",76,0.06295,0.00265,0.01145,0.92295,"Netlogo_H_10","Net_H"
"78",77,0.0654,0.0021,0.0113,0.9212,"Netlogo_H_10","Net_H"
"79",78,0.068,0.00225,0.0098,0.91995,"Netlogo_H_10","Net_H"
"80",79,0.0709,0.00215,0.00855,0.9184,"Netlogo_H_10","Net_H"
"81",80,0.07435,0.00185,0.00795,0.91585,"Netlogo_H_10","Net_H"
"82",81,0.07755,0.0017,0.00735,0.9134,"Netlogo_H_10","Net_H"
"83",82,0.08065,0.00185,0.0071,0.9104,"Netlogo_H_10","Net_H"
"84",83,0.0832,0.0018,0.0063,0.9087,"Netlogo_H_10","Net_H"
"85",84,0.086,0.0016,0.0057,0.9067,"Netlogo_H_10","Net_H"
"86",85,0.08795,0.0017,0.0053,0.90505,"Netlogo_H_10","Net_H"
"87",86,0.09015,0.00165,0.0048,0.9034,"Netlogo_H_10","Net_H"
"88",87,0.09395,0.0014,0.0043,0.90035,"Netlogo_H_10","Net_H"
"89",88,0.09635,0.0015,0.0041,0.89805,"Netlogo_H_10","Net_H"
"90",89,0.09915,0.0018,0.0037,0.89535,"Netlogo_H_10","Net_H"
"91",90,0.10225,0.00155,0.0035,0.8927,"Netlogo_H_10","Net_H"
"92",91,0.1049,0.0017,0.00335,0.89005,"Netlogo_H_10","Net_H"
"93",92,0.1078,0.00165,0.0032,0.88735,"Netlogo_H_10","Net_H"
"94",93,0.111,0.00165,0.003,0.88435,"Netlogo_H_10","Net_H"
"95",94,0.11355,0.00155,0.0029,0.882,"Netlogo_H_10","Net_H"
"96",95,0.11655,0.00145,0.0027,0.8793,"Netlogo_H_10","Net_H"
"97",96,0.11935,0.00115,0.0029,0.8766,"Netlogo_H_10","Net_H"
"98",97,0.12185,0.0013,0.00275,0.8741,"Netlogo_H_10","Net_H"
"99",98,0.12425,0.00105,0.00295,0.87175,"Netlogo_H_10","Net_H"
"100",99,0.12685,0.00085,0.00275,0.86955,"Netlogo_H_10","Net_H"
"101",100,0.1291,9e-04,0.00245,0.86755,"Netlogo_H_10","Net_H"
"102",101,0.1312,0.00085,0.0024,0.86555,"Netlogo_H_10","Net_H"
"103",102,0.1339,0.001,0.00225,0.86285,"Netlogo_H_10","Net_H"
"104",103,0.1357,0.00105,0.00225,0.861,"Netlogo_H_10","Net_H"
"105",104,0.1386,0.0011,0.0021,0.8582,"Netlogo_H_10","Net_H"
"106",105,0.14095,0.00125,0.00205,0.85575,"Netlogo_H_10","Net_H"
"107",106,0.1439,0.00125,0.0021,0.85275,"Netlogo_H_10","Net_H"
"108",107,0.14685,0.0012,0.0021,0.84985,"Netlogo_H_10","Net_H"
"109",108,0.1491,0.00115,0.002,0.84775,"Netlogo_H_10","Net_H"
"110",109,0.15145,0.00095,0.00205,0.84555,"Netlogo_H_10","Net_H"
"111",110,0.15355,0.00105,0.00205,0.84335,"Netlogo_H_10","Net_H"
"112",111,0.1559,0.00105,0.0021,0.84095,"Netlogo_H_10","Net_H"
"113",112,0.15805,0.001,0.0019,0.83905,"Netlogo_H_10","Net_H"
"114",113,0.16085,0.00095,0.00185,0.83635,"Netlogo_H_10","Net_H"
"115",114,0.16255,0.00085,0.00205,0.83455,"Netlogo_H_10","Net_H"
"116",115,0.1648,8e-04,0.00215,0.83225,"Netlogo_H_10","Net_H"
"117",116,0.16695,0.001,0.0022,0.82985,"Netlogo_H_10","Net_H"
"118",117,0.1689,0.001,0.002,0.8281,"Netlogo_H_10","Net_H"
"119",118,0.1712,9e-04,0.00195,0.82595,"Netlogo_H_10","Net_H"
"120",119,0.17345,8e-04,0.00175,0.824,"Netlogo_H_10","Net_H"
"121",120,0.17555,0.00085,0.0017,0.8219,"Netlogo_H_10","Net_H"
"122",121,0.17785,7e-04,0.00145,0.82,"Netlogo_H_10","Net_H"
"123",122,0.1802,0.00085,0.00125,0.8177,"Netlogo_H_10","Net_H"
"124",123,0.18245,7e-04,0.00145,0.8154,"Netlogo_H_10","Net_H"
"125",124,0.1844,0.00085,0.00135,0.8134,"Netlogo_H_10","Net_H"
"126",125,0.1876,0.00065,0.00135,0.8104,"Netlogo_H_10","Net_H"
"127",126,0.18985,0.00055,0.0015,0.8081,"Netlogo_H_10","Net_H"
"128",127,0.1921,0.00065,0.0014,0.80585,"Netlogo_H_10","Net_H"
"129",128,0.19505,0.00065,0.0014,0.8029,"Netlogo_H_10","Net_H"
"130",129,0.19675,0.00085,0.00135,0.80105,"Netlogo_H_10","Net_H"
"131",130,0.1991,0.00095,0.00125,0.7987,"Netlogo_H_10","Net_H"
"132",131,0.20115,0.00095,0.0011,0.7968,"Netlogo_H_10","Net_H"
"133",132,0.2035,0.00105,0.00125,0.7942,"Netlogo_H_10","Net_H"
"134",133,0.2051,0.001,0.0013,0.7926,"Netlogo_H_10","Net_H"
"135",134,0.2069,8e-04,0.0014,0.7909,"Netlogo_H_10","Net_H"
"136",135,0.2093,8e-04,0.0015,0.7884,"Netlogo_H_10","Net_H"
"137",136,0.21075,0.001,0.0015,0.78675,"Netlogo_H_10","Net_H"
"138",137,0.2123,0.001,0.0016,0.7851,"Netlogo_H_10","Net_H"
"139",138,0.21425,9e-04,0.00175,0.7831,"Netlogo_H_10","Net_H"
"140",139,0.21645,0.00085,0.00165,0.78105,"Netlogo_H_10","Net_H"
"141",140,0.2183,0.00075,0.0017,0.77925,"Netlogo_H_10","Net_H"
"142",141,0.21965,9e-04,0.00175,0.7777,"Netlogo_H_10","Net_H"
"143",142,0.22165,0.00095,0.0016,0.7758,"Netlogo_H_10","Net_H"
"144",143,0.22385,0.00105,0.0017,0.7734,"Netlogo_H_10","Net_H"
"145",144,0.22615,0.001,0.0018,0.77105,"Netlogo_H_10","Net_H"
"146",145,0.22835,9e-04,0.0019,0.76885,"Netlogo_H_10","Net_H"
"147",146,0.22995,0.0011,0.0018,0.76715,"Netlogo_H_10","Net_H"
"148",147,0.2315,0.0012,0.00175,0.76555,"Netlogo_H_10","Net_H"
"149",148,0.2336,0.00155,0.00175,0.7631,"Netlogo_H_10","Net_H"
"150",149,0.23555,0.00175,0.00175,0.76095,"Netlogo_H_10","Net_H"
"151",150,0.23725,0.00165,0.0022,0.7589,"Netlogo_H_10","Net_H"
"152",151,0.23915,0.0016,0.0022,0.75705,"Netlogo_H_10","Net_H"
"153",152,0.24085,0.00155,0.0023,0.7553,"Netlogo_H_10","Net_H"
"154",153,0.24295,0.0016,0.0022,0.75325,"Netlogo_H_10","Net_H"
"155",154,0.2444,0.00145,0.0026,0.75155,"Netlogo_H_10","Net_H"
"156",155,0.2457,0.00175,0.0025,0.75005,"Netlogo_H_10","Net_H"
"157",156,0.2479,0.0017,0.0026,0.7478,"Netlogo_H_10","Net_H"
"158",157,0.2499,0.00155,0.00275,0.7458,"Netlogo_H_10","Net_H"
"159",158,0.25155,0.00155,0.0028,0.7441,"Netlogo_H_10","Net_H"
"160",159,0.25355,0.00155,0.00305,0.74185,"Netlogo_H_10","Net_H"
"161",160,0.2547,0.0018,0.0031,0.7404,"Netlogo_H_10","Net_H"
"162",161,0.2557,0.00225,0.0028,0.73925,"Netlogo_H_10","Net_H"
"163",162,0.25715,0.0023,0.0028,0.73775,"Netlogo_H_10","Net_H"
"164",163,0.25905,0.002,0.003,0.73595,"Netlogo_H_10","Net_H"
"165",164,0.26085,0.00205,0.00315,0.73395,"Netlogo_H_10","Net_H"
"166",165,0.2617,0.00195,0.0034,0.73295,"Netlogo_H_10","Net_H"
"167",166,0.2631,0.00225,0.00305,0.7316,"Netlogo_H_10","Net_H"
"168",167,0.26475,0.00245,0.00315,0.72965,"Netlogo_H_10","Net_H"
"169",168,0.26635,0.0024,0.0033,0.72795,"Netlogo_H_10","Net_H"
"170",169,0.26855,0.0023,0.0033,0.72585,"Netlogo_H_10","Net_H"
"171",170,0.2696,0.00225,0.00355,0.7246,"Netlogo_H_10","Net_H"
"172",171,0.27135,0.00235,0.0035,0.7228,"Netlogo_H_10","Net_H"
"173",172,0.27235,0.0024,0.00385,0.7214,"Netlogo_H_10","Net_H"
"174",173,0.2739,0.0026,0.0036,0.7199,"Netlogo_H_10","Net_H"
"175",174,0.2757,0.0026,0.00345,0.71825,"Netlogo_H_10","Net_H"
"176",175,0.27655,0.0031,0.00325,0.7171,"Netlogo_H_10","Net_H"
"177",176,0.2784,0.00335,0.0032,0.71505,"Netlogo_H_10","Net_H"
"178",177,0.2792,0.00345,0.00375,0.7136,"Netlogo_H_10","Net_H"
"179",178,0.28075,0.0035,0.00395,0.7118,"Netlogo_H_10","Net_H"
"180",179,0.28285,0.00345,0.00385,0.70985,"Netlogo_H_10","Net_H"
"181",180,0.2844,0.0029,0.0042,0.7085,"Netlogo_H_10","Net_H"
"182",181,0.28515,0.00305,0.00455,0.70725,"Netlogo_H_10","Net_H"
"183",182,0.2865,0.0031,0.00485,0.70555,"Netlogo_H_10","Net_H"
"184",183,0.2869,0.00365,0.005,0.70445,"Netlogo_H_10","Net_H"
"185",184,0.28855,0.00355,0.00525,0.70265,"Netlogo_H_10","Net_H"
"186",185,0.289,0.00415,0.00545,0.7014,"Netlogo_H_10","Net_H"
"187",186,0.28995,0.00405,0.0059,0.7001,"Netlogo_H_10","Net_H"
"188",187,0.29075,0.0047,0.0062,0.69835,"Netlogo_H_10","Net_H"
"189",188,0.2913,0.00515,0.0065,0.69705,"Netlogo_H_10","Net_H"
"190",189,0.2927,0.00585,0.00655,0.6949,"Netlogo_H_10","Net_H"
"191",190,0.29325,0.0061,0.0069,0.69375,"Netlogo_H_10","Net_H"
"192",191,0.29445,0.00565,0.0077,0.6922,"Netlogo_H_10","Net_H"
"193",192,0.29455,0.0062,0.00825,0.691,"Netlogo_H_10","Net_H"
"194",193,0.2948,0.00685,0.0082,0.69015,"Netlogo_H_10","Net_H"
"195",194,0.29535,0.0068,0.009,0.68885,"Netlogo_H_10","Net_H"
"196",195,0.29545,0.0076,0.00925,0.6877,"Netlogo_H_10","Net_H"
"197",196,0.2954,0.00835,0.00945,0.6868,"Netlogo_H_10","Net_H"
"198",197,0.29585,0.0082,0.0103,0.68565,"Netlogo_H_10","Net_H"
"199",198,0.29565,0.0081,0.0115,0.68475,"Netlogo_H_10","Net_H"
"200",199,0.29495,0.009,0.01185,0.6842,"Netlogo_H_10","Net_H"
"201",200,0.2948,0.0093,0.01275,0.68315,"Netlogo_H_10","Net_H"
"202",201,0.2945,0.0091,0.014,0.6824,"Netlogo_H_10","Net_H"
"203",202,0.29325,0.0104,0.01395,0.6824,"Netlogo_H_10","Net_H"
"204",203,0.29205,0.0116,0.01415,0.6822,"Netlogo_H_10","Net_H"
"205",204,0.2913,0.01215,0.0144,0.68215,"Netlogo_H_10","Net_H"
"206",205,0.2905,0.01255,0.01515,0.6818,"Netlogo_H_10","Net_H"
"207",206,0.2902,0.0124,0.01565,0.68175,"Netlogo_H_10","Net_H"
"208",207,0.2896,0.0122,0.0168,0.6814,"Netlogo_H_10","Net_H"
"209",208,0.2888,0.013,0.0171,0.6811,"Netlogo_H_10","Net_H"
"210",209,0.2878,0.01395,0.0173,0.68095,"Netlogo_H_10","Net_H"
"211",210,0.28655,0.0143,0.01905,0.6801,"Netlogo_H_10","Net_H"
"212",211,0.2858,0.0157,0.0198,0.6787,"Netlogo_H_10","Net_H"
"213",212,0.284,0.01635,0.02105,0.6786,"Netlogo_H_10","Net_H"
"214",213,0.2824,0.01655,0.02245,0.6786,"Netlogo_H_10","Net_H"
"215",214,0.2792,0.01815,0.0239,0.67875,"Netlogo_H_10","Net_H"
"216",215,0.2771,0.018,0.025,0.6799,"Netlogo_H_10","Net_H"
"217",216,0.27505,0.0188,0.02565,0.6805,"Netlogo_H_10","Net_H"
"218",217,0.2712,0.0194,0.02795,0.68145,"Netlogo_H_10","Net_H"
"219",218,0.2689,0.02075,0.02855,0.6818,"Netlogo_H_10","Net_H"
"220",219,0.26545,0.0216,0.0297,0.68325,"Netlogo_H_10","Net_H"
"221",220,0.2622,0.0226,0.0309,0.6843,"Netlogo_H_10","Net_H"
"222",221,0.26015,0.0219,0.03245,0.6855,"Netlogo_H_10","Net_H"
"223",222,0.2561,0.0228,0.0344,0.6867,"Netlogo_H_10","Net_H"
"224",223,0.2521,0.0248,0.0354,0.6877,"Netlogo_H_10","Net_H"
"225",224,0.2492,0.02435,0.0365,0.68995,"Netlogo_H_10","Net_H"
"226",225,0.245,0.026,0.03765,0.69135,"Netlogo_H_10","Net_H"
"227",226,0.24145,0.02645,0.0393,0.6928,"Netlogo_H_10","Net_H"
"228",227,0.23655,0.02745,0.04095,0.69505,"Netlogo_H_10","Net_H"
"229",228,0.2319,0.02765,0.043,0.69745,"Netlogo_H_10","Net_H"
"230",229,0.2282,0.0279,0.0434,0.7005,"Netlogo_H_10","Net_H"
"231",230,0.2235,0.0291,0.0443,0.7031,"Netlogo_H_10","Net_H"
"232",231,0.2183,0.0304,0.0447,0.7066,"Netlogo_H_10","Net_H"
"233",232,0.21375,0.031,0.046,0.70925,"Netlogo_H_10","Net_H"
"234",233,0.2092,0.03075,0.0484,0.71165,"Netlogo_H_10","Net_H"
"235",234,0.2049,0.0317,0.04865,0.71475,"Netlogo_H_10","Net_H"
"236",235,0.20055,0.03125,0.05025,0.71795,"Netlogo_H_10","Net_H"
"237",236,0.19585,0.03225,0.05005,0.72185,"Netlogo_H_10","Net_H"
"238",237,0.1921,0.0312,0.05195,0.72475,"Netlogo_H_10","Net_H"
"239",238,0.18725,0.03145,0.05275,0.72855,"Netlogo_H_10","Net_H"
"240",239,0.18305,0.0318,0.0532,0.73195,"Netlogo_H_10","Net_H"
"241",240,0.1786,0.03225,0.0536,0.73555,"Netlogo_H_10","Net_H"
"242",241,0.17445,0.0323,0.05495,0.7383,"Netlogo_H_10","Net_H"
"243",242,0.17105,0.03215,0.0551,0.7417,"Netlogo_H_10","Net_H"
"244",243,0.1668,0.03295,0.05525,0.745,"Netlogo_H_10","Net_H"
"245",244,0.16415,0.0317,0.0548,0.74935,"Netlogo_H_10","Net_H"
"246",245,0.1612,0.0298,0.0558,0.7532,"Netlogo_H_10","Net_H"
"247",246,0.1584,0.02935,0.05645,0.7558,"Netlogo_H_10","Net_H"
"248",247,0.15765,0.02865,0.05625,0.75745,"Netlogo_H_10","Net_H"
"249",248,0.1548,0.0269,0.0561,0.7622,"Netlogo_H_10","Net_H"
"250",249,0.1532,0.02495,0.0566,0.76525,"Netlogo_H_10","Net_H"
"251",250,0.15015,0.02565,0.05425,0.76995,"Netlogo_H_10","Net_H"
"252",251,0.14785,0.0255,0.05315,0.7735,"Netlogo_H_10","Net_H"
"253",252,0.1456,0.0261,0.05135,0.77695,"Netlogo_H_10","Net_H"
"254",253,0.14345,0.02565,0.0514,0.7795,"Netlogo_H_10","Net_H"
"255",254,0.14085,0.02435,0.05115,0.78365,"Netlogo_H_10","Net_H"
"256",255,0.13985,0.0241,0.05205,0.784,"Netlogo_H_10","Net_H"
"257",256,0.13935,0.02275,0.05145,0.78645,"Netlogo_H_10","Net_H"
"258",257,0.13805,0.023,0.0502,0.78875,"Netlogo_H_10","Net_H"
"259",258,0.137,0.02205,0.0485,0.79245,"Netlogo_H_10","Net_H"
"260",259,0.13625,0.0215,0.04725,0.795,"Netlogo_H_10","Net_H"
"261",260,0.13555,0.02145,0.0462,0.7968,"Netlogo_H_10","Net_H"
"262",261,0.1354,0.02075,0.04585,0.798,"Netlogo_H_10","Net_H"
"263",262,0.13595,0.02045,0.04435,0.79925,"Netlogo_H_10","Net_H"
"264",263,0.1371,0.0191,0.0437,0.8001,"Netlogo_H_10","Net_H"
"265",264,0.1361,0.01905,0.04275,0.8021,"Netlogo_H_10","Net_H"
"266",265,0.13585,0.0188,0.04085,0.8045,"Netlogo_H_10","Net_H"
"267",266,0.136,0.0178,0.0412,0.805,"Netlogo_H_10","Net_H"
"268",267,0.1364,0.01785,0.0399,0.80585,"Netlogo_H_10","Net_H"
"269",268,0.1373,0.0175,0.0383,0.8069,"Netlogo_H_10","Net_H"
"270",269,0.1381,0.01725,0.03805,0.8066,"Netlogo_H_10","Net_H"
"271",270,0.1389,0.0167,0.0368,0.8076,"Netlogo_H_10","Net_H"
"272",271,0.13965,0.0168,0.03655,0.807,"Netlogo_H_10","Net_H"
"273",272,0.1415,0.01545,0.0366,0.80645,"Netlogo_H_10","Net_H"
"274",273,0.1431,0.0151,0.03625,0.80555,"Netlogo_H_10","Net_H"
"275",274,0.1437,0.01475,0.0356,0.80595,"Netlogo_H_10","Net_H"
"276",275,0.1445,0.01505,0.03445,0.806,"Netlogo_H_10","Net_H"
"277",276,0.1455,0.0154,0.03385,0.80525,"Netlogo_H_10","Net_H"
"278",277,0.14605,0.0153,0.03255,0.8061,"Netlogo_H_10","Net_H"
"279",278,0.1464,0.0153,0.0314,0.8069,"Netlogo_H_10","Net_H"
"280",279,0.148,0.0148,0.031,0.8062,"Netlogo_H_10","Net_H"
"281",280,0.1503,0.0148,0.0301,0.8048,"Netlogo_H_10","Net_H"
"282",281,0.1513,0.01475,0.02965,0.8043,"Netlogo_H_10","Net_H"
"283",282,0.15215,0.0142,0.0296,0.80405,"Netlogo_H_10","Net_H"
"284",283,0.1523,0.01435,0.0291,0.80425,"Netlogo_H_10","Net_H"
"285",284,0.1531,0.01505,0.02805,0.8038,"Netlogo_H_10","Net_H"
"286",285,0.1544,0.01405,0.02805,0.8035,"Netlogo_H_10","Net_H"
"287",286,0.1551,0.0143,0.0272,0.8034,"Netlogo_H_10","Net_H"
"288",287,0.15665,0.014,0.02705,0.8023,"Netlogo_H_10","Net_H"
"289",288,0.15915,0.0131,0.0275,0.80025,"Netlogo_H_10","Net_H"
"290",289,0.1601,0.0128,0.02695,0.80015,"Netlogo_H_10","Net_H"
"291",290,0.16175,0.0125,0.0268,0.79895,"Netlogo_H_10","Net_H"
"292",291,0.16315,0.0127,0.0269,0.79725,"Netlogo_H_10","Net_H"
"293",292,0.1643,0.0126,0.0269,0.7962,"Netlogo_H_10","Net_H"
"294",293,0.1654,0.01295,0.0268,0.79485,"Netlogo_H_10","Net_H"
"295",294,0.16685,0.0128,0.0264,0.79395,"Netlogo_H_10","Net_H"
"296",295,0.16865,0.01325,0.0254,0.7927,"Netlogo_H_10","Net_H"
"297",296,0.169,0.01425,0.0246,0.79215,"Netlogo_H_10","Net_H"
"298",297,0.1705,0.0143,0.02465,0.79055,"Netlogo_H_10","Net_H"
"299",298,0.1722,0.014,0.02445,0.78935,"Netlogo_H_10","Net_H"
"300",299,0.1723,0.01375,0.02535,0.7886,"Netlogo_H_10","Net_H"
"301",300,0.1736,0.01395,0.02555,0.7869,"Netlogo_H_10","Net_H"
"302",301,0.17495,0.0133,0.0259,0.78585,"Netlogo_H_10","Net_H"
"303",302,0.1771,0.0127,0.02605,0.78415,"Netlogo_H_10","Net_H"
"304",303,0.17825,0.0129,0.0252,0.78365,"Netlogo_H_10","Net_H"
"305",304,0.17945,0.0139,0.02465,0.782,"Netlogo_H_10","Net_H"
"306",305,0.1809,0.0139,0.02455,0.78065,"Netlogo_H_10","Net_H"
"307",306,0.1815,0.01465,0.02475,0.7791,"Netlogo_H_10","Net_H"
"308",307,0.1828,0.01445,0.02575,0.777,"Netlogo_H_10","Net_H"
"309",308,0.1844,0.0143,0.02605,0.77525,"Netlogo_H_10","Net_H"
"310",309,0.18525,0.0147,0.0256,0.77445,"Netlogo_H_10","Net_H"
"311",310,0.18605,0.015,0.026,0.77295,"Netlogo_H_10","Net_H"
"312",311,0.1875,0.0149,0.02635,0.77125,"Netlogo_H_10","Net_H"
"313",312,0.18815,0.01515,0.0268,0.7699,"Netlogo_H_10","Net_H"
"314",313,0.19005,0.01555,0.02535,0.76905,"Netlogo_H_10","Net_H"
"315",314,0.19155,0.0148,0.0261,0.76755,"Netlogo_H_10","Net_H"
"316",315,0.1924,0.0144,0.02585,0.76735,"Netlogo_H_10","Net_H"
"317",316,0.19455,0.01385,0.02625,0.76535,"Netlogo_H_10","Net_H"
"318",317,0.1946,0.01405,0.0267,0.76465,"Netlogo_H_10","Net_H"
"319",318,0.19515,0.01465,0.0262,0.764,"Netlogo_H_10","Net_H"
"320",319,0.19555,0.0149,0.0262,0.76335,"Netlogo_H_10","Net_H"
"321",320,0.19495,0.01625,0.0273,0.7615,"Netlogo_H_10","Net_H"
"322",321,0.196,0.0171,0.0266,0.7603,"Netlogo_H_10","Net_H"
"323",322,0.19655,0.01735,0.0267,0.7594,"Netlogo_H_10","Net_H"
"324",323,0.1974,0.01805,0.0265,0.75805,"Netlogo_H_10","Net_H"
"325",324,0.197,0.01835,0.02685,0.7578,"Netlogo_H_10","Net_H"
"326",325,0.19725,0.0174,0.02815,0.7572,"Netlogo_H_10","Net_H"
"327",326,0.19715,0.0177,0.02835,0.7568,"Netlogo_H_10","Net_H"
"328",327,0.1969,0.01785,0.0288,0.75645,"Netlogo_H_10","Net_H"
"329",328,0.1977,0.0172,0.02925,0.75585,"Netlogo_H_10","Net_H"
"330",329,0.19825,0.0166,0.0293,0.75585,"Netlogo_H_10","Net_H"
"331",330,0.19745,0.01665,0.02995,0.75595,"Netlogo_H_10","Net_H"
"332",331,0.19765,0.01695,0.0301,0.7553,"Netlogo_H_10","Net_H"
"333",332,0.19885,0.01685,0.0302,0.7541,"Netlogo_H_10","Net_H"
"334",333,0.19875,0.0168,0.0304,0.75405,"Netlogo_H_10","Net_H"
"335",334,0.1992,0.0171,0.03115,0.75255,"Netlogo_H_10","Net_H"
"336",335,0.1991,0.01715,0.03155,0.7522,"Netlogo_H_10","Net_H"
"337",336,0.1984,0.01885,0.0315,0.75125,"Netlogo_H_10","Net_H"
"338",337,0.19825,0.0193,0.0316,0.75085,"Netlogo_H_10","Net_H"
"339",338,0.19775,0.01805,0.03275,0.75145,"Netlogo_H_10","Net_H"
"340",339,0.19755,0.0186,0.0322,0.75165,"Netlogo_H_10","Net_H"
"341",340,0.1969,0.01935,0.03165,0.7521,"Netlogo_H_10","Net_H"
"342",341,0.1974,0.01915,0.03075,0.7527,"Netlogo_H_10","Net_H"
"343",342,0.1977,0.01945,0.03105,0.7518,"Netlogo_H_10","Net_H"
"344",343,0.19775,0.01915,0.0322,0.7509,"Netlogo_H_10","Net_H"
"345",344,0.1978,0.0198,0.0322,0.7502,"Netlogo_H_10","Net_H"
"346",345,0.19785,0.0204,0.0328,0.74895,"Netlogo_H_10","Net_H"
"347",346,0.19825,0.0203,0.03245,0.749,"Netlogo_H_10","Net_H"
"348",347,0.19835,0.02025,0.0336,0.7478,"Netlogo_H_10","Net_H"
"349",348,0.1981,0.02015,0.0347,0.74705,"Netlogo_H_10","Net_H"
"350",349,0.1986,0.01985,0.0355,0.74605,"Netlogo_H_10","Net_H"
"351",350,0.19805,0.0206,0.03465,0.7467,"Netlogo_H_10","Net_H"
"352",351,0.1986,0.02075,0.03485,0.7458,"Netlogo_H_10","Net_H"
"353",352,0.19765,0.02085,0.03645,0.74505,"Netlogo_H_10","Net_H"
"354",353,0.1964,0.02115,0.0362,0.74625,"Netlogo_H_10","Net_H"
"355",354,0.19555,0.02215,0.0359,0.7464,"Netlogo_H_10","Net_H"
"356",355,0.1956,0.02255,0.03675,0.7451,"Netlogo_H_10","Net_H"
"357",356,0.19545,0.0227,0.0373,0.74455,"Netlogo_H_10","Net_H"
"358",357,0.19305,0.023,0.0387,0.74525,"Netlogo_H_10","Net_H"
"359",358,0.19245,0.02325,0.03805,0.74625,"Netlogo_H_10","Net_H"
"360",359,0.191,0.0242,0.039,0.7458,"Netlogo_H_10","Net_H"
"361",360,0.1903,0.0248,0.03895,0.74595,"Netlogo_H_10","Net_H"
"362",361,0.18955,0.024,0.0398,0.74665,"Netlogo_H_10","Net_H"
"363",362,0.1897,0.0228,0.04045,0.74705,"Netlogo_H_10","Net_H"
"364",363,0.1879,0.02335,0.0411,0.74765,"Netlogo_H_10","Net_H"
"365",364,0.18775,0.02275,0.0422,0.7473,"Netlogo_H_10","Net_H"
"366",365,0.18785,0.0224,0.04185,0.7479,"Netlogo_H_10","Net_H"
"367",366,0.1872,0.0213,0.042,0.7495,"Netlogo_H_10","Net_H"
"368",367,0.1861,0.0223,0.0416,0.75,"Netlogo_H_10","Net_H"
"369",368,0.18415,0.02295,0.04105,0.75185,"Netlogo_H_10","Net_H"
"370",369,0.18385,0.02305,0.04205,0.75105,"Netlogo_H_10","Net_H"
"371",370,0.18315,0.02305,0.04175,0.75205,"Netlogo_H_10","Net_H"
"372",371,0.18175,0.02375,0.0414,0.7531,"Netlogo_H_10","Net_H"
"373",372,0.18185,0.02375,0.0415,0.7529,"Netlogo_H_10","Net_H"
"374",373,0.18195,0.0243,0.04195,0.7518,"Netlogo_H_10","Net_H"
"375",374,0.18045,0.025,0.04195,0.7526,"Netlogo_H_10","Net_H"
"376",375,0.18025,0.0248,0.0419,0.75305,"Netlogo_H_10","Net_H"
"377",376,0.18005,0.02495,0.0418,0.7532,"Netlogo_H_10","Net_H"
"378",377,0.1789,0.0249,0.04265,0.75355,"Netlogo_H_10","Net_H"
"379",378,0.1794,0.0235,0.0434,0.7537,"Netlogo_H_10","Net_H"
"380",379,0.1775,0.0239,0.0433,0.7553,"Netlogo_H_10","Net_H"
"381",380,0.17675,0.0244,0.04345,0.7554,"Netlogo_H_10","Net_H"
"382",381,0.1751,0.0253,0.0432,0.7564,"Netlogo_H_10","Net_H"
"383",382,0.17445,0.02595,0.04295,0.75665,"Netlogo_H_10","Net_H"
"384",383,0.17335,0.0249,0.0439,0.75785,"Netlogo_H_10","Net_H"
"385",384,0.1727,0.02475,0.04465,0.7579,"Netlogo_H_10","Net_H"
"386",385,0.17075,0.02505,0.04565,0.75855,"Netlogo_H_10","Net_H"
"387",386,0.17105,0.02455,0.0455,0.7589,"Netlogo_H_10","Net_H"
"388",387,0.1708,0.0227,0.04665,0.75985,"Netlogo_H_10","Net_H"
"389",388,0.1696,0.0236,0.04695,0.75985,"Netlogo_H_10","Net_H"
"390",389,0.16885,0.0241,0.0455,0.76155,"Netlogo_H_10","Net_H"
"391",390,0.16895,0.02365,0.0441,0.7633,"Netlogo_H_10","Net_H"
"392",391,0.16825,0.0233,0.04445,0.764,"Netlogo_H_10","Net_H"
"393",392,0.16665,0.02345,0.04425,0.76565,"Netlogo_H_10","Net_H"
"394",393,0.1658,0.0237,0.0445,0.766,"Netlogo_H_10","Net_H"
"395",394,0.16595,0.02415,0.0438,0.7661,"Netlogo_H_10","Net_H"
"396",395,0.1653,0.02395,0.04455,0.7662,"Netlogo_H_10","Net_H"
"397",396,0.16475,0.0247,0.04375,0.7668,"Netlogo_H_10","Net_H"
"398",397,0.1642,0.0244,0.04445,0.76695,"Netlogo_H_10","Net_H"
"399",398,0.1649,0.02365,0.04485,0.7666,"Netlogo_H_10","Net_H"
"400",399,0.1652,0.0237,0.0449,0.7662,"Netlogo_H_10","Net_H"
"401",400,0.16605,0.0224,0.0435,0.76805,"Netlogo_H_10","Net_H"
"402",401,0.1668,0.02165,0.04315,0.7684,"Netlogo_H_10","Net_H"
"403",402,0.16575,0.0221,0.042,0.77015,"Netlogo_H_10","Net_H"
"404",403,0.16715,0.02085,0.04205,0.76995,"Netlogo_H_10","Net_H"
"405",404,0.1678,0.02,0.04165,0.77055,"Netlogo_H_10","Net_H"
"406",405,0.1673,0.0201,0.0423,0.7703,"Netlogo_H_10","Net_H"
"407",406,0.16605,0.0211,0.04115,0.7717,"Netlogo_H_10","Net_H"
"408",407,0.16665,0.02135,0.04025,0.77175,"Netlogo_H_10","Net_H"
"409",408,0.16775,0.02075,0.0405,0.771,"Netlogo_H_10","Net_H"
"410",409,0.16845,0.02075,0.03975,0.77105,"Netlogo_H_10","Net_H"
"411",410,0.1697,0.02025,0.03925,0.7708,"Netlogo_H_10","Net_H"
"412",411,0.1709,0.0199,0.0389,0.7703,"Netlogo_H_10","Net_H"
"413",412,0.17075,0.01925,0.03875,0.77125,"Netlogo_H_10","Net_H"
"414",413,0.1716,0.0199,0.03825,0.77025,"Netlogo_H_10","Net_H"
"415",414,0.17175,0.0196,0.03845,0.7702,"Netlogo_H_10","Net_H"
"416",415,0.17085,0.02085,0.0368,0.7715,"Netlogo_H_10","Net_H"
"417",416,0.1722,0.02065,0.03545,0.7717,"Netlogo_H_10","Net_H"
"418",417,0.17335,0.02005,0.0356,0.771,"Netlogo_H_10","Net_H"
"419",418,0.1732,0.01905,0.0363,0.77145,"Netlogo_H_10","Net_H"
"420",419,0.1733,0.01855,0.03635,0.7718,"Netlogo_H_10","Net_H"
"421",420,0.17455,0.01895,0.03585,0.77065,"Netlogo_H_10","Net_H"
"422",421,0.17435,0.01885,0.03725,0.76955,"Netlogo_H_10","Net_H"
"423",422,0.17505,0.0193,0.03605,0.7696,"Netlogo_H_10","Net_H"
"424",423,0.17485,0.019,0.0364,0.76975,"Netlogo_H_10","Net_H"
"425",424,0.1748,0.01865,0.0369,0.76965,"Netlogo_H_10","Net_H"
"426",425,0.1751,0.0184,0.0373,0.7692,"Netlogo_H_10","Net_H"
"427",426,0.17505,0.0189,0.03615,0.7699,"Netlogo_H_10","Net_H"
"428",427,0.176,0.01885,0.0361,0.76905,"Netlogo_H_10","Net_H"
"429",428,0.17725,0.01875,0.03535,0.76865,"Netlogo_H_10","Net_H"
"430",429,0.1768,0.01935,0.0358,0.76805,"Netlogo_H_10","Net_H"
"431",430,0.17605,0.02015,0.0349,0.7689,"Netlogo_H_10","Net_H"
"432",431,0.17695,0.01865,0.0359,0.7685,"Netlogo_H_10","Net_H"
"433",432,0.1781,0.018,0.03535,0.76855,"Netlogo_H_10","Net_H"
"434",433,0.1787,0.0191,0.03455,0.76765,"Netlogo_H_10","Net_H"
"435",434,0.17885,0.0184,0.035,0.76775,"Netlogo_H_10","Net_H"
"436",435,0.17905,0.01945,0.0341,0.7674,"Netlogo_H_10","Net_H"
"437",436,0.17945,0.0203,0.0337,0.76655,"Netlogo_H_10","Net_H"
"438",437,0.1794,0.02125,0.03335,0.766,"Netlogo_H_10","Net_H"
"439",438,0.1804,0.0209,0.0337,0.765,"Netlogo_H_10","Net_H"
"440",439,0.18035,0.02095,0.03445,0.76425,"Netlogo_H_10","Net_H"
"441",440,0.1806,0.0203,0.03585,0.76325,"Netlogo_H_10","Net_H"
"442",441,0.1803,0.02095,0.03645,0.7623,"Netlogo_H_10","Net_H"
"443",442,0.18015,0.02085,0.0372,0.7618,"Netlogo_H_10","Net_H"
"444",443,0.17985,0.02095,0.0376,0.7616,"Netlogo_H_10","Net_H"
"445",444,0.18005,0.0219,0.0365,0.76155,"Netlogo_H_10","Net_H"
"446",445,0.1798,0.02175,0.0366,0.76185,"Netlogo_H_10","Net_H"
"447",446,0.1801,0.02215,0.03605,0.7617,"Netlogo_H_10","Net_H"
"448",447,0.17955,0.022,0.0364,0.76205,"Netlogo_H_10","Net_H"
"449",448,0.17915,0.02105,0.03795,0.76185,"Netlogo_H_10","Net_H"
"450",449,0.17925,0.02155,0.03795,0.76125,"Netlogo_H_10","Net_H"
"451",450,0.17765,0.02255,0.0379,0.7619,"Netlogo_H_10","Net_H"
"452",451,0.1784,0.021,0.0378,0.7628,"Netlogo_H_10","Net_H"
"453",452,0.1779,0.021,0.0388,0.7623,"Netlogo_H_10","Net_H"
"454",453,0.17735,0.02115,0.0382,0.7633,"Netlogo_H_10","Net_H"
"455",454,0.17885,0.0204,0.0388,0.76195,"Netlogo_H_10","Net_H"
"456",455,0.1789,0.02055,0.0392,0.76135,"Netlogo_H_10","Net_H"
"457",456,0.1789,0.0202,0.0389,0.762,"Netlogo_H_10","Net_H"
"458",457,0.17845,0.02075,0.0394,0.7614,"Netlogo_H_10","Net_H"
"459",458,0.17825,0.0202,0.04005,0.7615,"Netlogo_H_10","Net_H"
"460",459,0.17785,0.0214,0.04065,0.7601,"Netlogo_H_10","Net_H"
"461",460,0.1784,0.02175,0.0388,0.76105,"Netlogo_H_10","Net_H"
"462",461,0.17875,0.0209,0.0389,0.76145,"Netlogo_H_10","Net_H"
"463",462,0.17695,0.02245,0.03855,0.76205,"Netlogo_H_10","Net_H"
"464",463,0.1773,0.02225,0.0383,0.76215,"Netlogo_H_10","Net_H"
"465",464,0.1773,0.02185,0.0388,0.76205,"Netlogo_H_10","Net_H"
"466",465,0.17815,0.022,0.03885,0.761,"Netlogo_H_10","Net_H"
"467",466,0.1774,0.02275,0.0382,0.76165,"Netlogo_H_10","Net_H"
"468",467,0.1761,0.0231,0.03875,0.76205,"Netlogo_H_10","Net_H"
"469",468,0.17545,0.0239,0.0394,0.76125,"Netlogo_H_10","Net_H"
"470",469,0.17435,0.0223,0.04065,0.7627,"Netlogo_H_10","Net_H"
"471",470,0.17455,0.0212,0.04185,0.7624,"Netlogo_H_10","Net_H"
"472",471,0.1733,0.02275,0.04,0.76395,"Netlogo_H_10","Net_H"
"473",472,0.1739,0.0214,0.03935,0.76535,"Netlogo_H_10","Net_H"
"474",473,0.1729,0.0217,0.0386,0.7668,"Netlogo_H_10","Net_H"
"475",474,0.1742,0.02065,0.03805,0.7671,"Netlogo_H_10","Net_H"
"476",475,0.17485,0.0203,0.0376,0.76725,"Netlogo_H_10","Net_H"
"477",476,0.17375,0.0209,0.03765,0.7677,"Netlogo_H_10","Net_H"
"478",477,0.17465,0.0198,0.03735,0.7682,"Netlogo_H_10","Net_H"
"479",478,0.175,0.0189,0.0378,0.7683,"Netlogo_H_10","Net_H"
"480",479,0.17405,0.0198,0.03735,0.7688,"Netlogo_H_10","Net_H"
"481",480,0.17385,0.02045,0.03725,0.76845,"Netlogo_H_10","Net_H"
"482",481,0.1737,0.02035,0.03765,0.7683,"Netlogo_H_10","Net_H"
"483",482,0.1735,0.02125,0.038,0.76725,"Netlogo_H_10","Net_H"
"484",483,0.17445,0.0211,0.03745,0.767,"Netlogo_H_10","Net_H"
"485",484,0.17505,0.0202,0.03705,0.7677,"Netlogo_H_10","Net_H"
"486",485,0.1758,0.0188,0.03815,0.76725,"Netlogo_H_10","Net_H"
"487",486,0.175,0.019,0.0397,0.7663,"Netlogo_H_10","Net_H"
"488",487,0.1743,0.01975,0.03905,0.7669,"Netlogo_H_10","Net_H"
"489",488,0.17455,0.02045,0.0384,0.7666,"Netlogo_H_10","Net_H"
"490",489,0.17465,0.02055,0.03905,0.76575,"Netlogo_H_10","Net_H"
"491",490,0.17515,0.0195,0.03945,0.7659,"Netlogo_H_10","Net_H"
"492",491,0.17575,0.0188,0.03965,0.7658,"Netlogo_H_10","Net_H"
"493",492,0.1774,0.0184,0.03995,0.76425,"Netlogo_H_10","Net_H"
"494",493,0.17645,0.01945,0.03895,0.76515,"Netlogo_H_10","Net_H"
"495",494,0.17505,0.02245,0.03735,0.76515,"Netlogo_H_10","Net_H"
"496",495,0.17505,0.0228,0.0364,0.76575,"Netlogo_H_10","Net_H"
"497",496,0.17435,0.02245,0.03775,0.76545,"Netlogo_H_10","Net_H"
"498",497,0.17385,0.0225,0.03875,0.7649,"Netlogo_H_10","Net_H"
"499",498,0.1739,0.0226,0.03895,0.76455,"Netlogo_H_10","Net_H"
"500",499,0.1727,0.02265,0.0381,0.76655,"Netlogo_H_10","Net_H"
"501",500,0.172,0.02265,0.0389,0.76645,"Netlogo_H_10","Net_H"
"502",501,0.17175,0.0223,0.0394,0.76655,"Netlogo_H_10","Net_H"
"503",502,0.16985,0.02285,0.03995,0.76735,"Netlogo_H_10","Net_H"
"504",503,0.1688,0.02195,0.04015,0.7691,"Netlogo_H_10","Net_H"
"505",504,0.1695,0.02105,0.04025,0.7692,"Netlogo_H_10","Net_H"
"506",505,0.1688,0.0208,0.04035,0.77005,"Netlogo_H_10","Net_H"
"507",506,0.16785,0.02095,0.04125,0.76995,"Netlogo_H_10","Net_H"
"508",507,0.1691,0.0207,0.04095,0.76925,"Netlogo_H_10","Net_H"
"509",508,0.16905,0.02115,0.04045,0.76935,"Netlogo_H_10","Net_H"
"510",509,0.16905,0.02225,0.04025,0.76845,"Netlogo_H_10","Net_H"
"511",510,0.1685,0.0227,0.04035,0.76845,"Netlogo_H_10","Net_H"
"512",511,0.16925,0.0219,0.0408,0.76805,"Netlogo_H_10","Net_H"
"513",512,0.17125,0.02025,0.0415,0.767,"Netlogo_H_10","Net_H"
"514",513,0.17025,0.02035,0.0405,0.7689,"Netlogo_H_10","Net_H"
"515",514,0.17115,0.0198,0.0403,0.76875,"Netlogo_H_10","Net_H"
"516",515,0.17135,0.0202,0.039,0.76945,"Netlogo_H_10","Net_H"
"517",516,0.17245,0.021,0.0382,0.76835,"Netlogo_H_10","Net_H"
"518",517,0.1732,0.02015,0.03795,0.7687,"Netlogo_H_10","Net_H"
"519",518,0.17335,0.02025,0.0377,0.7687,"Netlogo_H_10","Net_H"
"520",519,0.17445,0.0193,0.038,0.76825,"Netlogo_H_10","Net_H"
"521",520,0.1747,0.0191,0.0378,0.7684,"Netlogo_H_10","Net_H"
"522",521,0.1739,0.0211,0.0368,0.7682,"Netlogo_H_10","Net_H"
"523",522,0.1742,0.0213,0.03725,0.76725,"Netlogo_H_10","Net_H"
"524",523,0.1758,0.0197,0.03775,0.76675,"Netlogo_H_10","Net_H"
"525",524,0.17475,0.01995,0.03785,0.76745,"Netlogo_H_10","Net_H"
"526",525,0.175,0.0205,0.0374,0.7671,"Netlogo_H_10","Net_H"
"527",526,0.17425,0.0208,0.03795,0.767,"Netlogo_H_10","Net_H"
"528",527,0.1753,0.0209,0.0376,0.7662,"Netlogo_H_10","Net_H"
"529",528,0.17585,0.0211,0.0368,0.76625,"Netlogo_H_10","Net_H"
"530",529,0.1764,0.0209,0.0367,0.766,"Netlogo_H_10","Net_H"
"531",530,0.1764,0.02095,0.0375,0.76515,"Netlogo_H_10","Net_H"
"532",531,0.17755,0.0211,0.03775,0.7636,"Netlogo_H_10","Net_H"
"533",532,0.17735,0.021,0.03755,0.7641,"Netlogo_H_10","Net_H"
"534",533,0.17805,0.02135,0.038,0.7626,"Netlogo_H_10","Net_H"
"535",534,0.1777,0.02175,0.03815,0.7624,"Netlogo_H_10","Net_H"
"536",535,0.17725,0.02155,0.0381,0.7631,"Netlogo_H_10","Net_H"
"537",536,0.1776,0.02075,0.03845,0.7632,"Netlogo_H_10","Net_H"
"538",537,0.1775,0.0209,0.03825,0.76335,"Netlogo_H_10","Net_H"
"539",538,0.1778,0.0208,0.03835,0.76305,"Netlogo_H_10","Net_H"
"540",539,0.178,0.0209,0.0382,0.7629,"Netlogo_H_10","Net_H"
"541",540,0.1776,0.02115,0.039,0.76225,"Netlogo_H_10","Net_H"
"542",541,0.1776,0.022,0.0388,0.7616,"Netlogo_H_10","Net_H"
"543",542,0.1772,0.0216,0.03795,0.76325,"Netlogo_H_10","Net_H"
"544",543,0.17775,0.02165,0.03855,0.76205,"Netlogo_H_10","Net_H"
"545",544,0.1789,0.0205,0.03915,0.76145,"Netlogo_H_10","Net_H"
"546",545,0.17925,0.0204,0.03945,0.7609,"Netlogo_H_10","Net_H"
"547",546,0.1781,0.022,0.03895,0.76095,"Netlogo_H_10","Net_H"
"548",547,0.1798,0.0213,0.03865,0.76025,"Netlogo_H_10","Net_H"
"549",548,0.17775,0.0218,0.03945,0.761,"Netlogo_H_10","Net_H"
"550",549,0.1776,0.02225,0.03905,0.7611,"Netlogo_H_10","Net_H"
"551",550,0.1767,0.02205,0.0399,0.76135,"Netlogo_H_10","Net_H"
"552",551,0.1767,0.02265,0.03955,0.7611,"Netlogo_H_10","Net_H"
"553",552,0.177,0.02255,0.0395,0.76095,"Netlogo_H_10","Net_H"
"554",553,0.1766,0.0223,0.04065,0.76045,"Netlogo_H_10","Net_H"
"555",554,0.1763,0.0221,0.041,0.7606,"Netlogo_H_10","Net_H"
"556",555,0.1749,0.0232,0.04065,0.76125,"Netlogo_H_10","Net_H"
"557",556,0.17405,0.02365,0.0399,0.7624,"Netlogo_H_10","Net_H"
"558",557,0.1733,0.0228,0.0403,0.7636,"Netlogo_H_10","Net_H"
"559",558,0.17205,0.02315,0.04095,0.76385,"Netlogo_H_10","Net_H"
"560",559,0.17125,0.02235,0.04215,0.76425,"Netlogo_H_10","Net_H"
"561",560,0.16915,0.02395,0.0415,0.7654,"Netlogo_H_10","Net_H"
"562",561,0.16995,0.0235,0.0406,0.76595,"Netlogo_H_10","Net_H"
"563",562,0.1694,0.0225,0.04165,0.76645,"Netlogo_H_10","Net_H"
"564",563,0.1677,0.02305,0.04145,0.7678,"Netlogo_H_10","Net_H"
"565",564,0.168,0.02265,0.0417,0.76765,"Netlogo_H_10","Net_H"
"566",565,0.16805,0.0229,0.0418,0.76725,"Netlogo_H_10","Net_H"
"567",566,0.16765,0.02325,0.0419,0.7672,"Netlogo_H_10","Net_H"
"568",567,0.1672,0.0231,0.04175,0.76795,"Netlogo_H_10","Net_H"
"569",568,0.167,0.023,0.0422,0.7678,"Netlogo_H_10","Net_H"
"570",569,0.16685,0.02355,0.042,0.7676,"Netlogo_H_10","Net_H"
"571",570,0.16675,0.0232,0.0427,0.76735,"Netlogo_H_10","Net_H"
"572",571,0.1662,0.02385,0.0431,0.76685,"Netlogo_H_10","Net_H"
"573",572,0.16575,0.0233,0.0443,0.76665,"Netlogo_H_10","Net_H"
"574",573,0.1658,0.02235,0.044,0.76785,"Netlogo_H_10","Net_H"
"575",574,0.1657,0.0212,0.0442,0.7689,"Netlogo_H_10","Net_H"
"576",575,0.16475,0.0216,0.0438,0.76985,"Netlogo_H_10","Net_H"
"577",576,0.16485,0.022,0.04395,0.7692,"Netlogo_H_10","Net_H"
"578",577,0.16385,0.02305,0.04285,0.77025,"Netlogo_H_10","Net_H"
"579",578,0.1647,0.02255,0.04215,0.7706,"Netlogo_H_10","Net_H"
"580",579,0.164,0.02365,0.0417,0.77065,"Netlogo_H_10","Net_H"
"581",580,0.16255,0.0245,0.0412,0.77175,"Netlogo_H_10","Net_H"
"582",581,0.1624,0.02405,0.0425,0.77105,"Netlogo_H_10","Net_H"
"583",582,0.1621,0.02375,0.0431,0.77105,"Netlogo_H_10","Net_H"
"584",583,0.1629,0.02295,0.04335,0.7708,"Netlogo_H_10","Net_H"
"585",584,0.1623,0.02225,0.0441,0.77135,"Netlogo_H_10","Net_H"
"586",585,0.1628,0.02175,0.04335,0.7721,"Netlogo_H_10","Net_H"
"587",586,0.16395,0.0205,0.04245,0.7731,"Netlogo_H_10","Net_H"
"588",587,0.1634,0.02055,0.04205,0.774,"Netlogo_H_10","Net_H"
"589",588,0.1627,0.0204,0.04155,0.77535,"Netlogo_H_10","Net_H"
"590",589,0.16285,0.02095,0.04035,0.77585,"Netlogo_H_10","Net_H"
"591",590,0.16405,0.02035,0.04025,0.77535,"Netlogo_H_10","Net_H"
"592",591,0.1637,0.02065,0.03985,0.7758,"Netlogo_H_10","Net_H"
"593",592,0.16495,0.02065,0.03925,0.77515,"Netlogo_H_10","Net_H"
"594",593,0.1647,0.0209,0.03895,0.77545,"Netlogo_H_10","Net_H"
"595",594,0.1635,0.02275,0.0389,0.77485,"Netlogo_H_10","Net_H"
"596",595,0.16395,0.02245,0.0385,0.7751,"Netlogo_H_10","Net_H"
"597",596,0.1645,0.0218,0.03935,0.77435,"Netlogo_H_10","Net_H"
"598",597,0.16555,0.0212,0.03945,0.7738,"Netlogo_H_10","Net_H"
"599",598,0.1656,0.0208,0.0402,0.7734,"Netlogo_H_10","Net_H"
"600",599,0.1662,0.02085,0.03905,0.7739,"Netlogo_H_10","Net_H"
"601",600,0.16665,0.02085,0.03905,0.77345,"Netlogo_H_10","Net_H"
"602",601,0.1668,0.02075,0.03885,0.7736,"Netlogo_H_10","Net_H"
"603",602,0.1666,0.02055,0.03965,0.7732,"Netlogo_H_10","Net_H"
"604",603,0.16675,0.0201,0.0397,0.77345,"Netlogo_H_10","Net_H"
"605",604,0.1675,0.02,0.03945,0.77305,"Netlogo_H_10","Net_H"
"606",605,0.16755,0.0197,0.0384,0.77435,"Netlogo_H_10","Net_H"
"607",606,0.1687,0.01895,0.0379,0.77445,"Netlogo_H_10","Net_H"
"608",607,0.1697,0.0191,0.0369,0.7743,"Netlogo_H_10","Net_H"
"609",608,0.16995,0.01885,0.03635,0.77485,"Netlogo_H_10","Net_H"
"610",609,0.16995,0.0193,0.03635,0.7744,"Netlogo_H_10","Net_H"
"611",610,0.1719,0.02,0.03485,0.77325,"Netlogo_H_10","Net_H"
"612",611,0.17375,0.0187,0.03595,0.7716,"Netlogo_H_10","Net_H"
"613",612,0.176,0.01775,0.0353,0.77095,"Netlogo_H_10","Net_H"
"614",613,0.17725,0.017,0.03525,0.7705,"Netlogo_H_10","Net_H"
"615",614,0.1785,0.01715,0.03425,0.7701,"Netlogo_H_10","Net_H"
"616",615,0.17895,0.01765,0.03345,0.76995,"Netlogo_H_10","Net_H"
"617",616,0.17955,0.01825,0.03295,0.76925,"Netlogo_H_10","Net_H"
"618",617,0.18065,0.017,0.0344,0.76795,"Netlogo_H_10","Net_H"
"619",618,0.18145,0.01755,0.03445,0.76655,"Netlogo_H_10","Net_H"
"620",619,0.18185,0.0184,0.03445,0.7653,"Netlogo_H_10","Net_H"
"621",620,0.1838,0.0185,0.0339,0.7638,"Netlogo_H_10","Net_H"
"622",621,0.1844,0.0192,0.0336,0.7628,"Netlogo_H_10","Net_H"
"623",622,0.185,0.01985,0.03365,0.7615,"Netlogo_H_10","Net_H"
"624",623,0.1857,0.01915,0.033,0.76215,"Netlogo_H_10","Net_H"
"625",624,0.18545,0.01955,0.0323,0.7627,"Netlogo_H_10","Net_H"
"626",625,0.1855,0.01945,0.03265,0.7624,"Netlogo_H_10","Net_H"
"627",626,0.1856,0.01895,0.03335,0.7621,"Netlogo_H_10","Net_H"
"628",627,0.18505,0.0204,0.03385,0.7607,"Netlogo_H_10","Net_H"
"629",628,0.1859,0.02055,0.03425,0.7593,"Netlogo_H_10","Net_H"
"630",629,0.1863,0.02035,0.03565,0.7577,"Netlogo_H_10","Net_H"
