"","step","S","E","I","R","simu","Langage"
"1",0,0.999,0,0.001,0,"Netlogo_H_15","Net_H"
"2",1,0.99835,0.00065,0.001,0,"Netlogo_H_15","Net_H"
"3",2,0.9976,0.0014,0.00095,5e-05,"Netlogo_H_15","Net_H"
"4",3,0.99695,0.00185,0.0011,1e-04,"Netlogo_H_15","Net_H"
"5",4,0.99635,0.0021,0.00135,2e-04,"Netlogo_H_15","Net_H"
"6",5,0.9956,0.0025,0.00155,0.00035,"Netlogo_H_15","Net_H"
"7",6,0.99465,0.00315,0.00165,0.00055,"Netlogo_H_15","Net_H"
"8",7,0.99315,0.004,0.00215,7e-04,"Netlogo_H_15","Net_H"
"9",8,0.99145,0.00495,0.00275,0.00085,"Netlogo_H_15","Net_H"
"10",9,0.98885,0.00665,0.0035,0.001,"Netlogo_H_15","Net_H"
"11",10,0.9869,0.0075,0.00405,0.00155,"Netlogo_H_15","Net_H"
"12",11,0.9842,0.0091,0.00465,0.00205,"Netlogo_H_15","Net_H"
"13",12,0.9813,0.0105,0.00575,0.00245,"Netlogo_H_15","Net_H"
"14",13,0.9776,0.01205,0.0075,0.00285,"Netlogo_H_15","Net_H"
"15",14,0.97265,0.01485,0.0094,0.0031,"Netlogo_H_15","Net_H"
"16",15,0.9658,0.019,0.0111,0.0041,"Netlogo_H_15","Net_H"
"17",16,0.95815,0.02335,0.01325,0.00525,"Netlogo_H_15","Net_H"
"18",17,0.95005,0.0273,0.01585,0.0068,"Netlogo_H_15","Net_H"
"19",18,0.93805,0.034,0.0199,0.00805,"Netlogo_H_15","Net_H"
"20",19,0.92565,0.04065,0.02385,0.00985,"Netlogo_H_15","Net_H"
"21",20,0.9098,0.0491,0.0288,0.0123,"Netlogo_H_15","Net_H"
"22",21,0.89275,0.05685,0.03505,0.01535,"Netlogo_H_15","Net_H"
"23",22,0.87155,0.0672,0.04245,0.0188,"Netlogo_H_15","Net_H"
"24",23,0.845,0.08055,0.05245,0.022,"Netlogo_H_15","Net_H"
"25",24,0.81365,0.0978,0.06145,0.0271,"Netlogo_H_15","Net_H"
"26",25,0.7792,0.11265,0.07485,0.0333,"Netlogo_H_15","Net_H"
"27",26,0.7383,0.1306,0.09025,0.04085,"Netlogo_H_15","Net_H"
"28",27,0.6946,0.1504,0.1042,0.0508,"Netlogo_H_15","Net_H"
"29",28,0.6476,0.1682,0.12245,0.06175,"Netlogo_H_15","Net_H"
"30",29,0.5968,0.1865,0.1416,0.0751,"Netlogo_H_15","Net_H"
"31",30,0.5427,0.2,0.1672,0.0901,"Netlogo_H_15","Net_H"
"32",31,0.48155,0.2192,0.19385,0.1054,"Netlogo_H_15","Net_H"
"33",32,0.42015,0.23785,0.2178,0.1242,"Netlogo_H_15","Net_H"
"34",33,0.36305,0.24535,0.2443,0.1473,"Netlogo_H_15","Net_H"
"35",34,0.30855,0.24875,0.26935,0.17335,"Netlogo_H_15","Net_H"
"36",35,0.25585,0.248,0.2926,0.20355,"Netlogo_H_15","Net_H"
"37",36,0.20845,0.24055,0.3161,0.2349,"Netlogo_H_15","Net_H"
"38",37,0.1694,0.2256,0.33615,0.26885,"Netlogo_H_15","Net_H"
"39",38,0.1337,0.2077,0.3508,0.3078,"Netlogo_H_15","Net_H"
"40",39,0.10375,0.18935,0.3605,0.3464,"Netlogo_H_15","Net_H"
"41",40,0.0814,0.16695,0.3624,0.38925,"Netlogo_H_15","Net_H"
"42",41,0.06495,0.14455,0.35855,0.43195,"Netlogo_H_15","Net_H"
"43",42,0.05275,0.1207,0.3544,0.47215,"Netlogo_H_15","Net_H"
"44",43,0.04205,0.0993,0.3454,0.51325,"Netlogo_H_15","Net_H"
"45",44,0.0339,0.08465,0.32825,0.5532,"Netlogo_H_15","Net_H"
"46",45,0.0293,0.06795,0.30935,0.5934,"Netlogo_H_15","Net_H"
"47",46,0.02505,0.0549,0.2901,0.62995,"Netlogo_H_15","Net_H"
"48",47,0.02175,0.04605,0.2694,0.6628,"Netlogo_H_15","Net_H"
"49",48,0.0204,0.0364,0.2482,0.695,"Netlogo_H_15","Net_H"
"50",49,0.01995,0.0292,0.2275,0.72335,"Netlogo_H_15","Net_H"
"51",50,0.019,0.02515,0.20615,0.7497,"Netlogo_H_15","Net_H"
"52",51,0.01825,0.0213,0.1875,0.77295,"Netlogo_H_15","Net_H"
"53",52,0.01815,0.0187,0.16765,0.7955,"Netlogo_H_15","Net_H"
"54",53,0.01915,0.01515,0.1518,0.8139,"Netlogo_H_15","Net_H"
"55",54,0.02025,0.01265,0.1365,0.8306,"Netlogo_H_15","Net_H"
"56",55,0.02105,0.01115,0.121,0.8468,"Netlogo_H_15","Net_H"
"57",56,0.02245,0.01015,0.10725,0.86015,"Netlogo_H_15","Net_H"
"58",57,0.02295,0.00965,0.09555,0.87185,"Netlogo_H_15","Net_H"
"59",58,0.0247,0.0089,0.08495,0.88145,"Netlogo_H_15","Net_H"
"60",59,0.02575,0.00825,0.07475,0.89125,"Netlogo_H_15","Net_H"
"61",60,0.0271,0.0076,0.06655,0.89875,"Netlogo_H_15","Net_H"
"62",61,0.02865,0.0072,0.05975,0.9044,"Netlogo_H_15","Net_H"
"63",62,0.0304,0.0071,0.0515,0.911,"Netlogo_H_15","Net_H"
"64",63,0.03285,0.0057,0.04585,0.9156,"Netlogo_H_15","Net_H"
"65",64,0.03485,0.00575,0.04095,0.91845,"Netlogo_H_15","Net_H"
"66",65,0.03705,0.00545,0.0365,0.921,"Netlogo_H_15","Net_H"
"67",66,0.03955,0.0051,0.0325,0.92285,"Netlogo_H_15","Net_H"
"68",67,0.0419,0.0043,0.0297,0.9241,"Netlogo_H_15","Net_H"
"69",68,0.04415,0.0037,0.027,0.92515,"Netlogo_H_15","Net_H"
"70",69,0.04675,0.0034,0.0246,0.92525,"Netlogo_H_15","Net_H"
"71",70,0.04905,0.0036,0.02265,0.9247,"Netlogo_H_15","Net_H"
"72",71,0.0514,0.00365,0.01955,0.9254,"Netlogo_H_15","Net_H"
"73",72,0.05415,0.00365,0.01695,0.92525,"Netlogo_H_15","Net_H"
"74",73,0.0569,0.0031,0.0156,0.9244,"Netlogo_H_15","Net_H"
"75",74,0.05965,0.00305,0.01455,0.92275,"Netlogo_H_15","Net_H"
"76",75,0.06135,0.0032,0.0125,0.92295,"Netlogo_H_15","Net_H"
"77",76,0.0644,0.0029,0.0119,0.9208,"Netlogo_H_15","Net_H"
"78",77,0.06695,0.00295,0.0106,0.9195,"Netlogo_H_15","Net_H"
"79",78,0.07005,0.0027,0.00975,0.9175,"Netlogo_H_15","Net_H"
"80",79,0.07315,0.0026,0.00875,0.9155,"Netlogo_H_15","Net_H"
"81",80,0.07645,0.00195,0.00835,0.91325,"Netlogo_H_15","Net_H"
"82",81,0.0793,0.0017,0.00755,0.91145,"Netlogo_H_15","Net_H"
"83",82,0.08215,0.00165,0.00675,0.90945,"Netlogo_H_15","Net_H"
"84",83,0.08495,0.0015,0.0061,0.90745,"Netlogo_H_15","Net_H"
"85",84,0.0876,0.0014,0.0057,0.9053,"Netlogo_H_15","Net_H"
"86",85,0.0899,0.00155,0.00545,0.9031,"Netlogo_H_15","Net_H"
"87",86,0.0934,0.00145,0.00525,0.8999,"Netlogo_H_15","Net_H"
"88",87,0.09605,0.00155,0.00505,0.89735,"Netlogo_H_15","Net_H"
"89",88,0.0991,0.00135,0.005,0.89455,"Netlogo_H_15","Net_H"
"90",89,0.10225,0.00135,0.0043,0.8921,"Netlogo_H_15","Net_H"
"91",90,0.105,0.00125,0.00405,0.8897,"Netlogo_H_15","Net_H"
"92",91,0.1079,0.00125,0.00375,0.8871,"Netlogo_H_15","Net_H"
"93",92,0.11035,0.00105,0.0037,0.8849,"Netlogo_H_15","Net_H"
"94",93,0.1128,0.001,0.00355,0.88265,"Netlogo_H_15","Net_H"
"95",94,0.1151,0.0014,0.00315,0.88035,"Netlogo_H_15","Net_H"
"96",95,0.11775,0.0015,0.0026,0.87815,"Netlogo_H_15","Net_H"
"97",96,0.1206,0.0016,0.00225,0.87555,"Netlogo_H_15","Net_H"
"98",97,0.12415,0.0014,0.00235,0.8721,"Netlogo_H_15","Net_H"
"99",98,0.12655,0.00135,0.00245,0.86965,"Netlogo_H_15","Net_H"
"100",99,0.1294,0.0013,0.0026,0.8667,"Netlogo_H_15","Net_H"
"101",100,0.1318,0.0014,0.00235,0.86445,"Netlogo_H_15","Net_H"
"102",101,0.13485,0.00125,0.0023,0.8616,"Netlogo_H_15","Net_H"
"103",102,0.1371,0.00135,0.00235,0.8592,"Netlogo_H_15","Net_H"
"104",103,0.1402,0.00155,0.0023,0.85595,"Netlogo_H_15","Net_H"
"105",104,0.14255,0.00145,0.0021,0.8539,"Netlogo_H_15","Net_H"
"106",105,0.1444,0.0013,0.0021,0.8522,"Netlogo_H_15","Net_H"
"107",106,0.14635,0.00115,0.00215,0.85035,"Netlogo_H_15","Net_H"
"108",107,0.149,0.0011,0.00235,0.84755,"Netlogo_H_15","Net_H"
"109",108,0.15175,0.00115,0.00215,0.84495,"Netlogo_H_15","Net_H"
"110",109,0.15375,0.00135,0.00195,0.84295,"Netlogo_H_15","Net_H"
"111",110,0.1562,0.001,0.00225,0.84055,"Netlogo_H_15","Net_H"
"112",111,0.1589,7e-04,0.00255,0.83785,"Netlogo_H_15","Net_H"
"113",112,0.1606,0.00085,0.00255,0.836,"Netlogo_H_15","Net_H"
"114",113,0.1627,9e-04,0.0024,0.834,"Netlogo_H_15","Net_H"
"115",114,0.16455,0.001,0.0022,0.83225,"Netlogo_H_15","Net_H"
"116",115,0.167,0.001,0.0024,0.8296,"Netlogo_H_15","Net_H"
"117",116,0.16915,0.00115,0.0022,0.8275,"Netlogo_H_15","Net_H"
"118",117,0.1715,0.00125,0.002,0.82525,"Netlogo_H_15","Net_H"
"119",118,0.17405,0.0014,0.0018,0.82275,"Netlogo_H_15","Net_H"
"120",119,0.1761,0.0015,0.0018,0.8206,"Netlogo_H_15","Net_H"
"121",120,0.17805,0.0012,0.00205,0.8187,"Netlogo_H_15","Net_H"
"122",121,0.18005,0.00105,0.0021,0.8168,"Netlogo_H_15","Net_H"
"123",122,0.18245,0.00085,0.00225,0.81445,"Netlogo_H_15","Net_H"
"124",123,0.18395,0.00115,0.00225,0.81265,"Netlogo_H_15","Net_H"
"125",124,0.1863,0.0014,0.0022,0.8101,"Netlogo_H_15","Net_H"
"126",125,0.1874,0.0014,0.00235,0.80885,"Netlogo_H_15","Net_H"
"127",126,0.1889,0.0015,0.00235,0.80725,"Netlogo_H_15","Net_H"
"128",127,0.191,0.0017,0.0024,0.8049,"Netlogo_H_15","Net_H"
"129",128,0.1931,0.00155,0.00235,0.803,"Netlogo_H_15","Net_H"
"130",129,0.1952,0.00155,0.00265,0.8006,"Netlogo_H_15","Net_H"
"131",130,0.1964,0.0018,0.00245,0.79935,"Netlogo_H_15","Net_H"
"132",131,0.1978,0.00175,0.00245,0.798,"Netlogo_H_15","Net_H"
"133",132,0.19985,0.00165,0.00255,0.79595,"Netlogo_H_15","Net_H"
"134",133,0.20195,0.00135,0.0029,0.7938,"Netlogo_H_15","Net_H"
"135",134,0.2045,0.0015,0.0026,0.7914,"Netlogo_H_15","Net_H"
"136",135,0.2063,0.00125,0.0026,0.78985,"Netlogo_H_15","Net_H"
"137",136,0.20865,0.00135,0.00265,0.78735,"Netlogo_H_15","Net_H"
"138",137,0.2111,0.00135,0.0026,0.78495,"Netlogo_H_15","Net_H"
"139",138,0.21295,0.0016,0.0025,0.78295,"Netlogo_H_15","Net_H"
"140",139,0.2152,0.00165,0.0025,0.78065,"Netlogo_H_15","Net_H"
"141",140,0.2174,0.00145,0.00285,0.7783,"Netlogo_H_15","Net_H"
"142",141,0.2195,0.00145,0.0028,0.77625,"Netlogo_H_15","Net_H"
"143",142,0.22085,0.0016,0.0029,0.77465,"Netlogo_H_15","Net_H"
"144",143,0.2229,0.0013,0.00335,0.77245,"Netlogo_H_15","Net_H"
"145",144,0.2243,0.0017,0.0035,0.7705,"Netlogo_H_15","Net_H"
"146",145,0.22605,0.00215,0.00315,0.76865,"Netlogo_H_15","Net_H"
"147",146,0.22825,0.00215,0.00295,0.76665,"Netlogo_H_15","Net_H"
"148",147,0.2304,0.00205,0.00305,0.7645,"Netlogo_H_15","Net_H"
"149",148,0.23235,0.0021,0.00325,0.7623,"Netlogo_H_15","Net_H"
"150",149,0.23375,0.002,0.00345,0.7608,"Netlogo_H_15","Net_H"
"151",150,0.2354,0.00215,0.00355,0.7589,"Netlogo_H_15","Net_H"
"152",151,0.23675,0.0025,0.00335,0.7574,"Netlogo_H_15","Net_H"
"153",152,0.2388,0.00255,0.0031,0.75555,"Netlogo_H_15","Net_H"
"154",153,0.2407,0.0023,0.00325,0.75375,"Netlogo_H_15","Net_H"
"155",154,0.24255,0.00225,0.00325,0.75195,"Netlogo_H_15","Net_H"
"156",155,0.2443,0.0023,0.00345,0.74995,"Netlogo_H_15","Net_H"
"157",156,0.2464,0.00255,0.0037,0.74735,"Netlogo_H_15","Net_H"
"158",157,0.2484,0.0024,0.00355,0.74565,"Netlogo_H_15","Net_H"
"159",158,0.24975,0.00285,0.0033,0.7441,"Netlogo_H_15","Net_H"
"160",159,0.2515,0.0025,0.0036,0.7424,"Netlogo_H_15","Net_H"
"161",160,0.25305,0.00205,0.004,0.7409,"Netlogo_H_15","Net_H"
"162",161,0.25475,0.00215,0.0041,0.739,"Netlogo_H_15","Net_H"
"163",162,0.25675,0.00265,0.00405,0.73655,"Netlogo_H_15","Net_H"
"164",163,0.25885,0.00285,0.00385,0.73445,"Netlogo_H_15","Net_H"
"165",164,0.2602,0.003,0.00375,0.73305,"Netlogo_H_15","Net_H"
"166",165,0.2616,0.00305,0.0039,0.73145,"Netlogo_H_15","Net_H"
"167",166,0.26325,0.0032,0.0041,0.72945,"Netlogo_H_15","Net_H"
"168",167,0.26465,0.0034,0.00455,0.7274,"Netlogo_H_15","Net_H"
"169",168,0.266,0.0038,0.0047,0.7255,"Netlogo_H_15","Net_H"
"170",169,0.2663,0.0045,0.00475,0.72445,"Netlogo_H_15","Net_H"
"171",170,0.2677,0.0042,0.00515,0.72295,"Netlogo_H_15","Net_H"
"172",171,0.2693,0.0042,0.0054,0.7211,"Netlogo_H_15","Net_H"
"173",172,0.27015,0.0043,0.00565,0.7199,"Netlogo_H_15","Net_H"
"174",173,0.2716,0.00455,0.00615,0.7177,"Netlogo_H_15","Net_H"
"175",174,0.272,0.00515,0.0066,0.71625,"Netlogo_H_15","Net_H"
"176",175,0.2721,0.006,0.00665,0.71525,"Netlogo_H_15","Net_H"
"177",176,0.27245,0.0065,0.00685,0.7142,"Netlogo_H_15","Net_H"
"178",177,0.27305,0.00615,0.00785,0.71295,"Netlogo_H_15","Net_H"
"179",178,0.2737,0.0065,0.00815,0.71165,"Netlogo_H_15","Net_H"
"180",179,0.27395,0.0066,0.00855,0.7109,"Netlogo_H_15","Net_H"
"181",180,0.27495,0.0069,0.0089,0.70925,"Netlogo_H_15","Net_H"
"182",181,0.27455,0.0068,0.0096,0.70905,"Netlogo_H_15","Net_H"
"183",182,0.27525,0.00695,0.01025,0.70755,"Netlogo_H_15","Net_H"
"184",183,0.2762,0.0068,0.01105,0.70595,"Netlogo_H_15","Net_H"
"185",184,0.27635,0.00725,0.0117,0.7047,"Netlogo_H_15","Net_H"
"186",185,0.27645,0.008,0.0118,0.70375,"Netlogo_H_15","Net_H"
"187",186,0.27535,0.0092,0.0124,0.70305,"Netlogo_H_15","Net_H"
"188",187,0.2756,0.0095,0.01255,0.70235,"Netlogo_H_15","Net_H"
"189",188,0.2755,0.0099,0.0127,0.7019,"Netlogo_H_15","Net_H"
"190",189,0.2762,0.0097,0.0136,0.7005,"Netlogo_H_15","Net_H"
"191",190,0.276,0.01065,0.01375,0.6996,"Netlogo_H_15","Net_H"
"192",191,0.2759,0.01055,0.0144,0.69915,"Netlogo_H_15","Net_H"
"193",192,0.27515,0.0112,0.01555,0.6981,"Netlogo_H_15","Net_H"
"194",193,0.275,0.01135,0.0163,0.69735,"Netlogo_H_15","Net_H"
"195",194,0.274,0.0118,0.0172,0.697,"Netlogo_H_15","Net_H"
"196",195,0.27375,0.01195,0.0179,0.6964,"Netlogo_H_15","Net_H"
"197",196,0.27145,0.01375,0.01845,0.69635,"Netlogo_H_15","Net_H"
"198",197,0.2701,0.01495,0.01885,0.6961,"Netlogo_H_15","Net_H"
"199",198,0.2694,0.0149,0.02075,0.69495,"Netlogo_H_15","Net_H"
"200",199,0.26655,0.0167,0.0213,0.69545,"Netlogo_H_15","Net_H"
"201",200,0.26505,0.01655,0.0225,0.6959,"Netlogo_H_15","Net_H"
"202",201,0.26385,0.0166,0.0238,0.69575,"Netlogo_H_15","Net_H"
"203",202,0.26205,0.01745,0.02525,0.69525,"Netlogo_H_15","Net_H"
"204",203,0.2601,0.01815,0.02545,0.6963,"Netlogo_H_15","Net_H"
"205",204,0.2574,0.0191,0.02625,0.69725,"Netlogo_H_15","Net_H"
"206",205,0.25515,0.0198,0.02725,0.6978,"Netlogo_H_15","Net_H"
"207",206,0.2524,0.02005,0.0287,0.69885,"Netlogo_H_15","Net_H"
"208",207,0.25015,0.02085,0.02915,0.69985,"Netlogo_H_15","Net_H"
"209",208,0.24635,0.0226,0.03055,0.7005,"Netlogo_H_15","Net_H"
"210",209,0.24355,0.02345,0.0315,0.7015,"Netlogo_H_15","Net_H"
"211",210,0.24065,0.0245,0.03255,0.7023,"Netlogo_H_15","Net_H"
"212",211,0.23915,0.0234,0.03435,0.7031,"Netlogo_H_15","Net_H"
"213",212,0.23725,0.0233,0.0351,0.70435,"Netlogo_H_15","Net_H"
"214",213,0.23375,0.02395,0.03675,0.70555,"Netlogo_H_15","Net_H"
"215",214,0.2307,0.02415,0.03745,0.7077,"Netlogo_H_15","Net_H"
"216",215,0.22725,0.0246,0.03845,0.7097,"Netlogo_H_15","Net_H"
"217",216,0.22345,0.0266,0.0395,0.71045,"Netlogo_H_15","Net_H"
"218",217,0.2204,0.02685,0.04025,0.7125,"Netlogo_H_15","Net_H"
"219",218,0.21765,0.02575,0.0414,0.7152,"Netlogo_H_15","Net_H"
"220",219,0.21365,0.0271,0.0428,0.71645,"Netlogo_H_15","Net_H"
"221",220,0.20965,0.0275,0.0436,0.71925,"Netlogo_H_15","Net_H"
"222",221,0.2061,0.02725,0.0444,0.72225,"Netlogo_H_15","Net_H"
"223",222,0.2025,0.0268,0.04605,0.72465,"Netlogo_H_15","Net_H"
"224",223,0.1994,0.0271,0.0468,0.7267,"Netlogo_H_15","Net_H"
"225",224,0.1962,0.02655,0.04665,0.7306,"Netlogo_H_15","Net_H"
"226",225,0.1921,0.02715,0.0468,0.73395,"Netlogo_H_15","Net_H"
"227",226,0.18925,0.0272,0.0461,0.73745,"Netlogo_H_15","Net_H"
"228",227,0.18605,0.0273,0.04615,0.7405,"Netlogo_H_15","Net_H"
"229",228,0.1833,0.0275,0.04665,0.74255,"Netlogo_H_15","Net_H"
"230",229,0.17935,0.02715,0.0481,0.7454,"Netlogo_H_15","Net_H"
"231",230,0.17625,0.0274,0.0475,0.74885,"Netlogo_H_15","Net_H"
"232",231,0.1733,0.0273,0.04765,0.75175,"Netlogo_H_15","Net_H"
"233",232,0.17065,0.0284,0.04635,0.7546,"Netlogo_H_15","Net_H"
"234",233,0.1691,0.0269,0.04735,0.75665,"Netlogo_H_15","Net_H"
"235",234,0.16725,0.02545,0.0495,0.7578,"Netlogo_H_15","Net_H"
"236",235,0.16435,0.0253,0.04895,0.7614,"Netlogo_H_15","Net_H"
"237",236,0.16135,0.02585,0.0478,0.765,"Netlogo_H_15","Net_H"
"238",237,0.1596,0.0254,0.04755,0.76745,"Netlogo_H_15","Net_H"
"239",238,0.15785,0.0245,0.04785,0.7698,"Netlogo_H_15","Net_H"
"240",239,0.1557,0.02425,0.04785,0.7722,"Netlogo_H_15","Net_H"
"241",240,0.15405,0.02325,0.04755,0.77515,"Netlogo_H_15","Net_H"
"242",241,0.1523,0.02365,0.0462,0.77785,"Netlogo_H_15","Net_H"
"243",242,0.151,0.0233,0.04585,0.77985,"Netlogo_H_15","Net_H"
"244",243,0.15135,0.021,0.045,0.78265,"Netlogo_H_15","Net_H"
"245",244,0.1502,0.02035,0.0455,0.78395,"Netlogo_H_15","Net_H"
"246",245,0.1489,0.02045,0.04455,0.7861,"Netlogo_H_15","Net_H"
"247",246,0.1468,0.022,0.0427,0.7885,"Netlogo_H_15","Net_H"
"248",247,0.1468,0.0212,0.0422,0.7898,"Netlogo_H_15","Net_H"
"249",248,0.14615,0.02065,0.0418,0.7914,"Netlogo_H_15","Net_H"
"250",249,0.1457,0.02035,0.04175,0.7922,"Netlogo_H_15","Net_H"
"251",250,0.1454,0.0208,0.04125,0.79255,"Netlogo_H_15","Net_H"
"252",251,0.14495,0.0208,0.0402,0.79405,"Netlogo_H_15","Net_H"
"253",252,0.14425,0.0206,0.0395,0.79565,"Netlogo_H_15","Net_H"
"254",253,0.1444,0.0196,0.03865,0.79735,"Netlogo_H_15","Net_H"
"255",254,0.1433,0.01955,0.0389,0.79825,"Netlogo_H_15","Net_H"
"256",255,0.14365,0.01865,0.0389,0.7988,"Netlogo_H_15","Net_H"
"257",256,0.1439,0.01865,0.0376,0.79985,"Netlogo_H_15","Net_H"
"258",257,0.1436,0.019,0.03595,0.80145,"Netlogo_H_15","Net_H"
"259",258,0.14375,0.01805,0.03565,0.80255,"Netlogo_H_15","Net_H"
"260",259,0.1452,0.0167,0.03555,0.80255,"Netlogo_H_15","Net_H"
"261",260,0.14555,0.01575,0.0347,0.804,"Netlogo_H_15","Net_H"
"262",261,0.1466,0.0148,0.0344,0.8042,"Netlogo_H_15","Net_H"
"263",262,0.1458,0.01545,0.03385,0.8049,"Netlogo_H_15","Net_H"
"264",263,0.14505,0.0164,0.0331,0.80545,"Netlogo_H_15","Net_H"
"265",264,0.1464,0.01565,0.03275,0.8052,"Netlogo_H_15","Net_H"
"266",265,0.14705,0.01475,0.03205,0.80615,"Netlogo_H_15","Net_H"
"267",266,0.1486,0.01405,0.03115,0.8062,"Netlogo_H_15","Net_H"
"268",267,0.14995,0.0133,0.03125,0.8055,"Netlogo_H_15","Net_H"
"269",268,0.1514,0.01285,0.03085,0.8049,"Netlogo_H_15","Net_H"
"270",269,0.1524,0.01355,0.0295,0.80455,"Netlogo_H_15","Net_H"
"271",270,0.15345,0.0144,0.02815,0.804,"Netlogo_H_15","Net_H"
"272",271,0.15385,0.0137,0.02775,0.8047,"Netlogo_H_15","Net_H"
"273",272,0.15575,0.01225,0.0286,0.8034,"Netlogo_H_15","Net_H"
"274",273,0.15595,0.0135,0.0272,0.80335,"Netlogo_H_15","Net_H"
"275",274,0.1564,0.0136,0.02635,0.80365,"Netlogo_H_15","Net_H"
"276",275,0.1584,0.0131,0.02635,0.80215,"Netlogo_H_15","Net_H"
"277",276,0.16005,0.0129,0.02515,0.8019,"Netlogo_H_15","Net_H"
"278",277,0.1619,0.0126,0.0246,0.8009,"Netlogo_H_15","Net_H"
"279",278,0.1631,0.0128,0.0248,0.7993,"Netlogo_H_15","Net_H"
"280",279,0.1644,0.0132,0.02335,0.79905,"Netlogo_H_15","Net_H"
"281",280,0.16555,0.01305,0.0232,0.7982,"Netlogo_H_15","Net_H"
"282",281,0.1677,0.0129,0.0226,0.7968,"Netlogo_H_15","Net_H"
"283",282,0.16965,0.01305,0.0227,0.7946,"Netlogo_H_15","Net_H"
"284",283,0.17185,0.01135,0.02375,0.79305,"Netlogo_H_15","Net_H"
"285",284,0.17415,0.0108,0.0239,0.79115,"Netlogo_H_15","Net_H"
"286",285,0.1752,0.01195,0.02305,0.7898,"Netlogo_H_15","Net_H"
"287",286,0.1769,0.01225,0.02345,0.7874,"Netlogo_H_15","Net_H"
"288",287,0.17785,0.0131,0.02315,0.7859,"Netlogo_H_15","Net_H"
"289",288,0.1791,0.01355,0.0229,0.78445,"Netlogo_H_15","Net_H"
"290",289,0.18055,0.0139,0.0234,0.78215,"Netlogo_H_15","Net_H"
"291",290,0.1818,0.01375,0.02295,0.7815,"Netlogo_H_15","Net_H"
"292",291,0.18345,0.01425,0.02365,0.77865,"Netlogo_H_15","Net_H"
"293",292,0.1844,0.01485,0.02375,0.777,"Netlogo_H_15","Net_H"
"294",293,0.1858,0.01405,0.02375,0.7764,"Netlogo_H_15","Net_H"
"295",294,0.18665,0.014,0.02345,0.7759,"Netlogo_H_15","Net_H"
"296",295,0.18685,0.0138,0.0237,0.77565,"Netlogo_H_15","Net_H"
"297",296,0.18835,0.0141,0.0235,0.77405,"Netlogo_H_15","Net_H"
"298",297,0.18965,0.01355,0.0239,0.7729,"Netlogo_H_15","Net_H"
"299",298,0.1903,0.01365,0.0242,0.77185,"Netlogo_H_15","Net_H"
"300",299,0.1926,0.0134,0.0247,0.7693,"Netlogo_H_15","Net_H"
"301",300,0.1941,0.0131,0.02435,0.76845,"Netlogo_H_15","Net_H"
"302",301,0.19465,0.01355,0.02415,0.76765,"Netlogo_H_15","Net_H"
"303",302,0.1952,0.01405,0.0251,0.76565,"Netlogo_H_15","Net_H"
"304",303,0.19565,0.01465,0.02465,0.76505,"Netlogo_H_15","Net_H"
"305",304,0.1972,0.01425,0.02465,0.7639,"Netlogo_H_15","Net_H"
"306",305,0.1977,0.0142,0.02475,0.76335,"Netlogo_H_15","Net_H"
"307",306,0.19925,0.0144,0.0245,0.76185,"Netlogo_H_15","Net_H"
"308",307,0.19955,0.01525,0.02375,0.76145,"Netlogo_H_15","Net_H"
"309",308,0.20025,0.01485,0.024,0.7609,"Netlogo_H_15","Net_H"
"310",309,0.20055,0.01495,0.0246,0.7599,"Netlogo_H_15","Net_H"
"311",310,0.2014,0.01485,0.0249,0.75885,"Netlogo_H_15","Net_H"
"312",311,0.20175,0.01465,0.026,0.7576,"Netlogo_H_15","Net_H"
"313",312,0.2027,0.0154,0.0255,0.7564,"Netlogo_H_15","Net_H"
"314",313,0.2042,0.0151,0.0263,0.7544,"Netlogo_H_15","Net_H"
"315",314,0.20465,0.01555,0.0268,0.753,"Netlogo_H_15","Net_H"
"316",315,0.20435,0.01635,0.0266,0.7527,"Netlogo_H_15","Net_H"
"317",316,0.20615,0.01635,0.02605,0.75145,"Netlogo_H_15","Net_H"
"318",317,0.20625,0.01575,0.02645,0.75155,"Netlogo_H_15","Net_H"
"319",318,0.20715,0.01525,0.02715,0.75045,"Netlogo_H_15","Net_H"
"320",319,0.20705,0.01585,0.02745,0.74965,"Netlogo_H_15","Net_H"
"321",320,0.2076,0.0168,0.0269,0.7487,"Netlogo_H_15","Net_H"
"322",321,0.2088,0.01735,0.0271,0.74675,"Netlogo_H_15","Net_H"
"323",322,0.209,0.017,0.0277,0.7463,"Netlogo_H_15","Net_H"
"324",323,0.2098,0.0177,0.0285,0.744,"Netlogo_H_15","Net_H"
"325",324,0.2094,0.01825,0.0287,0.74365,"Netlogo_H_15","Net_H"
"326",325,0.2107,0.01665,0.03015,0.7425,"Netlogo_H_15","Net_H"
"327",326,0.21045,0.01855,0.03015,0.74085,"Netlogo_H_15","Net_H"
"328",327,0.20995,0.0198,0.02945,0.7408,"Netlogo_H_15","Net_H"
"329",328,0.2105,0.0192,0.03035,0.73995,"Netlogo_H_15","Net_H"
"330",329,0.21,0.0198,0.0307,0.7395,"Netlogo_H_15","Net_H"
"331",330,0.20925,0.0194,0.0319,0.73945,"Netlogo_H_15","Net_H"
"332",331,0.20895,0.019,0.0322,0.73985,"Netlogo_H_15","Net_H"
"333",332,0.2081,0.0196,0.03275,0.73955,"Netlogo_H_15","Net_H"
"334",333,0.2081,0.02045,0.0331,0.73835,"Netlogo_H_15","Net_H"
"335",334,0.20755,0.02045,0.03415,0.73785,"Netlogo_H_15","Net_H"
"336",335,0.207,0.02025,0.03515,0.7376,"Netlogo_H_15","Net_H"
"337",336,0.20595,0.0211,0.0352,0.73775,"Netlogo_H_15","Net_H"
"338",337,0.2048,0.022,0.0348,0.7384,"Netlogo_H_15","Net_H"
"339",338,0.20345,0.0222,0.0354,0.73895,"Netlogo_H_15","Net_H"
"340",339,0.2027,0.0216,0.0362,0.7395,"Netlogo_H_15","Net_H"
"341",340,0.20255,0.0211,0.0375,0.73885,"Netlogo_H_15","Net_H"
"342",341,0.20295,0.0216,0.03685,0.7386,"Netlogo_H_15","Net_H"
"343",342,0.2024,0.0221,0.03825,0.73725,"Netlogo_H_15","Net_H"
"344",343,0.2003,0.0236,0.03895,0.73715,"Netlogo_H_15","Net_H"
"345",344,0.19905,0.0243,0.03855,0.7381,"Netlogo_H_15","Net_H"
"346",345,0.1981,0.0239,0.0384,0.7396,"Netlogo_H_15","Net_H"
"347",346,0.19635,0.02305,0.0395,0.7411,"Netlogo_H_15","Net_H"
"348",347,0.19625,0.0216,0.04045,0.7417,"Netlogo_H_15","Net_H"
"349",348,0.19365,0.02295,0.04025,0.74315,"Netlogo_H_15","Net_H"
"350",349,0.1916,0.0245,0.0398,0.7441,"Netlogo_H_15","Net_H"
"351",350,0.1904,0.02405,0.0405,0.74505,"Netlogo_H_15","Net_H"
"352",351,0.1903,0.0232,0.0414,0.7451,"Netlogo_H_15","Net_H"
"353",352,0.18885,0.02335,0.0413,0.7465,"Netlogo_H_15","Net_H"
"354",353,0.18735,0.0236,0.0417,0.74735,"Netlogo_H_15","Net_H"
"355",354,0.18555,0.02395,0.0419,0.7486,"Netlogo_H_15","Net_H"
"356",355,0.1852,0.0243,0.04105,0.74945,"Netlogo_H_15","Net_H"
"357",356,0.1856,0.02435,0.0411,0.74895,"Netlogo_H_15","Net_H"
"358",357,0.18545,0.02395,0.04225,0.74835,"Netlogo_H_15","Net_H"
"359",358,0.1849,0.0235,0.04275,0.74885,"Netlogo_H_15","Net_H"
"360",359,0.1841,0.02335,0.04265,0.7499,"Netlogo_H_15","Net_H"
"361",360,0.18275,0.02475,0.0425,0.75,"Netlogo_H_15","Net_H"
"362",361,0.18295,0.02485,0.0415,0.7507,"Netlogo_H_15","Net_H"
"363",362,0.1826,0.02455,0.0416,0.75125,"Netlogo_H_15","Net_H"
"364",363,0.18205,0.02415,0.0418,0.752,"Netlogo_H_15","Net_H"
"365",364,0.18155,0.02405,0.0418,0.7526,"Netlogo_H_15","Net_H"
"366",365,0.1815,0.02355,0.04215,0.7528,"Netlogo_H_15","Net_H"
"367",366,0.1811,0.02345,0.04235,0.7531,"Netlogo_H_15","Net_H"
"368",367,0.18105,0.02335,0.0422,0.7534,"Netlogo_H_15","Net_H"
"369",368,0.1804,0.02305,0.0427,0.75385,"Netlogo_H_15","Net_H"
"370",369,0.1792,0.0238,0.0425,0.7545,"Netlogo_H_15","Net_H"
"371",370,0.17815,0.0244,0.0417,0.75575,"Netlogo_H_15","Net_H"
"372",371,0.1783,0.0228,0.0422,0.7567,"Netlogo_H_15","Net_H"
"373",372,0.178,0.02325,0.04165,0.7571,"Netlogo_H_15","Net_H"
"374",373,0.17755,0.02285,0.04155,0.75805,"Netlogo_H_15","Net_H"
"375",374,0.17585,0.0239,0.04115,0.7591,"Netlogo_H_15","Net_H"
"376",375,0.1747,0.0232,0.04255,0.75955,"Netlogo_H_15","Net_H"
"377",376,0.17525,0.0226,0.0426,0.75955,"Netlogo_H_15","Net_H"
"378",377,0.17445,0.0234,0.04205,0.7601,"Netlogo_H_15","Net_H"
"379",378,0.1739,0.0233,0.04215,0.76065,"Netlogo_H_15","Net_H"
"380",379,0.1731,0.0233,0.04305,0.76055,"Netlogo_H_15","Net_H"
"381",380,0.17255,0.02305,0.04385,0.76055,"Netlogo_H_15","Net_H"
"382",381,0.17305,0.02235,0.04375,0.76085,"Netlogo_H_15","Net_H"
"383",382,0.1736,0.02195,0.0435,0.76095,"Netlogo_H_15","Net_H"
"384",383,0.17365,0.0215,0.04285,0.762,"Netlogo_H_15","Net_H"
"385",384,0.1739,0.0215,0.0428,0.7618,"Netlogo_H_15","Net_H"
"386",385,0.1735,0.0228,0.04185,0.76185,"Netlogo_H_15","Net_H"
"387",386,0.17315,0.0234,0.0408,0.76265,"Netlogo_H_15","Net_H"
"388",387,0.17285,0.0233,0.04065,0.7632,"Netlogo_H_15","Net_H"
"389",388,0.1736,0.0228,0.0413,0.7623,"Netlogo_H_15","Net_H"
"390",389,0.17325,0.0214,0.0424,0.76295,"Netlogo_H_15","Net_H"
"391",390,0.17255,0.02185,0.043,0.7626,"Netlogo_H_15","Net_H"
"392",391,0.172,0.02195,0.0427,0.76335,"Netlogo_H_15","Net_H"
"393",392,0.17105,0.02185,0.04295,0.76415,"Netlogo_H_15","Net_H"
"394",393,0.17105,0.0217,0.04215,0.7651,"Netlogo_H_15","Net_H"
"395",394,0.17085,0.0213,0.0418,0.76605,"Netlogo_H_15","Net_H"
"396",395,0.171,0.02075,0.0416,0.76665,"Netlogo_H_15","Net_H"
"397",396,0.17085,0.02165,0.03995,0.76755,"Netlogo_H_15","Net_H"
"398",397,0.17075,0.0213,0.0396,0.76835,"Netlogo_H_15","Net_H"
"399",398,0.1705,0.0215,0.04015,0.76785,"Netlogo_H_15","Net_H"
"400",399,0.17155,0.0213,0.0401,0.76705,"Netlogo_H_15","Net_H"
"401",400,0.1726,0.0215,0.03885,0.76705,"Netlogo_H_15","Net_H"
"402",401,0.1729,0.0207,0.039,0.7674,"Netlogo_H_15","Net_H"
"403",402,0.17325,0.0205,0.0389,0.76735,"Netlogo_H_15","Net_H"
"404",403,0.17385,0.02005,0.0391,0.767,"Netlogo_H_15","Net_H"
"405",404,0.17525,0.02005,0.0383,0.7664,"Netlogo_H_15","Net_H"
"406",405,0.1761,0.0187,0.03895,0.76625,"Netlogo_H_15","Net_H"
"407",406,0.1748,0.0201,0.0368,0.7683,"Netlogo_H_15","Net_H"
"408",407,0.175,0.02065,0.03695,0.7674,"Netlogo_H_15","Net_H"
"409",408,0.1767,0.01965,0.03645,0.7672,"Netlogo_H_15","Net_H"
"410",409,0.17825,0.0196,0.03645,0.7657,"Netlogo_H_15","Net_H"
"411",410,0.1767,0.02065,0.0364,0.76625,"Netlogo_H_15","Net_H"
"412",411,0.17755,0.0201,0.0363,0.76605,"Netlogo_H_15","Net_H"
"413",412,0.17705,0.0205,0.0372,0.76525,"Netlogo_H_15","Net_H"
"414",413,0.1773,0.02135,0.0359,0.76545,"Netlogo_H_15","Net_H"
"415",414,0.17855,0.02085,0.0359,0.7647,"Netlogo_H_15","Net_H"
"416",415,0.1791,0.021,0.03595,0.76395,"Netlogo_H_15","Net_H"
"417",416,0.17965,0.01975,0.0372,0.7634,"Netlogo_H_15","Net_H"
"418",417,0.18,0.01925,0.03785,0.7629,"Netlogo_H_15","Net_H"
"419",418,0.17935,0.0198,0.03855,0.7623,"Netlogo_H_15","Net_H"
"420",419,0.1804,0.0203,0.03815,0.76115,"Netlogo_H_15","Net_H"
"421",420,0.18075,0.02005,0.03735,0.76185,"Netlogo_H_15","Net_H"
"422",421,0.18045,0.021,0.037,0.76155,"Netlogo_H_15","Net_H"
"423",422,0.1825,0.01995,0.0368,0.76075,"Netlogo_H_15","Net_H"
"424",423,0.18225,0.0193,0.0377,0.76075,"Netlogo_H_15","Net_H"
"425",424,0.1823,0.01945,0.03785,0.7604,"Netlogo_H_15","Net_H"
"426",425,0.18225,0.0197,0.0374,0.76065,"Netlogo_H_15","Net_H"
"427",426,0.18275,0.01995,0.037,0.7603,"Netlogo_H_15","Net_H"
"428",427,0.18285,0.0204,0.03635,0.7604,"Netlogo_H_15","Net_H"
"429",428,0.18415,0.0202,0.0361,0.75955,"Netlogo_H_15","Net_H"
"430",429,0.1841,0.0201,0.03645,0.75935,"Netlogo_H_15","Net_H"
"431",430,0.18325,0.0201,0.03675,0.7599,"Netlogo_H_15","Net_H"
"432",431,0.18435,0.02005,0.03655,0.75905,"Netlogo_H_15","Net_H"
"433",432,0.1854,0.0199,0.03595,0.75875,"Netlogo_H_15","Net_H"
"434",433,0.18615,0.01995,0.036,0.7579,"Netlogo_H_15","Net_H"
"435",434,0.18525,0.02115,0.0358,0.7578,"Netlogo_H_15","Net_H"
"436",435,0.18575,0.0208,0.03665,0.7568,"Netlogo_H_15","Net_H"
"437",436,0.1855,0.0205,0.0363,0.7577,"Netlogo_H_15","Net_H"
"438",437,0.18555,0.02135,0.03595,0.75715,"Netlogo_H_15","Net_H"
"439",438,0.18665,0.0212,0.0368,0.75535,"Netlogo_H_15","Net_H"
"440",439,0.1879,0.02,0.03655,0.75555,"Netlogo_H_15","Net_H"
"441",440,0.1871,0.0205,0.0373,0.7551,"Netlogo_H_15","Net_H"
"442",441,0.18645,0.02205,0.0365,0.755,"Netlogo_H_15","Net_H"
"443",442,0.18735,0.0215,0.03615,0.755,"Netlogo_H_15","Net_H"
"444",443,0.18635,0.0213,0.0374,0.75495,"Netlogo_H_15","Net_H"
"445",444,0.1866,0.0218,0.0381,0.7535,"Netlogo_H_15","Net_H"
"446",445,0.1861,0.02235,0.03845,0.7531,"Netlogo_H_15","Net_H"
"447",446,0.1852,0.0233,0.0377,0.7538,"Netlogo_H_15","Net_H"
"448",447,0.1853,0.0224,0.0384,0.7539,"Netlogo_H_15","Net_H"
"449",448,0.1847,0.02195,0.03965,0.7537,"Netlogo_H_15","Net_H"
"450",449,0.18335,0.02195,0.04035,0.75435,"Netlogo_H_15","Net_H"
"451",450,0.1838,0.0219,0.0398,0.7545,"Netlogo_H_15","Net_H"
"452",451,0.182,0.02285,0.03995,0.7552,"Netlogo_H_15","Net_H"
"453",452,0.18145,0.02315,0.0399,0.7555,"Netlogo_H_15","Net_H"
"454",453,0.181,0.0232,0.04025,0.75555,"Netlogo_H_15","Net_H"
"455",454,0.1816,0.02375,0.03985,0.7548,"Netlogo_H_15","Net_H"
"456",455,0.18075,0.02305,0.03995,0.75625,"Netlogo_H_15","Net_H"
"457",456,0.1807,0.02215,0.04,0.75715,"Netlogo_H_15","Net_H"
"458",457,0.18045,0.0217,0.0409,0.75695,"Netlogo_H_15","Net_H"
"459",458,0.18075,0.0222,0.04135,0.7557,"Netlogo_H_15","Net_H"
"460",459,0.1795,0.02315,0.04185,0.7555,"Netlogo_H_15","Net_H"
"461",460,0.17785,0.02335,0.04255,0.75625,"Netlogo_H_15","Net_H"
"462",461,0.1781,0.0232,0.04265,0.75605,"Netlogo_H_15","Net_H"
"463",462,0.17765,0.0222,0.0428,0.75735,"Netlogo_H_15","Net_H"
"464",463,0.17795,0.02135,0.04355,0.75715,"Netlogo_H_15","Net_H"
"465",464,0.1775,0.02165,0.04225,0.7586,"Netlogo_H_15","Net_H"
"466",465,0.1775,0.0212,0.04175,0.75955,"Netlogo_H_15","Net_H"
"467",466,0.1771,0.02095,0.04225,0.7597,"Netlogo_H_15","Net_H"
"468",467,0.17675,0.02125,0.04155,0.76045,"Netlogo_H_15","Net_H"
"469",468,0.1768,0.0217,0.0407,0.7608,"Netlogo_H_15","Net_H"
"470",469,0.17555,0.02215,0.04075,0.76155,"Netlogo_H_15","Net_H"
"471",470,0.17515,0.02345,0.041,0.7604,"Netlogo_H_15","Net_H"
"472",471,0.1752,0.0229,0.0414,0.7605,"Netlogo_H_15","Net_H"
"473",472,0.17495,0.0219,0.0413,0.76185,"Netlogo_H_15","Net_H"
"474",473,0.17465,0.02255,0.0402,0.7626,"Netlogo_H_15","Net_H"
"475",474,0.1755,0.0216,0.04085,0.76205,"Netlogo_H_15","Net_H"
"476",475,0.1752,0.02175,0.0412,0.76185,"Netlogo_H_15","Net_H"
"477",476,0.1736,0.0229,0.04125,0.76225,"Netlogo_H_15","Net_H"
"478",477,0.1719,0.02355,0.0415,0.76305,"Netlogo_H_15","Net_H"
"479",478,0.17235,0.0229,0.0412,0.76355,"Netlogo_H_15","Net_H"
"480",479,0.172,0.02245,0.0414,0.76415,"Netlogo_H_15","Net_H"
"481",480,0.1716,0.0219,0.04225,0.76425,"Netlogo_H_15","Net_H"
"482",481,0.17155,0.0226,0.04105,0.7648,"Netlogo_H_15","Net_H"
"483",482,0.1721,0.02135,0.0399,0.76665,"Netlogo_H_15","Net_H"
"484",483,0.17115,0.02155,0.03945,0.76785,"Netlogo_H_15","Net_H"
"485",484,0.17085,0.02095,0.03915,0.76905,"Netlogo_H_15","Net_H"
"486",485,0.17135,0.0209,0.0389,0.76885,"Netlogo_H_15","Net_H"
"487",486,0.1714,0.0207,0.0388,0.7691,"Netlogo_H_15","Net_H"
"488",487,0.17175,0.02035,0.03895,0.76895,"Netlogo_H_15","Net_H"
"489",488,0.17205,0.0197,0.0386,0.76965,"Netlogo_H_15","Net_H"
"490",489,0.172,0.0192,0.03895,0.76985,"Netlogo_H_15","Net_H"
"491",490,0.1711,0.0202,0.03835,0.77035,"Netlogo_H_15","Net_H"
"492",491,0.1712,0.0209,0.03765,0.77025,"Netlogo_H_15","Net_H"
"493",492,0.1717,0.0194,0.03735,0.77155,"Netlogo_H_15","Net_H"
"494",493,0.17125,0.0195,0.0372,0.77205,"Netlogo_H_15","Net_H"
"495",494,0.1719,0.0194,0.03735,0.77135,"Netlogo_H_15","Net_H"
"496",495,0.173,0.0188,0.03665,0.77155,"Netlogo_H_15","Net_H"
"497",496,0.1738,0.01695,0.0361,0.77315,"Netlogo_H_15","Net_H"
"498",497,0.1749,0.016,0.0364,0.7727,"Netlogo_H_15","Net_H"
"499",498,0.175,0.01705,0.0361,0.77185,"Netlogo_H_15","Net_H"
"500",499,0.17525,0.0183,0.0347,0.77175,"Netlogo_H_15","Net_H"
"501",500,0.176,0.0185,0.0353,0.7702,"Netlogo_H_15","Net_H"
"502",501,0.1768,0.0182,0.0348,0.7702,"Netlogo_H_15","Net_H"
"503",502,0.17565,0.0191,0.03425,0.771,"Netlogo_H_15","Net_H"
"504",503,0.1768,0.0192,0.03365,0.77035,"Netlogo_H_15","Net_H"
"505",504,0.17895,0.0184,0.0348,0.76785,"Netlogo_H_15","Net_H"
"506",505,0.17915,0.0184,0.03475,0.7677,"Netlogo_H_15","Net_H"
"507",506,0.17935,0.01925,0.0338,0.7676,"Netlogo_H_15","Net_H"
"508",507,0.18025,0.01885,0.0347,0.7662,"Netlogo_H_15","Net_H"
"509",508,0.1789,0.01975,0.0342,0.76715,"Netlogo_H_15","Net_H"
"510",509,0.17785,0.02,0.0345,0.76765,"Netlogo_H_15","Net_H"
"511",510,0.179,0.01925,0.0347,0.76705,"Netlogo_H_15","Net_H"
"512",511,0.17865,0.01865,0.0365,0.7662,"Netlogo_H_15","Net_H"
"513",512,0.17835,0.01955,0.03545,0.76665,"Netlogo_H_15","Net_H"
"514",513,0.1795,0.0189,0.0357,0.7659,"Netlogo_H_15","Net_H"
"515",514,0.1792,0.01935,0.0354,0.76605,"Netlogo_H_15","Net_H"
"516",515,0.17995,0.01995,0.03505,0.76505,"Netlogo_H_15","Net_H"
"517",516,0.1788,0.02045,0.0353,0.76545,"Netlogo_H_15","Net_H"
"518",517,0.1783,0.0213,0.0347,0.7657,"Netlogo_H_15","Net_H"
"519",518,0.1779,0.02065,0.03515,0.7663,"Netlogo_H_15","Net_H"
"520",519,0.1791,0.01925,0.0357,0.76595,"Netlogo_H_15","Net_H"
"521",520,0.17975,0.0178,0.03565,0.7668,"Netlogo_H_15","Net_H"
"522",521,0.17935,0.0184,0.035,0.76725,"Netlogo_H_15","Net_H"
"523",522,0.18085,0.01785,0.03465,0.76665,"Netlogo_H_15","Net_H"
"524",523,0.18265,0.01815,0.03375,0.76545,"Netlogo_H_15","Net_H"
"525",524,0.1832,0.01815,0.033,0.76565,"Netlogo_H_15","Net_H"
"526",525,0.18345,0.0181,0.03305,0.7654,"Netlogo_H_15","Net_H"
"527",526,0.18425,0.019,0.03135,0.7654,"Netlogo_H_15","Net_H"
"528",527,0.18605,0.01735,0.03195,0.76465,"Netlogo_H_15","Net_H"
"529",528,0.18715,0.01725,0.03245,0.76315,"Netlogo_H_15","Net_H"
"530",529,0.18785,0.01795,0.0317,0.7625,"Netlogo_H_15","Net_H"
"531",530,0.1888,0.01755,0.0316,0.76205,"Netlogo_H_15","Net_H"
"532",531,0.1896,0.01735,0.0327,0.76035,"Netlogo_H_15","Net_H"
"533",532,0.19045,0.01715,0.0328,0.7596,"Netlogo_H_15","Net_H"
"534",533,0.19175,0.0169,0.03235,0.759,"Netlogo_H_15","Net_H"
"535",534,0.19145,0.01835,0.03235,0.75785,"Netlogo_H_15","Net_H"
"536",535,0.19115,0.0188,0.03145,0.7586,"Netlogo_H_15","Net_H"
"537",536,0.191,0.0182,0.03175,0.75905,"Netlogo_H_15","Net_H"
"538",537,0.19175,0.01825,0.03215,0.75785,"Netlogo_H_15","Net_H"
"539",538,0.1919,0.01925,0.03165,0.7572,"Netlogo_H_15","Net_H"
"540",539,0.1927,0.01925,0.0311,0.75695,"Netlogo_H_15","Net_H"
"541",540,0.1929,0.02005,0.03125,0.7558,"Netlogo_H_15","Net_H"
"542",541,0.19415,0.01915,0.0323,0.7544,"Netlogo_H_15","Net_H"
"543",542,0.1939,0.0194,0.03265,0.75405,"Netlogo_H_15","Net_H"
"544",543,0.19465,0.02005,0.03325,0.75205,"Netlogo_H_15","Net_H"
"545",544,0.1955,0.02015,0.0338,0.75055,"Netlogo_H_15","Net_H"
"546",545,0.19515,0.0199,0.03445,0.7505,"Netlogo_H_15","Net_H"
"547",546,0.1948,0.0205,0.0339,0.7508,"Netlogo_H_15","Net_H"
"548",547,0.19565,0.02,0.0348,0.74955,"Netlogo_H_15","Net_H"
"549",548,0.19455,0.0206,0.034,0.75085,"Netlogo_H_15","Net_H"
"550",549,0.1939,0.02075,0.03535,0.75,"Netlogo_H_15","Net_H"
"551",550,0.1931,0.02135,0.0347,0.75085,"Netlogo_H_15","Net_H"
"552",551,0.1938,0.0196,0.0367,0.7499,"Netlogo_H_15","Net_H"
"553",552,0.19445,0.01965,0.03685,0.74905,"Netlogo_H_15","Net_H"
"554",553,0.1932,0.0203,0.03755,0.74895,"Netlogo_H_15","Net_H"
"555",554,0.19295,0.02115,0.03725,0.74865,"Netlogo_H_15","Net_H"
"556",555,0.19235,0.0221,0.0372,0.74835,"Netlogo_H_15","Net_H"
"557",556,0.1909,0.023,0.0362,0.7499,"Netlogo_H_15","Net_H"
"558",557,0.19005,0.02365,0.03675,0.74955,"Netlogo_H_15","Net_H"
"559",558,0.1892,0.02365,0.0379,0.74925,"Netlogo_H_15","Net_H"
"560",559,0.1887,0.0229,0.0383,0.7501,"Netlogo_H_15","Net_H"
"561",560,0.18745,0.02295,0.03955,0.75005,"Netlogo_H_15","Net_H"
"562",561,0.1867,0.02325,0.0405,0.74955,"Netlogo_H_15","Net_H"
"563",562,0.18595,0.02355,0.0414,0.7491,"Netlogo_H_15","Net_H"
"564",563,0.1844,0.02445,0.04065,0.7505,"Netlogo_H_15","Net_H"
"565",564,0.1842,0.0228,0.04225,0.75075,"Netlogo_H_15","Net_H"
"566",565,0.18345,0.0233,0.04215,0.7511,"Netlogo_H_15","Net_H"
"567",566,0.18305,0.02295,0.0428,0.7512,"Netlogo_H_15","Net_H"
"568",567,0.18155,0.02455,0.04225,0.75165,"Netlogo_H_15","Net_H"
"569",568,0.1803,0.0246,0.0419,0.7532,"Netlogo_H_15","Net_H"
"570",569,0.18,0.02445,0.0425,0.75305,"Netlogo_H_15","Net_H"
"571",570,0.17935,0.0242,0.042,0.75445,"Netlogo_H_15","Net_H"
"572",571,0.17935,0.02385,0.04185,0.75495,"Netlogo_H_15","Net_H"
"573",572,0.1784,0.0242,0.0413,0.7561,"Netlogo_H_15","Net_H"
"574",573,0.1781,0.02375,0.0413,0.75685,"Netlogo_H_15","Net_H"
"575",574,0.1768,0.02475,0.0402,0.75825,"Netlogo_H_15","Net_H"
"576",575,0.1753,0.025,0.04065,0.75905,"Netlogo_H_15","Net_H"
"577",576,0.17475,0.0242,0.0409,0.76015,"Netlogo_H_15","Net_H"
"578",577,0.17405,0.02495,0.04015,0.76085,"Netlogo_H_15","Net_H"
"579",578,0.17355,0.02505,0.03985,0.76155,"Netlogo_H_15","Net_H"
"580",579,0.1721,0.02535,0.04005,0.7625,"Netlogo_H_15","Net_H"
"581",580,0.1725,0.0238,0.0419,0.7618,"Netlogo_H_15","Net_H"
"582",581,0.172,0.02375,0.0419,0.76235,"Netlogo_H_15","Net_H"
"583",582,0.1709,0.02325,0.04235,0.7635,"Netlogo_H_15","Net_H"
"584",583,0.17165,0.02275,0.0423,0.7633,"Netlogo_H_15","Net_H"
"585",584,0.17215,0.02125,0.044,0.7626,"Netlogo_H_15","Net_H"
"586",585,0.1715,0.02165,0.0441,0.76275,"Netlogo_H_15","Net_H"
"587",586,0.17175,0.0226,0.04335,0.7623,"Netlogo_H_15","Net_H"
"588",587,0.1717,0.02205,0.04315,0.7631,"Netlogo_H_15","Net_H"
"589",588,0.17205,0.02275,0.042,0.7632,"Netlogo_H_15","Net_H"
"590",589,0.17265,0.0224,0.0421,0.76285,"Netlogo_H_15","Net_H"
"591",590,0.17195,0.0225,0.0414,0.76415,"Netlogo_H_15","Net_H"
"592",591,0.1734,0.0223,0.0409,0.7634,"Netlogo_H_15","Net_H"
"593",592,0.1736,0.0208,0.0425,0.7631,"Netlogo_H_15","Net_H"
"594",593,0.1726,0.0221,0.04205,0.76325,"Netlogo_H_15","Net_H"
"595",594,0.1714,0.02295,0.041,0.76465,"Netlogo_H_15","Net_H"
"596",595,0.1708,0.0227,0.04155,0.76495,"Netlogo_H_15","Net_H"
"597",596,0.1715,0.02315,0.04175,0.7636,"Netlogo_H_15","Net_H"
"598",597,0.1721,0.0231,0.0417,0.7631,"Netlogo_H_15","Net_H"
"599",598,0.1723,0.0228,0.04165,0.76325,"Netlogo_H_15","Net_H"
"600",599,0.1738,0.02125,0.0429,0.76205,"Netlogo_H_15","Net_H"
"601",600,0.17385,0.02155,0.04235,0.76225,"Netlogo_H_15","Net_H"
"602",601,0.173,0.023,0.042,0.762,"Netlogo_H_15","Net_H"
"603",602,0.17205,0.0241,0.0403,0.76355,"Netlogo_H_15","Net_H"
"604",603,0.17155,0.0234,0.04065,0.7644,"Netlogo_H_15","Net_H"
"605",604,0.17235,0.0223,0.041,0.76435,"Netlogo_H_15","Net_H"
"606",605,0.1719,0.02195,0.0414,0.76475,"Netlogo_H_15","Net_H"
"607",606,0.1716,0.02225,0.04135,0.7648,"Netlogo_H_15","Net_H"
"608",607,0.1718,0.0223,0.04045,0.76545,"Netlogo_H_15","Net_H"
"609",608,0.17165,0.02275,0.03975,0.76585,"Netlogo_H_15","Net_H"
"610",609,0.17265,0.02275,0.0394,0.7652,"Netlogo_H_15","Net_H"
"611",610,0.174,0.02155,0.0395,0.76495,"Netlogo_H_15","Net_H"
"612",611,0.1743,0.02095,0.03995,0.7648,"Netlogo_H_15","Net_H"
"613",612,0.17355,0.02055,0.0394,0.7665,"Netlogo_H_15","Net_H"
"614",613,0.17365,0.0206,0.039,0.76675,"Netlogo_H_15","Net_H"
"615",614,0.1753,0.02035,0.0387,0.76565,"Netlogo_H_15","Net_H"
"616",615,0.17595,0.0196,0.04,0.76445,"Netlogo_H_15","Net_H"
"617",616,0.176,0.0193,0.0394,0.7653,"Netlogo_H_15","Net_H"
"618",617,0.1765,0.01945,0.0403,0.76375,"Netlogo_H_15","Net_H"
"619",618,0.17715,0.01945,0.04055,0.76285,"Netlogo_H_15","Net_H"
"620",619,0.1769,0.02025,0.0402,0.76265,"Netlogo_H_15","Net_H"
"621",620,0.1775,0.0202,0.03925,0.76305,"Netlogo_H_15","Net_H"
"622",621,0.17815,0.0196,0.03945,0.7628,"Netlogo_H_15","Net_H"
"623",622,0.178,0.02065,0.03955,0.7618,"Netlogo_H_15","Net_H"
"624",623,0.17865,0.02115,0.0395,0.7607,"Netlogo_H_15","Net_H"
"625",624,0.17905,0.0212,0.0393,0.76045,"Netlogo_H_15","Net_H"
"626",625,0.1803,0.02135,0.03845,0.7599,"Netlogo_H_15","Net_H"
"627",626,0.1814,0.0204,0.03735,0.76085,"Netlogo_H_15","Net_H"
"628",627,0.1824,0.02035,0.0369,0.76035,"Netlogo_H_15","Net_H"
"629",628,0.18275,0.0204,0.0361,0.76075,"Netlogo_H_15","Net_H"
