"","step","S","E","I","R","simu","Langage"
"1",0,0.999,0,0.001,0,"Netlogo_H_18","Net_H"
"2",1,0.99835,0.00065,0.001,0,"Netlogo_H_18","Net_H"
"3",2,0.99765,0.00135,9e-04,1e-04,"Netlogo_H_18","Net_H"
"4",3,0.9973,0.00165,0.00085,2e-04,"Netlogo_H_18","Net_H"
"5",4,0.9969,0.00175,0.00105,3e-04,"Netlogo_H_18","Net_H"
"6",5,0.99605,0.0024,0.0011,0.00045,"Netlogo_H_18","Net_H"
"7",6,0.9949,0.003,0.00155,0.00055,"Netlogo_H_18","Net_H"
"8",7,0.99385,0.00345,0.0021,6e-04,"Netlogo_H_18","Net_H"
"9",8,0.9926,0.004,0.00275,0.00065,"Netlogo_H_18","Net_H"
"10",9,0.9904,0.00535,0.00335,9e-04,"Netlogo_H_18","Net_H"
"11",10,0.9878,0.007,0.00385,0.00135,"Netlogo_H_18","Net_H"
"12",11,0.9845,0.00905,0.00465,0.0018,"Netlogo_H_18","Net_H"
"13",12,0.9807,0.0111,0.0057,0.0025,"Netlogo_H_18","Net_H"
"14",13,0.97605,0.014,0.00685,0.0031,"Netlogo_H_18","Net_H"
"15",14,0.97145,0.01605,0.0087,0.0038,"Netlogo_H_18","Net_H"
"16",15,0.9665,0.01735,0.01135,0.0048,"Netlogo_H_18","Net_H"
"17",16,0.95995,0.02105,0.0129,0.0061,"Netlogo_H_18","Net_H"
"18",17,0.9511,0.02595,0.01585,0.0071,"Netlogo_H_18","Net_H"
"19",18,0.9401,0.0326,0.01895,0.00835,"Netlogo_H_18","Net_H"
"20",19,0.9264,0.04025,0.0231,0.01025,"Netlogo_H_18","Net_H"
"21",20,0.9122,0.0473,0.0277,0.0128,"Netlogo_H_18","Net_H"
"22",21,0.89435,0.0552,0.0345,0.01595,"Netlogo_H_18","Net_H"
"23",22,0.87385,0.06545,0.04145,0.01925,"Netlogo_H_18","Net_H"
"24",23,0.84995,0.0757,0.051,0.02335,"Netlogo_H_18","Net_H"
"25",24,0.8204,0.09115,0.05935,0.0291,"Netlogo_H_18","Net_H"
"26",25,0.7851,0.10975,0.07055,0.0346,"Netlogo_H_18","Net_H"
"27",26,0.75025,0.12375,0.0847,0.0413,"Netlogo_H_18","Net_H"
"28",27,0.70765,0.1408,0.10195,0.0496,"Netlogo_H_18","Net_H"
"29",28,0.65685,0.1635,0.11985,0.0598,"Netlogo_H_18","Net_H"
"30",29,0.603,0.1833,0.14175,0.07195,"Netlogo_H_18","Net_H"
"31",30,0.5466,0.2029,0.1635,0.087,"Netlogo_H_18","Net_H"
"32",31,0.489,0.21695,0.1903,0.10375,"Netlogo_H_18","Net_H"
"33",32,0.43085,0.22975,0.21465,0.12475,"Netlogo_H_18","Net_H"
"34",33,0.37335,0.2379,0.24105,0.1477,"Netlogo_H_18","Net_H"
"35",34,0.3165,0.2429,0.26785,0.17275,"Netlogo_H_18","Net_H"
"36",35,0.26275,0.2446,0.29225,0.2004,"Netlogo_H_18","Net_H"
"37",36,0.2121,0.2412,0.31435,0.23235,"Netlogo_H_18","Net_H"
"38",37,0.1691,0.2292,0.33515,0.26655,"Netlogo_H_18","Net_H"
"39",38,0.13305,0.2106,0.35125,0.3051,"Netlogo_H_18","Net_H"
"40",39,0.10525,0.19115,0.36105,0.34255,"Netlogo_H_18","Net_H"
"41",40,0.0829,0.1703,0.3631,0.3837,"Netlogo_H_18","Net_H"
"42",41,0.0649,0.14855,0.363,0.42355,"Netlogo_H_18","Net_H"
"43",42,0.0523,0.12575,0.36,0.46195,"Netlogo_H_18","Net_H"
"44",43,0.04125,0.10545,0.3493,0.504,"Netlogo_H_18","Net_H"
"45",44,0.0331,0.08905,0.3342,0.54365,"Netlogo_H_18","Net_H"
"46",45,0.02765,0.07485,0.3157,0.5818,"Netlogo_H_18","Net_H"
"47",46,0.02415,0.0612,0.29655,0.6181,"Netlogo_H_18","Net_H"
"48",47,0.0212,0.05145,0.2737,0.65365,"Netlogo_H_18","Net_H"
"49",48,0.0195,0.0416,0.2525,0.6864,"Netlogo_H_18","Net_H"
"50",49,0.019,0.0342,0.23095,0.71585,"Netlogo_H_18","Net_H"
"51",50,0.019,0.02845,0.2061,0.74645,"Netlogo_H_18","Net_H"
"52",51,0.0191,0.02415,0.18515,0.7716,"Netlogo_H_18","Net_H"
"53",52,0.01955,0.0191,0.1674,0.79395,"Netlogo_H_18","Net_H"
"54",53,0.02045,0.0156,0.1526,0.81135,"Netlogo_H_18","Net_H"
"55",54,0.0213,0.0143,0.13485,0.82955,"Netlogo_H_18","Net_H"
"56",55,0.02335,0.01185,0.12175,0.84305,"Netlogo_H_18","Net_H"
"57",56,0.02395,0.011,0.10775,0.8573,"Netlogo_H_18","Net_H"
"58",57,0.0255,0.0096,0.0957,0.8692,"Netlogo_H_18","Net_H"
"59",58,0.02665,0.0091,0.08575,0.8785,"Netlogo_H_18","Net_H"
"60",59,0.028,0.0081,0.07675,0.88715,"Netlogo_H_18","Net_H"
"61",60,0.0292,0.0077,0.06755,0.89555,"Netlogo_H_18","Net_H"
"62",61,0.0307,0.00665,0.0607,0.90195,"Netlogo_H_18","Net_H"
"63",62,0.03215,0.00635,0.055,0.9065,"Netlogo_H_18","Net_H"
"64",63,0.0346,0.0061,0.04925,0.91005,"Netlogo_H_18","Net_H"
"65",64,0.0363,0.0059,0.0438,0.914,"Netlogo_H_18","Net_H"
"66",65,0.03885,0.00575,0.03945,0.91595,"Netlogo_H_18","Net_H"
"67",66,0.0414,0.00505,0.0363,0.91725,"Netlogo_H_18","Net_H"
"68",67,0.04355,0.0042,0.0319,0.92035,"Netlogo_H_18","Net_H"
"69",68,0.0459,0.00365,0.029,0.92145,"Netlogo_H_18","Net_H"
"70",69,0.0481,0.00325,0.02585,0.9228,"Netlogo_H_18","Net_H"
"71",70,0.0505,0.0033,0.02225,0.92395,"Netlogo_H_18","Net_H"
"72",71,0.05275,0.0029,0.0197,0.92465,"Netlogo_H_18","Net_H"
"73",72,0.05605,0.00245,0.0177,0.9238,"Netlogo_H_18","Net_H"
"74",73,0.0592,0.0023,0.0156,0.9229,"Netlogo_H_18","Net_H"
"75",74,0.06145,0.0021,0.0136,0.92285,"Netlogo_H_18","Net_H"
"76",75,0.06465,0.00225,0.01235,0.92075,"Netlogo_H_18","Net_H"
"77",76,0.06755,0.00245,0.01135,0.91865,"Netlogo_H_18","Net_H"
"78",77,0.0708,0.00235,0.0106,0.91625,"Netlogo_H_18","Net_H"
"79",78,0.07405,0.0022,0.01005,0.9137,"Netlogo_H_18","Net_H"
"80",79,0.0778,0.00215,0.00885,0.9112,"Netlogo_H_18","Net_H"
"81",80,0.0801,0.0014,0.00865,0.90985,"Netlogo_H_18","Net_H"
"82",81,0.0822,0.00135,0.0081,0.90835,"Netlogo_H_18","Net_H"
"83",82,0.08505,0.0013,0.00755,0.9061,"Netlogo_H_18","Net_H"
"84",83,0.0874,0.00155,0.0066,0.90445,"Netlogo_H_18","Net_H"
"85",84,0.0897,0.002,0.00605,0.90225,"Netlogo_H_18","Net_H"
"86",85,0.09245,0.002,0.00565,0.8999,"Netlogo_H_18","Net_H"
"87",86,0.09495,0.0018,0.0051,0.89815,"Netlogo_H_18","Net_H"
"88",87,0.0982,0.0014,0.00495,0.89545,"Netlogo_H_18","Net_H"
"89",88,0.10115,0.0014,0.00445,0.893,"Netlogo_H_18","Net_H"
"90",89,0.1036,0.00135,0.00455,0.8905,"Netlogo_H_18","Net_H"
"91",90,0.10605,0.00125,0.00415,0.88855,"Netlogo_H_18","Net_H"
"92",91,0.10855,0.0012,0.0037,0.88655,"Netlogo_H_18","Net_H"
"93",92,0.1113,0.00105,0.0035,0.88415,"Netlogo_H_18","Net_H"
"94",93,0.1132,0.0012,0.00335,0.88225,"Netlogo_H_18","Net_H"
"95",94,0.1163,0.00135,0.0029,0.87945,"Netlogo_H_18","Net_H"
"96",95,0.1184,0.0016,0.0028,0.8772,"Netlogo_H_18","Net_H"
"97",96,0.12055,0.00145,0.00275,0.87525,"Netlogo_H_18","Net_H"
"98",97,0.12305,0.001,0.003,0.87295,"Netlogo_H_18","Net_H"
"99",98,0.12655,0.001,0.0028,0.86965,"Netlogo_H_18","Net_H"
"100",99,0.12905,0.00085,0.00265,0.86745,"Netlogo_H_18","Net_H"
"101",100,0.13145,0.00085,0.00245,0.86525,"Netlogo_H_18","Net_H"
"102",101,0.1347,0.00095,0.00235,0.862,"Netlogo_H_18","Net_H"
"103",102,0.13685,0.00085,0.00245,0.85985,"Netlogo_H_18","Net_H"
"104",103,0.1398,0.00095,0.00225,0.857,"Netlogo_H_18","Net_H"
"105",104,0.14165,0.00105,0.0022,0.8551,"Netlogo_H_18","Net_H"
"106",105,0.1443,0.00095,0.00195,0.8528,"Netlogo_H_18","Net_H"
"107",106,0.1464,0.00075,0.0017,0.85115,"Netlogo_H_18","Net_H"
"108",107,0.14925,0.00075,0.00175,0.84825,"Netlogo_H_18","Net_H"
"109",108,0.15205,0.00065,0.0017,0.8456,"Netlogo_H_18","Net_H"
"110",109,0.1543,7e-04,0.0014,0.8436,"Netlogo_H_18","Net_H"
"111",110,0.15635,6e-04,0.0012,0.84185,"Netlogo_H_18","Net_H"
"112",111,0.1594,5e-04,0.0012,0.8389,"Netlogo_H_18","Net_H"
"113",112,0.16185,5e-04,0.00115,0.8365,"Netlogo_H_18","Net_H"
"114",113,0.16405,5e-04,0.0012,0.83425,"Netlogo_H_18","Net_H"
"115",114,0.16585,6e-04,0.00115,0.8324,"Netlogo_H_18","Net_H"
"116",115,0.168,5e-04,0.00115,0.83035,"Netlogo_H_18","Net_H"
"117",116,0.1708,5e-04,0.00125,0.82745,"Netlogo_H_18","Net_H"
"118",117,0.1725,0.00075,0.00125,0.8255,"Netlogo_H_18","Net_H"
"119",118,0.1753,9e-04,0.0012,0.8226,"Netlogo_H_18","Net_H"
"120",119,0.17775,0.00095,0.00125,0.82005,"Netlogo_H_18","Net_H"
"121",120,0.17985,0.00105,0.001,0.8181,"Netlogo_H_18","Net_H"
"122",121,0.18215,9e-04,0.00115,0.8158,"Netlogo_H_18","Net_H"
"123",122,0.1844,0.00075,0.0013,0.81355,"Netlogo_H_18","Net_H"
"124",123,0.18705,9e-04,0.0012,0.81085,"Netlogo_H_18","Net_H"
"125",124,0.1894,0.001,0.00105,0.80855,"Netlogo_H_18","Net_H"
"126",125,0.1921,7e-04,0.0013,0.8059,"Netlogo_H_18","Net_H"
"127",126,0.19415,5e-04,0.00155,0.8038,"Netlogo_H_18","Net_H"
"128",127,0.1956,0.00065,0.00155,0.8022,"Netlogo_H_18","Net_H"
"129",128,0.1975,0.00075,0.0015,0.80025,"Netlogo_H_18","Net_H"
"130",129,0.1999,6e-04,0.00145,0.79805,"Netlogo_H_18","Net_H"
"131",130,0.20145,0.00085,0.0014,0.7963,"Netlogo_H_18","Net_H"
"132",131,0.2033,8e-04,0.00125,0.79465,"Netlogo_H_18","Net_H"
"133",132,0.2051,0.001,0.0013,0.7926,"Netlogo_H_18","Net_H"
"134",133,0.207,0.001,0.0013,0.7907,"Netlogo_H_18","Net_H"
"135",134,0.20935,0.00075,0.00155,0.78835,"Netlogo_H_18","Net_H"
"136",135,0.21125,7e-04,0.0015,0.78655,"Netlogo_H_18","Net_H"
"137",136,0.21305,8e-04,0.00145,0.7847,"Netlogo_H_18","Net_H"
"138",137,0.21525,7e-04,0.00145,0.7826,"Netlogo_H_18","Net_H"
"139",138,0.2179,6e-04,0.00155,0.77995,"Netlogo_H_18","Net_H"
"140",139,0.21965,5e-04,0.0015,0.77835,"Netlogo_H_18","Net_H"
"141",140,0.2214,6e-04,0.00145,0.77655,"Netlogo_H_18","Net_H"
"142",141,0.22345,0.00065,0.00125,0.77465,"Netlogo_H_18","Net_H"
"143",142,0.22515,8e-04,0.0012,0.77285,"Netlogo_H_18","Net_H"
"144",143,0.2266,0.0011,0.00115,0.77115,"Netlogo_H_18","Net_H"
"145",144,0.2288,0.00105,0.0012,0.76895,"Netlogo_H_18","Net_H"
"146",145,0.2299,0.0011,0.0012,0.7678,"Netlogo_H_18","Net_H"
"147",146,0.23275,0.00105,0.00125,0.76495,"Netlogo_H_18","Net_H"
"148",147,0.2348,0.00095,0.0012,0.76305,"Netlogo_H_18","Net_H"
"149",148,0.23655,9e-04,0.00135,0.7612,"Netlogo_H_18","Net_H"
"150",149,0.23885,9e-04,0.00135,0.7589,"Netlogo_H_18","Net_H"
"151",150,0.2414,0.00075,0.00165,0.7562,"Netlogo_H_18","Net_H"
"152",151,0.2433,0.00075,0.0016,0.75435,"Netlogo_H_18","Net_H"
"153",152,0.2455,0.00065,0.0015,0.75235,"Netlogo_H_18","Net_H"
"154",153,0.2475,0.00075,0.0014,0.75035,"Netlogo_H_18","Net_H"
"155",154,0.24945,0.001,0.0015,0.74805,"Netlogo_H_18","Net_H"
"156",155,0.252,0.00105,0.00145,0.7455,"Netlogo_H_18","Net_H"
"157",156,0.25395,0.001,0.00155,0.7435,"Netlogo_H_18","Net_H"
"158",157,0.2552,0.0013,0.0014,0.7421,"Netlogo_H_18","Net_H"
"159",158,0.25725,0.00115,0.0013,0.7403,"Netlogo_H_18","Net_H"
"160",159,0.25885,0.00095,0.0014,0.7388,"Netlogo_H_18","Net_H"
"161",160,0.26035,8e-04,0.0016,0.73725,"Netlogo_H_18","Net_H"
"162",161,0.262,0.00105,0.0015,0.73545,"Netlogo_H_18","Net_H"
"163",162,0.26345,0.00125,0.00155,0.73375,"Netlogo_H_18","Net_H"
"164",163,0.26525,0.0013,0.0014,0.73205,"Netlogo_H_18","Net_H"
"165",164,0.2669,0.0013,0.00155,0.73025,"Netlogo_H_18","Net_H"
"166",165,0.269,0.0013,0.0015,0.7282,"Netlogo_H_18","Net_H"
"167",166,0.27075,0.0012,0.00145,0.7266,"Netlogo_H_18","Net_H"
"168",167,0.27245,9e-04,0.0016,0.72505,"Netlogo_H_18","Net_H"
"169",168,0.27485,0.00075,0.0019,0.7225,"Netlogo_H_18","Net_H"
"170",169,0.2764,0.00105,0.0019,0.72065,"Netlogo_H_18","Net_H"
"171",170,0.2783,0.0013,0.00185,0.71855,"Netlogo_H_18","Net_H"
"172",171,0.27985,0.00135,0.002,0.7168,"Netlogo_H_18","Net_H"
"173",172,0.28155,0.00135,0.002,0.7151,"Netlogo_H_18","Net_H"
"174",173,0.2836,0.00125,0.0021,0.71305,"Netlogo_H_18","Net_H"
"175",174,0.285,0.0016,0.00175,0.71165,"Netlogo_H_18","Net_H"
"176",175,0.28735,0.00165,0.00185,0.70915,"Netlogo_H_18","Net_H"
"177",176,0.2892,0.0015,0.00195,0.70735,"Netlogo_H_18","Net_H"
"178",177,0.2908,0.00125,0.00205,0.7059,"Netlogo_H_18","Net_H"
"179",178,0.2917,0.00125,0.00235,0.7047,"Netlogo_H_18","Net_H"
"180",179,0.2936,0.00145,0.0022,0.70275,"Netlogo_H_18","Net_H"
"181",180,0.29515,0.00115,0.00265,0.70105,"Netlogo_H_18","Net_H"
"182",181,0.2966,0.00145,0.0029,0.69905,"Netlogo_H_18","Net_H"
"183",182,0.29805,0.00205,0.00265,0.69725,"Netlogo_H_18","Net_H"
"184",183,0.2999,0.00205,0.0027,0.69535,"Netlogo_H_18","Net_H"
"185",184,0.3007,0.0022,0.0027,0.6944,"Netlogo_H_18","Net_H"
"186",185,0.30225,0.00215,0.00295,0.69265,"Netlogo_H_18","Net_H"
"187",186,0.3032,0.00225,0.00315,0.6914,"Netlogo_H_18","Net_H"
"188",187,0.30475,0.0021,0.0031,0.69005,"Netlogo_H_18","Net_H"
"189",188,0.30585,0.0024,0.00325,0.6885,"Netlogo_H_18","Net_H"
"190",189,0.3072,0.0025,0.0035,0.6868,"Netlogo_H_18","Net_H"
"191",190,0.30855,0.00245,0.00385,0.68515,"Netlogo_H_18","Net_H"
"192",191,0.30935,0.00285,0.0038,0.684,"Netlogo_H_18","Net_H"
"193",192,0.31015,0.00305,0.0039,0.6829,"Netlogo_H_18","Net_H"
"194",193,0.31125,0.0035,0.00395,0.6813,"Netlogo_H_18","Net_H"
"195",194,0.31235,0.00365,0.00405,0.67995,"Netlogo_H_18","Net_H"
"196",195,0.3134,0.00395,0.0046,0.67805,"Netlogo_H_18","Net_H"
"197",196,0.3141,0.00455,0.0047,0.67665,"Netlogo_H_18","Net_H"
"198",197,0.31545,0.00465,0.00495,0.67495,"Netlogo_H_18","Net_H"
"199",198,0.31615,0.00485,0.0054,0.6736,"Netlogo_H_18","Net_H"
"200",199,0.3169,0.00485,0.0058,0.67245,"Netlogo_H_18","Net_H"
"201",200,0.31705,0.00535,0.00605,0.67155,"Netlogo_H_18","Net_H"
"202",201,0.318,0.0054,0.0064,0.6702,"Netlogo_H_18","Net_H"
"203",202,0.31935,0.00535,0.00695,0.66835,"Netlogo_H_18","Net_H"
"204",203,0.3205,0.00605,0.00675,0.6667,"Netlogo_H_18","Net_H"
"205",204,0.3212,0.00605,0.0069,0.66585,"Netlogo_H_18","Net_H"
"206",205,0.3213,0.0064,0.0078,0.6645,"Netlogo_H_18","Net_H"
"207",206,0.3215,0.0068,0.00835,0.66335,"Netlogo_H_18","Net_H"
"208",207,0.32105,0.0075,0.0088,0.66265,"Netlogo_H_18","Net_H"
"209",208,0.32135,0.00835,0.009,0.6613,"Netlogo_H_18","Net_H"
"210",209,0.3221,0.00775,0.0104,0.65975,"Netlogo_H_18","Net_H"
"211",210,0.32115,0.00825,0.01095,0.65965,"Netlogo_H_18","Net_H"
"212",211,0.321,0.00845,0.0117,0.65885,"Netlogo_H_18","Net_H"
"213",212,0.32055,0.0089,0.0118,0.65875,"Netlogo_H_18","Net_H"
"214",213,0.31965,0.00945,0.0127,0.6582,"Netlogo_H_18","Net_H"
"215",214,0.31875,0.00975,0.0136,0.6579,"Netlogo_H_18","Net_H"
"216",215,0.31775,0.0102,0.0146,0.65745,"Netlogo_H_18","Net_H"
"217",216,0.3166,0.01125,0.01525,0.6569,"Netlogo_H_18","Net_H"
"218",217,0.3149,0.01225,0.01605,0.6568,"Netlogo_H_18","Net_H"
"219",218,0.3135,0.01345,0.0168,0.65625,"Netlogo_H_18","Net_H"
"220",219,0.31115,0.01485,0.0176,0.6564,"Netlogo_H_18","Net_H"
"221",220,0.30945,0.01535,0.01875,0.65645,"Netlogo_H_18","Net_H"
"222",221,0.3072,0.0153,0.02075,0.65675,"Netlogo_H_18","Net_H"
"223",222,0.3047,0.01715,0.0214,0.65675,"Netlogo_H_18","Net_H"
"224",223,0.30295,0.0172,0.02215,0.6577,"Netlogo_H_18","Net_H"
"225",224,0.3006,0.01845,0.0233,0.65765,"Netlogo_H_18","Net_H"
"226",225,0.2976,0.01895,0.02525,0.6582,"Netlogo_H_18","Net_H"
"227",226,0.293,0.02175,0.02565,0.6596,"Netlogo_H_18","Net_H"
"228",227,0.29085,0.02175,0.02735,0.66005,"Netlogo_H_18","Net_H"
"229",228,0.2873,0.0217,0.0296,0.6614,"Netlogo_H_18","Net_H"
"230",229,0.2836,0.0219,0.03155,0.66295,"Netlogo_H_18","Net_H"
"231",230,0.28005,0.02315,0.0326,0.6642,"Netlogo_H_18","Net_H"
"232",231,0.2759,0.02455,0.0337,0.66585,"Netlogo_H_18","Net_H"
"233",232,0.2719,0.0256,0.0343,0.6682,"Netlogo_H_18","Net_H"
"234",233,0.26845,0.02625,0.0356,0.6697,"Netlogo_H_18","Net_H"
"235",234,0.26385,0.02775,0.03735,0.67105,"Netlogo_H_18","Net_H"
"236",235,0.2589,0.0294,0.03915,0.67255,"Netlogo_H_18","Net_H"
"237",236,0.2541,0.02945,0.04105,0.6754,"Netlogo_H_18","Net_H"
"238",237,0.2487,0.0308,0.04255,0.67795,"Netlogo_H_18","Net_H"
"239",238,0.2436,0.03225,0.0437,0.68045,"Netlogo_H_18","Net_H"
"240",239,0.239,0.0324,0.04625,0.68235,"Netlogo_H_18","Net_H"
"241",240,0.23405,0.03405,0.0474,0.6845,"Netlogo_H_18","Net_H"
"242",241,0.22995,0.03315,0.0495,0.6874,"Netlogo_H_18","Net_H"
"243",242,0.2234,0.0345,0.05125,0.69085,"Netlogo_H_18","Net_H"
"244",243,0.21705,0.0358,0.0525,0.69465,"Netlogo_H_18","Net_H"
"245",244,0.21285,0.0345,0.0547,0.69795,"Netlogo_H_18","Net_H"
"246",245,0.20655,0.0366,0.05625,0.7006,"Netlogo_H_18","Net_H"
"247",246,0.20055,0.03715,0.0575,0.7048,"Netlogo_H_18","Net_H"
"248",247,0.1951,0.03805,0.0582,0.70865,"Netlogo_H_18","Net_H"
"249",248,0.18835,0.038,0.06065,0.713,"Netlogo_H_18","Net_H"
"250",249,0.1823,0.038,0.062,0.7177,"Netlogo_H_18","Net_H"
"251",250,0.1764,0.03775,0.0645,0.72135,"Netlogo_H_18","Net_H"
"252",251,0.17115,0.03705,0.06485,0.72695,"Netlogo_H_18","Net_H"
"253",252,0.166,0.0364,0.06605,0.73155,"Netlogo_H_18","Net_H"
"254",253,0.16155,0.03505,0.0667,0.7367,"Netlogo_H_18","Net_H"
"255",254,0.1573,0.0341,0.06615,0.74245,"Netlogo_H_18","Net_H"
"256",255,0.1525,0.03435,0.0659,0.74725,"Netlogo_H_18","Net_H"
"257",256,0.1494,0.0335,0.06515,0.75195,"Netlogo_H_18","Net_H"
"258",257,0.146,0.033,0.0653,0.7557,"Netlogo_H_18","Net_H"
"259",258,0.14255,0.0325,0.0641,0.76085,"Netlogo_H_18","Net_H"
"260",259,0.14015,0.0304,0.0628,0.76665,"Netlogo_H_18","Net_H"
"261",260,0.13785,0.03005,0.0614,0.7707,"Netlogo_H_18","Net_H"
"262",261,0.13525,0.02905,0.06035,0.77535,"Netlogo_H_18","Net_H"
"263",262,0.1329,0.0286,0.06,0.7785,"Netlogo_H_18","Net_H"
"264",263,0.13035,0.02765,0.059,0.783,"Netlogo_H_18","Net_H"
"265",264,0.12795,0.02605,0.05815,0.78785,"Netlogo_H_18","Net_H"
"266",265,0.1273,0.0236,0.057,0.7921,"Netlogo_H_18","Net_H"
"267",266,0.12645,0.0226,0.0559,0.79505,"Netlogo_H_18","Net_H"
"268",267,0.125,0.02255,0.05335,0.7991,"Netlogo_H_18","Net_H"
"269",268,0.1239,0.0218,0.05185,0.80245,"Netlogo_H_18","Net_H"
"270",269,0.123,0.02125,0.04985,0.8059,"Netlogo_H_18","Net_H"
"271",270,0.12225,0.0211,0.04815,0.8085,"Netlogo_H_18","Net_H"
"272",271,0.12285,0.01945,0.04615,0.81155,"Netlogo_H_18","Net_H"
"273",272,0.12315,0.01835,0.04585,0.81265,"Netlogo_H_18","Net_H"
"274",273,0.1228,0.01845,0.0446,0.81415,"Netlogo_H_18","Net_H"
"275",274,0.1232,0.0184,0.0432,0.8152,"Netlogo_H_18","Net_H"
"276",275,0.1225,0.01805,0.0416,0.81785,"Netlogo_H_18","Net_H"
"277",276,0.12395,0.01685,0.04135,0.81785,"Netlogo_H_18","Net_H"
"278",277,0.12495,0.01715,0.03945,0.81845,"Netlogo_H_18","Net_H"
"279",278,0.12615,0.01555,0.03885,0.81945,"Netlogo_H_18","Net_H"
"280",279,0.1273,0.01465,0.03665,0.8214,"Netlogo_H_18","Net_H"
"281",280,0.12765,0.0142,0.03525,0.8229,"Netlogo_H_18","Net_H"
"282",281,0.1279,0.0149,0.03415,0.82305,"Netlogo_H_18","Net_H"
"283",282,0.12895,0.0142,0.03305,0.8238,"Netlogo_H_18","Net_H"
"284",283,0.131,0.0142,0.03245,0.82235,"Netlogo_H_18","Net_H"
"285",284,0.13175,0.0145,0.0313,0.82245,"Netlogo_H_18","Net_H"
"286",285,0.13245,0.01475,0.03065,0.82215,"Netlogo_H_18","Net_H"
"287",286,0.1341,0.014,0.02935,0.82255,"Netlogo_H_18","Net_H"
"288",287,0.13535,0.0132,0.02945,0.822,"Netlogo_H_18","Net_H"
"289",288,0.13775,0.0126,0.02895,0.8207,"Netlogo_H_18","Net_H"
"290",289,0.13935,0.01185,0.02845,0.82035,"Netlogo_H_18","Net_H"
"291",290,0.14125,0.0118,0.02805,0.8189,"Netlogo_H_18","Net_H"
"292",291,0.1432,0.01245,0.02655,0.8178,"Netlogo_H_18","Net_H"
"293",292,0.14515,0.01225,0.0257,0.8169,"Netlogo_H_18","Net_H"
"294",293,0.14715,0.01155,0.0249,0.8164,"Netlogo_H_18","Net_H"
"295",294,0.14925,0.01175,0.0252,0.8138,"Netlogo_H_18","Net_H"
"296",295,0.15065,0.0115,0.0239,0.81395,"Netlogo_H_18","Net_H"
"297",296,0.1529,0.0106,0.02385,0.81265,"Netlogo_H_18","Net_H"
"298",297,0.1542,0.0104,0.02345,0.81195,"Netlogo_H_18","Net_H"
"299",298,0.1558,0.01055,0.02205,0.8116,"Netlogo_H_18","Net_H"
"300",299,0.1573,0.0106,0.02175,0.81035,"Netlogo_H_18","Net_H"
"301",300,0.16075,0.01055,0.02135,0.80735,"Netlogo_H_18","Net_H"
"302",301,0.1626,0.0114,0.0211,0.8049,"Netlogo_H_18","Net_H"
"303",302,0.1641,0.0113,0.02005,0.80455,"Netlogo_H_18","Net_H"
"304",303,0.16615,0.01105,0.02035,0.80245,"Netlogo_H_18","Net_H"
"305",304,0.1687,0.01045,0.02015,0.8007,"Netlogo_H_18","Net_H"
"306",305,0.16995,0.0101,0.02075,0.7992,"Netlogo_H_18","Net_H"
"307",306,0.17245,0.0094,0.021,0.79715,"Netlogo_H_18","Net_H"
"308",307,0.17505,0.0093,0.0211,0.79455,"Netlogo_H_18","Net_H"
"309",308,0.17765,0.0097,0.0205,0.79215,"Netlogo_H_18","Net_H"
"310",309,0.18025,0.00945,0.02075,0.78955,"Netlogo_H_18","Net_H"
"311",310,0.1813,0.00965,0.02045,0.7886,"Netlogo_H_18","Net_H"
"312",311,0.1821,0.011,0.01905,0.78785,"Netlogo_H_18","Net_H"
"313",312,0.1847,0.01105,0.01875,0.7855,"Netlogo_H_18","Net_H"
"314",313,0.1867,0.01035,0.01945,0.7835,"Netlogo_H_18","Net_H"
"315",314,0.18855,0.01065,0.01935,0.78145,"Netlogo_H_18","Net_H"
"316",315,0.1899,0.0107,0.01945,0.77995,"Netlogo_H_18","Net_H"
"317",316,0.191,0.01115,0.02,0.77785,"Netlogo_H_18","Net_H"
"318",317,0.1908,0.0125,0.0194,0.7773,"Netlogo_H_18","Net_H"
"319",318,0.1936,0.01155,0.0197,0.77515,"Netlogo_H_18","Net_H"
"320",319,0.1953,0.0112,0.0198,0.7737,"Netlogo_H_18","Net_H"
"321",320,0.19735,0.011,0.02065,0.771,"Netlogo_H_18","Net_H"
"322",321,0.2002,0.011,0.0207,0.7681,"Netlogo_H_18","Net_H"
"323",322,0.20145,0.01075,0.021,0.7668,"Netlogo_H_18","Net_H"
"324",323,0.2029,0.0111,0.0208,0.7652,"Netlogo_H_18","Net_H"
"325",324,0.20395,0.0114,0.0206,0.76405,"Netlogo_H_18","Net_H"
"326",325,0.2049,0.012,0.0205,0.7626,"Netlogo_H_18","Net_H"
"327",326,0.20615,0.01245,0.02025,0.76115,"Netlogo_H_18","Net_H"
"328",327,0.2072,0.013,0.02135,0.75845,"Netlogo_H_18","Net_H"
"329",328,0.2076,0.0125,0.02235,0.75755,"Netlogo_H_18","Net_H"
"330",329,0.20915,0.01265,0.02255,0.75565,"Netlogo_H_18","Net_H"
"331",330,0.21075,0.0122,0.0225,0.75455,"Netlogo_H_18","Net_H"
"332",331,0.21055,0.0127,0.02255,0.7542,"Netlogo_H_18","Net_H"
"333",332,0.21245,0.0134,0.02255,0.7516,"Netlogo_H_18","Net_H"
"334",333,0.2132,0.0134,0.02285,0.75055,"Netlogo_H_18","Net_H"
"335",334,0.2132,0.0141,0.0229,0.7498,"Netlogo_H_18","Net_H"
"336",335,0.2142,0.0139,0.0231,0.7488,"Netlogo_H_18","Net_H"
"337",336,0.215,0.0143,0.0235,0.7472,"Netlogo_H_18","Net_H"
"338",337,0.2162,0.01415,0.02445,0.7452,"Netlogo_H_18","Net_H"
"339",338,0.2173,0.0143,0.02495,0.74345,"Netlogo_H_18","Net_H"
"340",339,0.21795,0.01415,0.02495,0.74295,"Netlogo_H_18","Net_H"
"341",340,0.2205,0.01405,0.02415,0.7413,"Netlogo_H_18","Net_H"
"342",341,0.2219,0.01325,0.0251,0.73975,"Netlogo_H_18","Net_H"
"343",342,0.2225,0.01435,0.02505,0.7381,"Netlogo_H_18","Net_H"
"344",343,0.22315,0.01455,0.0249,0.7374,"Netlogo_H_18","Net_H"
"345",344,0.22375,0.0148,0.02505,0.7364,"Netlogo_H_18","Net_H"
"346",345,0.22395,0.0152,0.0251,0.73575,"Netlogo_H_18","Net_H"
"347",346,0.2252,0.01505,0.0261,0.73365,"Netlogo_H_18","Net_H"
"348",347,0.22545,0.0162,0.0263,0.73205,"Netlogo_H_18","Net_H"
"349",348,0.2247,0.01765,0.0266,0.73105,"Netlogo_H_18","Net_H"
"350",349,0.22435,0.01785,0.0271,0.7307,"Netlogo_H_18","Net_H"
"351",350,0.22465,0.0179,0.0278,0.72965,"Netlogo_H_18","Net_H"
"352",351,0.224,0.0188,0.02815,0.72905,"Netlogo_H_18","Net_H"
"353",352,0.22425,0.01795,0.02895,0.72885,"Netlogo_H_18","Net_H"
"354",353,0.2254,0.01785,0.0287,0.72805,"Netlogo_H_18","Net_H"
"355",354,0.22495,0.01805,0.02885,0.72815,"Netlogo_H_18","Net_H"
"356",355,0.2254,0.01875,0.02965,0.7262,"Netlogo_H_18","Net_H"
"357",356,0.2244,0.0202,0.02985,0.72555,"Netlogo_H_18","Net_H"
"358",357,0.22395,0.0202,0.03055,0.7253,"Netlogo_H_18","Net_H"
"359",358,0.22365,0.01995,0.03195,0.72445,"Netlogo_H_18","Net_H"
"360",359,0.22265,0.02115,0.03215,0.72405,"Netlogo_H_18","Net_H"
"361",360,0.2212,0.022,0.03245,0.72435,"Netlogo_H_18","Net_H"
"362",361,0.21995,0.0224,0.034,0.72365,"Netlogo_H_18","Net_H"
"363",362,0.2195,0.02155,0.03535,0.7236,"Netlogo_H_18","Net_H"
"364",363,0.2193,0.02085,0.036,0.72385,"Netlogo_H_18","Net_H"
"365",364,0.2179,0.02165,0.03655,0.7239,"Netlogo_H_18","Net_H"
"366",365,0.21685,0.0227,0.037,0.72345,"Netlogo_H_18","Net_H"
"367",366,0.21585,0.02335,0.03775,0.72305,"Netlogo_H_18","Net_H"
"368",367,0.21555,0.02265,0.0394,0.7224,"Netlogo_H_18","Net_H"
"369",368,0.2139,0.02285,0.04,0.72325,"Netlogo_H_18","Net_H"
"370",369,0.2137,0.02245,0.0405,0.72335,"Netlogo_H_18","Net_H"
"371",370,0.21125,0.02285,0.0413,0.7246,"Netlogo_H_18","Net_H"
"372",371,0.2099,0.0235,0.04105,0.72555,"Netlogo_H_18","Net_H"
"373",372,0.2084,0.0238,0.04125,0.72655,"Netlogo_H_18","Net_H"
"374",373,0.2067,0.02365,0.0407,0.72895,"Netlogo_H_18","Net_H"
"375",374,0.20505,0.0256,0.0395,0.72985,"Netlogo_H_18","Net_H"
"376",375,0.205,0.026,0.0402,0.7288,"Netlogo_H_18","Net_H"
"377",376,0.20525,0.025,0.04145,0.7283,"Netlogo_H_18","Net_H"
"378",377,0.20355,0.0246,0.0432,0.72865,"Netlogo_H_18","Net_H"
"379",378,0.201,0.0257,0.04335,0.72995,"Netlogo_H_18","Net_H"
"380",379,0.1993,0.0266,0.0424,0.7317,"Netlogo_H_18","Net_H"
"381",380,0.1986,0.02545,0.0445,0.73145,"Netlogo_H_18","Net_H"
"382",381,0.19795,0.02585,0.0438,0.7324,"Netlogo_H_18","Net_H"
"383",382,0.19605,0.0265,0.04435,0.7331,"Netlogo_H_18","Net_H"
"384",383,0.19505,0.026,0.0453,0.73365,"Netlogo_H_18","Net_H"
"385",384,0.1932,0.0264,0.04565,0.73475,"Netlogo_H_18","Net_H"
"386",385,0.1913,0.0276,0.0467,0.7344,"Netlogo_H_18","Net_H"
"387",386,0.1889,0.02905,0.04645,0.7356,"Netlogo_H_18","Net_H"
"388",387,0.187,0.02995,0.0462,0.73685,"Netlogo_H_18","Net_H"
"389",388,0.18525,0.0289,0.04775,0.7381,"Netlogo_H_18","Net_H"
"390",389,0.1831,0.02915,0.0474,0.74035,"Netlogo_H_18","Net_H"
"391",390,0.1827,0.028,0.04735,0.74195,"Netlogo_H_18","Net_H"
"392",391,0.1818,0.02735,0.04695,0.7439,"Netlogo_H_18","Net_H"
"393",392,0.17995,0.02705,0.0486,0.7444,"Netlogo_H_18","Net_H"
"394",393,0.17905,0.0267,0.048,0.74625,"Netlogo_H_18","Net_H"
"395",394,0.17705,0.0273,0.0488,0.74685,"Netlogo_H_18","Net_H"
"396",395,0.1761,0.028,0.04805,0.74785,"Netlogo_H_18","Net_H"
"397",396,0.17515,0.0273,0.04895,0.7486,"Netlogo_H_18","Net_H"
"398",397,0.17315,0.0271,0.0492,0.75055,"Netlogo_H_18","Net_H"
"399",398,0.1706,0.02785,0.05065,0.7509,"Netlogo_H_18","Net_H"
"400",399,0.17045,0.0269,0.0506,0.75205,"Netlogo_H_18","Net_H"
"401",400,0.168,0.02795,0.0506,0.75345,"Netlogo_H_18","Net_H"
"402",401,0.1675,0.02545,0.05125,0.7558,"Netlogo_H_18","Net_H"
"403",402,0.16635,0.02515,0.05205,0.75645,"Netlogo_H_18","Net_H"
"404",403,0.1641,0.02685,0.0504,0.75865,"Netlogo_H_18","Net_H"
"405",404,0.16355,0.02605,0.05045,0.75995,"Netlogo_H_18","Net_H"
"406",405,0.1634,0.02505,0.05155,0.76,"Netlogo_H_18","Net_H"
"407",406,0.16255,0.02485,0.0497,0.7629,"Netlogo_H_18","Net_H"
"408",407,0.16235,0.0248,0.0483,0.76455,"Netlogo_H_18","Net_H"
"409",408,0.1609,0.0263,0.0467,0.7661,"Netlogo_H_18","Net_H"
"410",409,0.1602,0.0261,0.04705,0.76665,"Netlogo_H_18","Net_H"
"411",410,0.1609,0.02465,0.04695,0.7675,"Netlogo_H_18","Net_H"
"412",411,0.16045,0.02405,0.04665,0.76885,"Netlogo_H_18","Net_H"
"413",412,0.15985,0.02425,0.04655,0.76935,"Netlogo_H_18","Net_H"
"414",413,0.1603,0.0237,0.0463,0.7697,"Netlogo_H_18","Net_H"
"415",414,0.1612,0.02275,0.0467,0.76935,"Netlogo_H_18","Net_H"
"416",415,0.1599,0.02315,0.0462,0.77075,"Netlogo_H_18","Net_H"
"417",416,0.1597,0.02255,0.046,0.77175,"Netlogo_H_18","Net_H"
"418",417,0.1582,0.02265,0.0458,0.77335,"Netlogo_H_18","Net_H"
"419",418,0.15815,0.0234,0.0449,0.77355,"Netlogo_H_18","Net_H"
"420",419,0.159,0.0228,0.0442,0.774,"Netlogo_H_18","Net_H"
"421",420,0.1591,0.02255,0.04415,0.7742,"Netlogo_H_18","Net_H"
"422",421,0.15825,0.02295,0.04365,0.77515,"Netlogo_H_18","Net_H"
"423",422,0.15755,0.02255,0.04395,0.77595,"Netlogo_H_18","Net_H"
"424",423,0.1573,0.0226,0.04245,0.77765,"Netlogo_H_18","Net_H"
"425",424,0.15975,0.0213,0.0424,0.77655,"Netlogo_H_18","Net_H"
"426",425,0.16125,0.02085,0.0417,0.7762,"Netlogo_H_18","Net_H"
"427",426,0.1607,0.0213,0.0404,0.7776,"Netlogo_H_18","Net_H"
"428",427,0.1611,0.02105,0.03995,0.7779,"Netlogo_H_18","Net_H"
"429",428,0.16215,0.0197,0.03955,0.7786,"Netlogo_H_18","Net_H"
"430",429,0.16235,0.01965,0.04025,0.77775,"Netlogo_H_18","Net_H"
"431",430,0.16225,0.02005,0.0404,0.7773,"Netlogo_H_18","Net_H"
"432",431,0.1624,0.02085,0.0403,0.77645,"Netlogo_H_18","Net_H"
"433",432,0.1638,0.02,0.04095,0.77525,"Netlogo_H_18","Net_H"
"434",433,0.1633,0.0211,0.04125,0.77435,"Netlogo_H_18","Net_H"
"435",434,0.1632,0.021,0.0406,0.7752,"Netlogo_H_18","Net_H"
"436",435,0.1627,0.02115,0.0403,0.77585,"Netlogo_H_18","Net_H"
"437",436,0.16355,0.02095,0.0398,0.7757,"Netlogo_H_18","Net_H"
"438",437,0.1636,0.0209,0.0396,0.7759,"Netlogo_H_18","Net_H"
"439",438,0.1659,0.02075,0.0393,0.77405,"Netlogo_H_18","Net_H"
"440",439,0.167,0.0197,0.03925,0.77405,"Netlogo_H_18","Net_H"
"441",440,0.16835,0.01885,0.03945,0.77335,"Netlogo_H_18","Net_H"
"442",441,0.1692,0.0188,0.0384,0.7736,"Netlogo_H_18","Net_H"
"443",442,0.16895,0.01955,0.03825,0.77325,"Netlogo_H_18","Net_H"
"444",443,0.1694,0.01955,0.0382,0.77285,"Netlogo_H_18","Net_H"
"445",444,0.17055,0.01985,0.03755,0.77205,"Netlogo_H_18","Net_H"
"446",445,0.17005,0.02055,0.0368,0.7726,"Netlogo_H_18","Net_H"
"447",446,0.17,0.0203,0.0376,0.7721,"Netlogo_H_18","Net_H"
"448",447,0.16975,0.0209,0.03755,0.7718,"Netlogo_H_18","Net_H"
"449",448,0.17055,0.01985,0.0385,0.7711,"Netlogo_H_18","Net_H"
"450",449,0.16995,0.02,0.03895,0.7711,"Netlogo_H_18","Net_H"
"451",450,0.1704,0.0205,0.03805,0.77105,"Netlogo_H_18","Net_H"
"452",451,0.17095,0.01975,0.03815,0.77115,"Netlogo_H_18","Net_H"
"453",452,0.17285,0.01845,0.0381,0.7706,"Netlogo_H_18","Net_H"
"454",453,0.17285,0.01815,0.0382,0.7708,"Netlogo_H_18","Net_H"
"455",454,0.174,0.018,0.03785,0.77015,"Netlogo_H_18","Net_H"
"456",455,0.17475,0.01865,0.038,0.7686,"Netlogo_H_18","Net_H"
"457",456,0.1752,0.01885,0.03785,0.7681,"Netlogo_H_18","Net_H"
"458",457,0.17555,0.01885,0.03725,0.76835,"Netlogo_H_18","Net_H"
"459",458,0.17545,0.01895,0.03705,0.76855,"Netlogo_H_18","Net_H"
"460",459,0.17625,0.01935,0.03655,0.76785,"Netlogo_H_18","Net_H"
"461",460,0.1776,0.02,0.03565,0.76675,"Netlogo_H_18","Net_H"
"462",461,0.17665,0.02035,0.0355,0.7675,"Netlogo_H_18","Net_H"
"463",462,0.17665,0.01845,0.0375,0.7674,"Netlogo_H_18","Net_H"
"464",463,0.1772,0.0185,0.0379,0.7664,"Netlogo_H_18","Net_H"
"465",464,0.17795,0.0195,0.0375,0.76505,"Netlogo_H_18","Net_H"
"466",465,0.178,0.0203,0.03665,0.76505,"Netlogo_H_18","Net_H"
"467",466,0.1793,0.0199,0.03625,0.76455,"Netlogo_H_18","Net_H"
"468",467,0.1797,0.0191,0.0368,0.7644,"Netlogo_H_18","Net_H"
"469",468,0.17895,0.01985,0.0362,0.765,"Netlogo_H_18","Net_H"
"470",469,0.1805,0.01955,0.03565,0.7643,"Netlogo_H_18","Net_H"
"471",470,0.17915,0.02045,0.0354,0.765,"Netlogo_H_18","Net_H"
"472",471,0.1799,0.02015,0.03595,0.764,"Netlogo_H_18","Net_H"
"473",472,0.1808,0.01965,0.0362,0.76335,"Netlogo_H_18","Net_H"
"474",473,0.1816,0.01955,0.0356,0.76325,"Netlogo_H_18","Net_H"
"475",474,0.18095,0.01965,0.03665,0.76275,"Netlogo_H_18","Net_H"
"476",475,0.1811,0.0205,0.0369,0.7615,"Netlogo_H_18","Net_H"
"477",476,0.1824,0.01995,0.0374,0.76025,"Netlogo_H_18","Net_H"
"478",477,0.1825,0.01995,0.03795,0.7596,"Netlogo_H_18","Net_H"
"479",478,0.1823,0.02075,0.0369,0.76005,"Netlogo_H_18","Net_H"
"480",479,0.18265,0.02195,0.03585,0.75955,"Netlogo_H_18","Net_H"
"481",480,0.18265,0.0219,0.03665,0.7588,"Netlogo_H_18","Net_H"
"482",481,0.18325,0.02055,0.0372,0.759,"Netlogo_H_18","Net_H"
"483",482,0.1831,0.01965,0.03735,0.7599,"Netlogo_H_18","Net_H"
"484",483,0.18365,0.0198,0.0376,0.75895,"Netlogo_H_18","Net_H"
"485",484,0.1835,0.0197,0.03835,0.75845,"Netlogo_H_18","Net_H"
"486",485,0.18345,0.01995,0.0376,0.759,"Netlogo_H_18","Net_H"
"487",486,0.18385,0.02015,0.0374,0.7586,"Netlogo_H_18","Net_H"
"488",487,0.18395,0.02005,0.037,0.759,"Netlogo_H_18","Net_H"
"489",488,0.18445,0.019,0.03755,0.759,"Netlogo_H_18","Net_H"
"490",489,0.18485,0.0186,0.03685,0.7597,"Netlogo_H_18","Net_H"
"491",490,0.1844,0.01985,0.03595,0.7598,"Netlogo_H_18","Net_H"
"492",491,0.1846,0.01995,0.03675,0.7587,"Netlogo_H_18","Net_H"
"493",492,0.18415,0.0202,0.03775,0.7579,"Netlogo_H_18","Net_H"
"494",493,0.18425,0.02025,0.03795,0.75755,"Netlogo_H_18","Net_H"
"495",494,0.18405,0.0207,0.0376,0.75765,"Netlogo_H_18","Net_H"
"496",495,0.18375,0.02205,0.0367,0.7575,"Netlogo_H_18","Net_H"
"497",496,0.18355,0.0215,0.0373,0.75765,"Netlogo_H_18","Net_H"
"498",497,0.18195,0.02235,0.0372,0.7585,"Netlogo_H_18","Net_H"
"499",498,0.1824,0.02135,0.03725,0.759,"Netlogo_H_18","Net_H"
"500",499,0.18205,0.02005,0.03845,0.75945,"Netlogo_H_18","Net_H"
"501",500,0.1828,0.0194,0.03905,0.75875,"Netlogo_H_18","Net_H"
"502",501,0.18225,0.01945,0.0389,0.7594,"Netlogo_H_18","Net_H"
"503",502,0.1824,0.0202,0.03815,0.75925,"Netlogo_H_18","Net_H"
"504",503,0.18335,0.0203,0.0375,0.75885,"Netlogo_H_18","Net_H"
"505",504,0.18295,0.0202,0.03735,0.7595,"Netlogo_H_18","Net_H"
"506",505,0.1815,0.02155,0.03675,0.7602,"Netlogo_H_18","Net_H"
"507",506,0.18125,0.02215,0.03675,0.75985,"Netlogo_H_18","Net_H"
"508",507,0.18085,0.0216,0.0374,0.76015,"Netlogo_H_18","Net_H"
"509",508,0.1804,0.02125,0.0384,0.75995,"Netlogo_H_18","Net_H"
"510",509,0.17905,0.02185,0.0387,0.7604,"Netlogo_H_18","Net_H"
"511",510,0.1795,0.0212,0.03825,0.76105,"Netlogo_H_18","Net_H"
"512",511,0.1793,0.0206,0.039,0.7611,"Netlogo_H_18","Net_H"
"513",512,0.1792,0.0214,0.03765,0.76175,"Netlogo_H_18","Net_H"
"514",513,0.1785,0.0219,0.0376,0.762,"Netlogo_H_18","Net_H"
"515",514,0.1792,0.02105,0.03855,0.7612,"Netlogo_H_18","Net_H"
"516",515,0.17935,0.0205,0.03965,0.7605,"Netlogo_H_18","Net_H"
"517",516,0.1794,0.02075,0.03795,0.7619,"Netlogo_H_18","Net_H"
"518",517,0.17905,0.0208,0.0387,0.76145,"Netlogo_H_18","Net_H"
"519",518,0.17885,0.02135,0.0395,0.7603,"Netlogo_H_18","Net_H"
"520",519,0.17845,0.02075,0.0396,0.7612,"Netlogo_H_18","Net_H"
"521",520,0.17755,0.02055,0.0389,0.763,"Netlogo_H_18","Net_H"
"522",521,0.17625,0.02105,0.0376,0.7651,"Netlogo_H_18","Net_H"
"523",522,0.1764,0.0215,0.0375,0.7646,"Netlogo_H_18","Net_H"
"524",523,0.1755,0.0219,0.0375,0.7651,"Netlogo_H_18","Net_H"
"525",524,0.1746,0.02245,0.03705,0.7659,"Netlogo_H_18","Net_H"
"526",525,0.176,0.022,0.0376,0.7644,"Netlogo_H_18","Net_H"
"527",526,0.1771,0.0217,0.0372,0.764,"Netlogo_H_18","Net_H"
"528",527,0.17725,0.02145,0.03815,0.76315,"Netlogo_H_18","Net_H"
"529",528,0.17735,0.02135,0.0385,0.7628,"Netlogo_H_18","Net_H"
"530",529,0.17785,0.022,0.03815,0.762,"Netlogo_H_18","Net_H"
"531",530,0.17655,0.02305,0.0376,0.7628,"Netlogo_H_18","Net_H"
"532",531,0.17615,0.023,0.03795,0.7629,"Netlogo_H_18","Net_H"
"533",532,0.17585,0.0234,0.03855,0.7622,"Netlogo_H_18","Net_H"
"534",533,0.17545,0.02285,0.0387,0.763,"Netlogo_H_18","Net_H"
"535",534,0.17525,0.0223,0.03915,0.7633,"Netlogo_H_18","Net_H"
"536",535,0.17475,0.0216,0.03975,0.7639,"Netlogo_H_18","Net_H"
"537",536,0.17645,0.02165,0.04025,0.76165,"Netlogo_H_18","Net_H"
"538",537,0.1759,0.02165,0.03925,0.7632,"Netlogo_H_18","Net_H"
"539",538,0.1742,0.02225,0.03975,0.7638,"Netlogo_H_18","Net_H"
"540",539,0.1742,0.0219,0.04015,0.76375,"Netlogo_H_18","Net_H"
"541",540,0.1739,0.02125,0.03995,0.7649,"Netlogo_H_18","Net_H"
"542",541,0.1747,0.02115,0.0397,0.76445,"Netlogo_H_18","Net_H"
"543",542,0.1748,0.0206,0.0398,0.7648,"Netlogo_H_18","Net_H"
"544",543,0.17515,0.0207,0.0392,0.76495,"Netlogo_H_18","Net_H"
"545",544,0.17475,0.02075,0.03935,0.76515,"Netlogo_H_18","Net_H"
"546",545,0.1742,0.0218,0.0391,0.7649,"Netlogo_H_18","Net_H"
"547",546,0.17355,0.02265,0.0379,0.7659,"Netlogo_H_18","Net_H"
"548",547,0.174,0.02245,0.0379,0.76565,"Netlogo_H_18","Net_H"
"549",548,0.17605,0.02085,0.03865,0.76445,"Netlogo_H_18","Net_H"
"550",549,0.1755,0.0208,0.03865,0.76505,"Netlogo_H_18","Net_H"
"551",550,0.17445,0.02155,0.03855,0.76545,"Netlogo_H_18","Net_H"
"552",551,0.1745,0.02155,0.038,0.76595,"Netlogo_H_18","Net_H"
"553",552,0.17445,0.02105,0.038,0.7665,"Netlogo_H_18","Net_H"
"554",553,0.17405,0.0206,0.03725,0.7681,"Netlogo_H_18","Net_H"
"555",554,0.17365,0.02105,0.03795,0.76735,"Netlogo_H_18","Net_H"
"556",555,0.1735,0.0208,0.03805,0.76765,"Netlogo_H_18","Net_H"
"557",556,0.1735,0.02005,0.03915,0.7673,"Netlogo_H_18","Net_H"
"558",557,0.1732,0.0202,0.0393,0.7673,"Netlogo_H_18","Net_H"
"559",558,0.174,0.0204,0.0383,0.7673,"Netlogo_H_18","Net_H"
"560",559,0.1742,0.0207,0.03795,0.76715,"Netlogo_H_18","Net_H"
"561",560,0.174,0.0214,0.03735,0.76725,"Netlogo_H_18","Net_H"
"562",561,0.17485,0.021,0.0375,0.76665,"Netlogo_H_18","Net_H"
"563",562,0.17565,0.02035,0.03725,0.76675,"Netlogo_H_18","Net_H"
"564",563,0.17605,0.0207,0.0379,0.76535,"Netlogo_H_18","Net_H"
"565",564,0.1759,0.0205,0.03715,0.76645,"Netlogo_H_18","Net_H"
"566",565,0.17585,0.0202,0.03755,0.7664,"Netlogo_H_18","Net_H"
"567",566,0.17505,0.0209,0.03795,0.7661,"Netlogo_H_18","Net_H"
"568",567,0.1749,0.0211,0.03805,0.76595,"Netlogo_H_18","Net_H"
"569",568,0.17495,0.02125,0.0382,0.7656,"Netlogo_H_18","Net_H"
"570",569,0.17465,0.02095,0.03895,0.76545,"Netlogo_H_18","Net_H"
"571",570,0.1744,0.021,0.0386,0.766,"Netlogo_H_18","Net_H"
"572",571,0.1741,0.02095,0.0385,0.76645,"Netlogo_H_18","Net_H"
"573",572,0.17435,0.0205,0.0379,0.76725,"Netlogo_H_18","Net_H"
"574",573,0.1755,0.0199,0.0382,0.7664,"Netlogo_H_18","Net_H"
"575",574,0.17605,0.02045,0.0372,0.7663,"Netlogo_H_18","Net_H"
"576",575,0.17705,0.02015,0.03645,0.76635,"Netlogo_H_18","Net_H"
"577",576,0.17765,0.0198,0.03585,0.7667,"Netlogo_H_18","Net_H"
"578",577,0.177,0.021,0.0354,0.7666,"Netlogo_H_18","Net_H"
"579",578,0.1769,0.01995,0.0356,0.76755,"Netlogo_H_18","Net_H"
"580",579,0.17685,0.0191,0.03705,0.767,"Netlogo_H_18","Net_H"
"581",580,0.1759,0.02,0.0379,0.7662,"Netlogo_H_18","Net_H"
"582",581,0.1761,0.01985,0.03855,0.7655,"Netlogo_H_18","Net_H"
"583",582,0.17605,0.02025,0.03835,0.76535,"Netlogo_H_18","Net_H"
"584",583,0.17625,0.0201,0.039,0.76465,"Netlogo_H_18","Net_H"
"585",584,0.1749,0.0211,0.03905,0.76495,"Netlogo_H_18","Net_H"
"586",585,0.17485,0.0209,0.03965,0.7646,"Netlogo_H_18","Net_H"
"587",586,0.17495,0.02075,0.03895,0.76535,"Netlogo_H_18","Net_H"
"588",587,0.1762,0.0203,0.039,0.7645,"Netlogo_H_18","Net_H"
"589",588,0.17685,0.0197,0.0401,0.76335,"Netlogo_H_18","Net_H"
"590",589,0.17635,0.02125,0.03835,0.76405,"Netlogo_H_18","Net_H"
"591",590,0.1767,0.02055,0.0388,0.76395,"Netlogo_H_18","Net_H"
"592",591,0.17585,0.02125,0.03885,0.76405,"Netlogo_H_18","Net_H"
"593",592,0.1768,0.0215,0.0384,0.7633,"Netlogo_H_18","Net_H"
"594",593,0.1761,0.0222,0.0383,0.7634,"Netlogo_H_18","Net_H"
"595",594,0.17535,0.0222,0.0378,0.76465,"Netlogo_H_18","Net_H"
"596",595,0.1748,0.02235,0.0383,0.76455,"Netlogo_H_18","Net_H"
"597",596,0.1756,0.0219,0.03895,0.76355,"Netlogo_H_18","Net_H"
"598",597,0.17545,0.02145,0.03925,0.76385,"Netlogo_H_18","Net_H"
"599",598,0.17645,0.0209,0.03905,0.7636,"Netlogo_H_18","Net_H"
"600",599,0.17725,0.0202,0.039,0.76355,"Netlogo_H_18","Net_H"
"601",600,0.1774,0.0197,0.0393,0.7636,"Netlogo_H_18","Net_H"
"602",601,0.17655,0.01975,0.03905,0.76465,"Netlogo_H_18","Net_H"
"603",602,0.1771,0.01985,0.03895,0.7641,"Netlogo_H_18","Net_H"
"604",603,0.1771,0.0192,0.039,0.7647,"Netlogo_H_18","Net_H"
"605",604,0.17615,0.0198,0.03845,0.7656,"Netlogo_H_18","Net_H"
"606",605,0.1761,0.0201,0.03765,0.76615,"Netlogo_H_18","Net_H"
"607",606,0.17715,0.01975,0.0375,0.7656,"Netlogo_H_18","Net_H"
"608",607,0.1778,0.01985,0.03685,0.7655,"Netlogo_H_18","Net_H"
"609",608,0.17715,0.01995,0.03715,0.76575,"Netlogo_H_18","Net_H"
"610",609,0.1777,0.01965,0.03725,0.7654,"Netlogo_H_18","Net_H"
"611",610,0.17895,0.01935,0.03655,0.76515,"Netlogo_H_18","Net_H"
"612",611,0.1788,0.01925,0.03615,0.7658,"Netlogo_H_18","Net_H"
"613",612,0.17815,0.02035,0.03545,0.76605,"Netlogo_H_18","Net_H"
"614",613,0.17855,0.0195,0.0359,0.76605,"Netlogo_H_18","Net_H"
"615",614,0.17925,0.01925,0.03525,0.76625,"Netlogo_H_18","Net_H"
"616",615,0.17885,0.0184,0.03575,0.767,"Netlogo_H_18","Net_H"
"617",616,0.1796,0.01885,0.0365,0.76505,"Netlogo_H_18","Net_H"
"618",617,0.17965,0.0197,0.03635,0.7643,"Netlogo_H_18","Net_H"
"619",618,0.18025,0.02045,0.0367,0.7626,"Netlogo_H_18","Net_H"
"620",619,0.18035,0.0204,0.0365,0.76275,"Netlogo_H_18","Net_H"
"621",620,0.17975,0.0201,0.03805,0.7621,"Netlogo_H_18","Net_H"
"622",621,0.17975,0.02135,0.0374,0.7615,"Netlogo_H_18","Net_H"
"623",622,0.17925,0.02215,0.0373,0.7613,"Netlogo_H_18","Net_H"
"624",623,0.1795,0.0221,0.03805,0.76035,"Netlogo_H_18","Net_H"
"625",624,0.1797,0.0216,0.0384,0.7603,"Netlogo_H_18","Net_H"
"626",625,0.17945,0.02175,0.0387,0.7601,"Netlogo_H_18","Net_H"
"627",626,0.1804,0.02125,0.03935,0.759,"Netlogo_H_18","Net_H"
"628",627,0.182,0.02055,0.039,0.75845,"Netlogo_H_18","Net_H"
"629",628,0.1816,0.0208,0.03895,0.75865,"Netlogo_H_18","Net_H"
"630",629,0.18145,0.0212,0.03865,0.7587,"Netlogo_H_18","Net_H"
