"","step","S","E","I","R","simu","Langage"
"1",0,0.999,0,0.001,0,"Netlogo_H_24","Net_H"
"2",1,0.9983,7e-04,0.001,0,"Netlogo_H_24","Net_H"
"3",2,0.99765,0.00135,9e-04,1e-04,"Netlogo_H_24","Net_H"
"4",3,0.9967,0.00215,0.001,0.00015,"Netlogo_H_24","Net_H"
"5",4,0.9957,0.0029,0.00125,0.00015,"Netlogo_H_24","Net_H"
"6",5,0.995,0.0032,0.0015,3e-04,"Netlogo_H_24","Net_H"
"7",6,0.99415,0.00325,0.0021,5e-04,"Netlogo_H_24","Net_H"
"8",7,0.9921,0.0047,0.00255,0.00065,"Netlogo_H_24","Net_H"
"9",8,0.99055,0.0053,0.0033,0.00085,"Netlogo_H_24","Net_H"
"10",9,0.98855,0.0061,0.0043,0.00105,"Netlogo_H_24","Net_H"
"11",10,0.98555,0.0074,0.00565,0.0014,"Netlogo_H_24","Net_H"
"12",11,0.9814,0.00995,0.0067,0.00195,"Netlogo_H_24","Net_H"
"13",12,0.9769,0.0127,0.00795,0.00245,"Netlogo_H_24","Net_H"
"14",13,0.97155,0.0152,0.00995,0.0033,"Netlogo_H_24","Net_H"
"15",14,0.96525,0.01875,0.01155,0.00445,"Netlogo_H_24","Net_H"
"16",15,0.95785,0.0221,0.01475,0.0053,"Netlogo_H_24","Net_H"
"17",16,0.9481,0.028,0.0173,0.0066,"Netlogo_H_24","Net_H"
"18",17,0.93655,0.0345,0.02075,0.0082,"Netlogo_H_24","Net_H"
"19",18,0.92395,0.04065,0.02525,0.01015,"Netlogo_H_24","Net_H"
"20",19,0.90805,0.04875,0.03065,0.01255,"Netlogo_H_24","Net_H"
"21",20,0.8888,0.0584,0.03735,0.01545,"Netlogo_H_24","Net_H"
"22",21,0.86455,0.07145,0.04485,0.01915,"Netlogo_H_24","Net_H"
"23",22,0.837,0.08535,0.0538,0.02385,"Netlogo_H_24","Net_H"
"24",23,0.80715,0.0989,0.0646,0.02935,"Netlogo_H_24","Net_H"
"25",24,0.7733,0.11295,0.07685,0.0369,"Netlogo_H_24","Net_H"
"26",25,0.73205,0.132,0.09145,0.0445,"Netlogo_H_24","Net_H"
"27",26,0.6864,0.1491,0.1104,0.0541,"Netlogo_H_24","Net_H"
"28",27,0.63555,0.1725,0.1261,0.06585,"Netlogo_H_24","Net_H"
"29",28,0.58265,0.19115,0.14725,0.07895,"Netlogo_H_24","Net_H"
"30",29,0.5265,0.2081,0.1713,0.0941,"Netlogo_H_24","Net_H"
"31",30,0.4638,0.23035,0.1951,0.11075,"Netlogo_H_24","Net_H"
"32",31,0.40295,0.2443,0.2228,0.12995,"Netlogo_H_24","Net_H"
"33",32,0.34295,0.2538,0.25125,0.152,"Netlogo_H_24","Net_H"
"34",33,0.28825,0.25365,0.2783,0.1798,"Netlogo_H_24","Net_H"
"35",34,0.23655,0.2493,0.3065,0.20765,"Netlogo_H_24","Net_H"
"36",35,0.1907,0.2397,0.328,0.2416,"Netlogo_H_24","Net_H"
"37",36,0.1508,0.2263,0.34585,0.27705,"Netlogo_H_24","Net_H"
"38",37,0.11735,0.20565,0.3612,0.3158,"Netlogo_H_24","Net_H"
"39",38,0.092,0.1818,0.36945,0.35675,"Netlogo_H_24","Net_H"
"40",39,0.07165,0.15895,0.37145,0.39795,"Netlogo_H_24","Net_H"
"41",40,0.0555,0.1372,0.36615,0.44115,"Netlogo_H_24","Net_H"
"42",41,0.04315,0.1155,0.35435,0.487,"Netlogo_H_24","Net_H"
"43",42,0.03495,0.09475,0.34135,0.52895,"Netlogo_H_24","Net_H"
"44",43,0.02875,0.07895,0.32385,0.56845,"Netlogo_H_24","Net_H"
"45",44,0.02445,0.0644,0.3045,0.60665,"Netlogo_H_24","Net_H"
"46",45,0.0208,0.05235,0.284,0.64285,"Netlogo_H_24","Net_H"
"47",46,0.01875,0.04185,0.26065,0.67875,"Netlogo_H_24","Net_H"
"48",47,0.01815,0.03365,0.23805,0.71015,"Netlogo_H_24","Net_H"
"49",48,0.0179,0.02725,0.21615,0.7387,"Netlogo_H_24","Net_H"
"50",49,0.0173,0.0234,0.19605,0.76325,"Netlogo_H_24","Net_H"
"51",50,0.0165,0.0191,0.17535,0.78905,"Netlogo_H_24","Net_H"
"52",51,0.01755,0.01625,0.15555,0.81065,"Netlogo_H_24","Net_H"
"53",52,0.0178,0.01345,0.1402,0.82855,"Netlogo_H_24","Net_H"
"54",53,0.01865,0.01235,0.1258,0.8432,"Netlogo_H_24","Net_H"
"55",54,0.0197,0.01055,0.11365,0.8561,"Netlogo_H_24","Net_H"
"56",55,0.02125,0.00865,0.1008,0.8693,"Netlogo_H_24","Net_H"
"57",56,0.02335,0.00755,0.0899,0.8792,"Netlogo_H_24","Net_H"
"58",57,0.02525,0.0066,0.0801,0.88805,"Netlogo_H_24","Net_H"
"59",58,0.02685,0.0063,0.07025,0.8966,"Netlogo_H_24","Net_H"
"60",59,0.0286,0.0056,0.06275,0.90305,"Netlogo_H_24","Net_H"
"61",60,0.0303,0.00555,0.05495,0.9092,"Netlogo_H_24","Net_H"
"62",61,0.032,0.0053,0.04805,0.91465,"Netlogo_H_24","Net_H"
"63",62,0.0346,0.0051,0.0426,0.9177,"Netlogo_H_24","Net_H"
"64",63,0.0367,0.0051,0.0383,0.9199,"Netlogo_H_24","Net_H"
"65",64,0.0387,0.0046,0.03515,0.92155,"Netlogo_H_24","Net_H"
"66",65,0.04115,0.00445,0.03085,0.92355,"Netlogo_H_24","Net_H"
"67",66,0.04295,0.00445,0.0276,0.925,"Netlogo_H_24","Net_H"
"68",67,0.04555,0.0045,0.02485,0.9251,"Netlogo_H_24","Net_H"
"69",68,0.0481,0.0043,0.0221,0.9255,"Netlogo_H_24","Net_H"
"70",69,0.0503,0.00375,0.0198,0.92615,"Netlogo_H_24","Net_H"
"71",70,0.05255,0.00295,0.0182,0.9263,"Netlogo_H_24","Net_H"
"72",71,0.05475,0.00285,0.01645,0.92595,"Netlogo_H_24","Net_H"
"73",72,0.05775,0.00255,0.0147,0.925,"Netlogo_H_24","Net_H"
"74",73,0.0602,0.0023,0.0133,0.9242,"Netlogo_H_24","Net_H"
"75",74,0.06315,0.0023,0.01165,0.9229,"Netlogo_H_24","Net_H"
"76",75,0.0662,0.0019,0.0106,0.9213,"Netlogo_H_24","Net_H"
"77",76,0.06915,0.00165,0.0098,0.9194,"Netlogo_H_24","Net_H"
"78",77,0.07195,0.0015,0.00895,0.9176,"Netlogo_H_24","Net_H"
"79",78,0.0747,0.0014,0.00795,0.91595,"Netlogo_H_24","Net_H"
"80",79,0.0768,0.00165,0.0071,0.91445,"Netlogo_H_24","Net_H"
"81",80,0.0801,0.0017,0.0062,0.912,"Netlogo_H_24","Net_H"
"82",81,0.083,0.00165,0.00555,0.9098,"Netlogo_H_24","Net_H"
"83",82,0.0858,0.00175,0.005,0.90745,"Netlogo_H_24","Net_H"
"84",83,0.08835,0.00145,0.00475,0.90545,"Netlogo_H_24","Net_H"
"85",84,0.0909,0.00145,0.0044,0.90325,"Netlogo_H_24","Net_H"
"86",85,0.0937,0.0015,0.0041,0.9007,"Netlogo_H_24","Net_H"
"87",86,0.09685,0.00165,0.00405,0.89745,"Netlogo_H_24","Net_H"
"88",87,0.09955,0.00155,0.004,0.8949,"Netlogo_H_24","Net_H"
"89",88,0.1021,0.0014,0.0037,0.8928,"Netlogo_H_24","Net_H"
"90",89,0.10505,0.00125,0.0036,0.8901,"Netlogo_H_24","Net_H"
"91",90,0.10805,0.0011,0.00315,0.8877,"Netlogo_H_24","Net_H"
"92",91,0.1108,0.00125,0.003,0.88495,"Netlogo_H_24","Net_H"
"93",92,0.114,0.00115,0.00285,0.882,"Netlogo_H_24","Net_H"
"94",93,0.11705,0.0012,0.00275,0.879,"Netlogo_H_24","Net_H"
"95",94,0.11995,0.00125,0.00255,0.87625,"Netlogo_H_24","Net_H"
"96",95,0.1226,0.00125,0.0024,0.87375,"Netlogo_H_24","Net_H"
"97",96,0.1252,0.00105,0.00215,0.8716,"Netlogo_H_24","Net_H"
"98",97,0.12785,0.001,0.0019,0.86925,"Netlogo_H_24","Net_H"
"99",98,0.1306,0.00105,0.0018,0.86655,"Netlogo_H_24","Net_H"
"100",99,0.13225,9e-04,0.00195,0.8649,"Netlogo_H_24","Net_H"
"101",100,0.1349,0.00085,0.00175,0.8625,"Netlogo_H_24","Net_H"
"102",101,0.137,0.00055,0.002,0.86045,"Netlogo_H_24","Net_H"
"103",102,0.13935,8e-04,0.00195,0.8579,"Netlogo_H_24","Net_H"
"104",103,0.1418,8e-04,0.00165,0.85575,"Netlogo_H_24","Net_H"
"105",104,0.1441,6e-04,0.0018,0.8535,"Netlogo_H_24","Net_H"
"106",105,0.14645,7e-04,0.00185,0.851,"Netlogo_H_24","Net_H"
"107",106,0.14905,8e-04,0.0018,0.84835,"Netlogo_H_24","Net_H"
"108",107,0.15115,7e-04,0.0018,0.84635,"Netlogo_H_24","Net_H"
"109",108,0.15325,6e-04,0.0019,0.84425,"Netlogo_H_24","Net_H"
"110",109,0.15545,5e-04,0.00185,0.8422,"Netlogo_H_24","Net_H"
"111",110,0.15725,7e-04,0.0017,0.84035,"Netlogo_H_24","Net_H"
"112",111,0.16,0.00065,0.0014,0.83795,"Netlogo_H_24","Net_H"
"113",112,0.16175,0.00065,0.00125,0.83635,"Netlogo_H_24","Net_H"
"114",113,0.164,6e-04,0.00115,0.83425,"Netlogo_H_24","Net_H"
"115",114,0.166,0.00055,0.00115,0.8323,"Netlogo_H_24","Net_H"
"116",115,0.1686,5e-04,0.00115,0.82975,"Netlogo_H_24","Net_H"
"117",116,0.17085,6e-04,0.0011,0.82745,"Netlogo_H_24","Net_H"
"118",117,0.1731,0.00055,0.00105,0.8253,"Netlogo_H_24","Net_H"
"119",118,0.1752,4e-04,0.001,0.8234,"Netlogo_H_24","Net_H"
"120",119,0.17795,0.00035,9e-04,0.8208,"Netlogo_H_24","Net_H"
"121",120,0.18035,0.00035,8e-04,0.8185,"Netlogo_H_24","Net_H"
"122",121,0.1829,4e-04,8e-04,0.8159,"Netlogo_H_24","Net_H"
"123",122,0.1852,0.00045,7e-04,0.81365,"Netlogo_H_24","Net_H"
"124",123,0.18825,4e-04,7e-04,0.81065,"Netlogo_H_24","Net_H"
"125",124,0.19075,0.00035,9e-04,0.808,"Netlogo_H_24","Net_H"
"126",125,0.19275,0.00065,0.00085,0.80575,"Netlogo_H_24","Net_H"
"127",126,0.1945,9e-04,4e-04,0.8042,"Netlogo_H_24","Net_H"
"128",127,0.197,0.00065,6e-04,0.80175,"Netlogo_H_24","Net_H"
"129",128,0.19905,5e-04,0.00065,0.7998,"Netlogo_H_24","Net_H"
"130",129,0.2011,0.00035,8e-04,0.79775,"Netlogo_H_24","Net_H"
"131",130,0.2033,3e-04,0.00095,0.79545,"Netlogo_H_24","Net_H"
"132",131,0.20535,6e-04,8e-04,0.79325,"Netlogo_H_24","Net_H"
"133",132,0.2075,0.00055,9e-04,0.79105,"Netlogo_H_24","Net_H"
"134",133,0.2096,5e-04,0.001,0.7889,"Netlogo_H_24","Net_H"
"135",134,0.21205,0.00055,0.001,0.7864,"Netlogo_H_24","Net_H"
"136",135,0.2143,5e-04,0.00105,0.78415,"Netlogo_H_24","Net_H"
"137",136,0.21615,0.00055,0.001,0.7823,"Netlogo_H_24","Net_H"
"138",137,0.21845,0.00065,0.001,0.7799,"Netlogo_H_24","Net_H"
"139",138,0.2205,6e-04,0.0011,0.7778,"Netlogo_H_24","Net_H"
"140",139,0.22235,6e-04,0.0011,0.77595,"Netlogo_H_24","Net_H"
"141",140,0.22425,4e-04,0.00115,0.7742,"Netlogo_H_24","Net_H"
"142",141,0.2261,4e-04,0.001,0.7725,"Netlogo_H_24","Net_H"
"143",142,0.2281,6e-04,0.00085,0.77045,"Netlogo_H_24","Net_H"
"144",143,0.23055,0.00055,8e-04,0.7681,"Netlogo_H_24","Net_H"
"145",144,0.23295,0.00045,9e-04,0.7657,"Netlogo_H_24","Net_H"
"146",145,0.23485,0.00025,0.001,0.7639,"Netlogo_H_24","Net_H"
"147",146,0.23625,6e-04,9e-04,0.76225,"Netlogo_H_24","Net_H"
"148",147,0.23845,0.00065,8e-04,0.7601,"Netlogo_H_24","Net_H"
"149",148,0.24045,0.00065,0.00085,0.75805,"Netlogo_H_24","Net_H"
"150",149,0.24245,6e-04,9e-04,0.75605,"Netlogo_H_24","Net_H"
"151",150,0.2451,5e-04,8e-04,0.7536,"Netlogo_H_24","Net_H"
"152",151,0.24725,5e-04,9e-04,0.75135,"Netlogo_H_24","Net_H"
"153",152,0.24945,4e-04,0.001,0.74915,"Netlogo_H_24","Net_H"
"154",153,0.25175,0.00045,0.001,0.7468,"Netlogo_H_24","Net_H"
"155",154,0.25335,0.00055,0.001,0.7451,"Netlogo_H_24","Net_H"
"156",155,0.2558,7e-04,0.001,0.7425,"Netlogo_H_24","Net_H"
"157",156,0.2577,0.00075,0.001,0.74055,"Netlogo_H_24","Net_H"
"158",157,0.2596,8e-04,0.00105,0.73855,"Netlogo_H_24","Net_H"
"159",158,0.261,0.00085,0.00125,0.7369,"Netlogo_H_24","Net_H"
"160",159,0.2632,9e-04,0.00125,0.73465,"Netlogo_H_24","Net_H"
"161",160,0.26485,0.00095,0.0013,0.7329,"Netlogo_H_24","Net_H"
"162",161,0.26675,0.00085,0.00145,0.73095,"Netlogo_H_24","Net_H"
"163",162,0.2688,0.00095,0.00155,0.7287,"Netlogo_H_24","Net_H"
"164",163,0.27065,0.001,0.0016,0.72675,"Netlogo_H_24","Net_H"
"165",164,0.2726,0.00125,0.0015,0.72465,"Netlogo_H_24","Net_H"
"166",165,0.27435,0.00125,0.00155,0.72285,"Netlogo_H_24","Net_H"
"167",166,0.27595,0.0014,0.00175,0.7209,"Netlogo_H_24","Net_H"
"168",167,0.2781,0.00135,0.0017,0.71885,"Netlogo_H_24","Net_H"
"169",168,0.2802,0.0016,0.00185,0.71635,"Netlogo_H_24","Net_H"
"170",169,0.2821,0.00165,0.0018,0.71445,"Netlogo_H_24","Net_H"
"171",170,0.2836,0.00175,0.0017,0.71295,"Netlogo_H_24","Net_H"
"172",171,0.2847,0.00165,0.0021,0.71155,"Netlogo_H_24","Net_H"
"173",172,0.2867,0.0015,0.00215,0.70965,"Netlogo_H_24","Net_H"
"174",173,0.28855,0.0016,0.00225,0.7076,"Netlogo_H_24","Net_H"
"175",174,0.2901,0.0017,0.00235,0.70585,"Netlogo_H_24","Net_H"
"176",175,0.2915,0.0018,0.00215,0.70455,"Netlogo_H_24","Net_H"
"177",176,0.29375,0.00215,0.0021,0.702,"Netlogo_H_24","Net_H"
"178",177,0.29555,0.0021,0.0023,0.70005,"Netlogo_H_24","Net_H"
"179",178,0.2966,0.00225,0.00235,0.6988,"Netlogo_H_24","Net_H"
"180",179,0.2976,0.0023,0.0028,0.6973,"Netlogo_H_24","Net_H"
"181",180,0.2989,0.0027,0.00295,0.69545,"Netlogo_H_24","Net_H"
"182",181,0.30045,0.0029,0.00325,0.6934,"Netlogo_H_24","Net_H"
"183",182,0.3015,0.0032,0.0034,0.6919,"Netlogo_H_24","Net_H"
"184",183,0.30265,0.0035,0.00345,0.6904,"Netlogo_H_24","Net_H"
"185",184,0.3039,0.00355,0.0034,0.68915,"Netlogo_H_24","Net_H"
"186",185,0.30545,0.00335,0.0043,0.6869,"Netlogo_H_24","Net_H"
"187",186,0.30665,0.0032,0.0042,0.68595,"Netlogo_H_24","Net_H"
"188",187,0.3076,0.0034,0.0042,0.6848,"Netlogo_H_24","Net_H"
"189",188,0.3086,0.00315,0.0044,0.68385,"Netlogo_H_24","Net_H"
"190",189,0.3092,0.0036,0.00455,0.68265,"Netlogo_H_24","Net_H"
"191",190,0.3101,0.00385,0.005,0.68105,"Netlogo_H_24","Net_H"
"192",191,0.31075,0.0037,0.00555,0.68,"Netlogo_H_24","Net_H"
"193",192,0.3115,0.0042,0.00585,0.67845,"Netlogo_H_24","Net_H"
"194",193,0.3128,0.00475,0.0059,0.67655,"Netlogo_H_24","Net_H"
"195",194,0.31335,0.00505,0.006,0.6756,"Netlogo_H_24","Net_H"
"196",195,0.3135,0.0053,0.0068,0.6744,"Netlogo_H_24","Net_H"
"197",196,0.3143,0.00575,0.00715,0.6728,"Netlogo_H_24","Net_H"
"198",197,0.3148,0.00565,0.00725,0.6723,"Netlogo_H_24","Net_H"
"199",198,0.31465,0.00615,0.00745,0.67175,"Netlogo_H_24","Net_H"
"200",199,0.31525,0.007,0.00775,0.67,"Netlogo_H_24","Net_H"
"201",200,0.3158,0.00715,0.0085,0.66855,"Netlogo_H_24","Net_H"
"202",201,0.31655,0.0075,0.0085,0.66745,"Netlogo_H_24","Net_H"
"203",202,0.31635,0.0076,0.0096,0.66645,"Netlogo_H_24","Net_H"
"204",203,0.3157,0.00865,0.00975,0.6659,"Netlogo_H_24","Net_H"
"205",204,0.3147,0.00955,0.01,0.66575,"Netlogo_H_24","Net_H"
"206",205,0.31525,0.0094,0.01075,0.6646,"Netlogo_H_24","Net_H"
"207",206,0.3147,0.0092,0.0122,0.6639,"Netlogo_H_24","Net_H"
"208",207,0.3148,0.00925,0.0128,0.66315,"Netlogo_H_24","Net_H"
"209",208,0.31425,0.0097,0.0128,0.66325,"Netlogo_H_24","Net_H"
"210",209,0.314,0.0102,0.0138,0.662,"Netlogo_H_24","Net_H"
"211",210,0.31305,0.0103,0.0151,0.66155,"Netlogo_H_24","Net_H"
"212",211,0.31145,0.0118,0.0155,0.66125,"Netlogo_H_24","Net_H"
"213",212,0.3099,0.0128,0.01625,0.66105,"Netlogo_H_24","Net_H"
"214",213,0.3092,0.0132,0.01715,0.66045,"Netlogo_H_24","Net_H"
"215",214,0.3082,0.0139,0.0178,0.6601,"Netlogo_H_24","Net_H"
"216",215,0.3062,0.01465,0.01895,0.6602,"Netlogo_H_24","Net_H"
"217",216,0.30325,0.016,0.0197,0.66105,"Netlogo_H_24","Net_H"
"218",217,0.301,0.0163,0.0212,0.6615,"Netlogo_H_24","Net_H"
"219",218,0.29865,0.0174,0.02225,0.6617,"Netlogo_H_24","Net_H"
"220",219,0.29565,0.0191,0.0237,0.66155,"Netlogo_H_24","Net_H"
"221",220,0.29265,0.0207,0.0246,0.66205,"Netlogo_H_24","Net_H"
"222",221,0.29005,0.0207,0.02685,0.6624,"Netlogo_H_24","Net_H"
"223",222,0.2861,0.02265,0.02785,0.6634,"Netlogo_H_24","Net_H"
"224",223,0.28275,0.0237,0.02915,0.6644,"Netlogo_H_24","Net_H"
"225",224,0.2795,0.0243,0.0307,0.6655,"Netlogo_H_24","Net_H"
"226",225,0.27575,0.0247,0.03285,0.6667,"Netlogo_H_24","Net_H"
"227",226,0.27035,0.0265,0.03425,0.6689,"Netlogo_H_24","Net_H"
"228",227,0.2653,0.0281,0.0358,0.6708,"Netlogo_H_24","Net_H"
"229",228,0.25995,0.02955,0.0375,0.673,"Netlogo_H_24","Net_H"
"230",229,0.2557,0.02955,0.03915,0.6756,"Netlogo_H_24","Net_H"
"231",230,0.25125,0.02935,0.0422,0.6772,"Netlogo_H_24","Net_H"
"232",231,0.24565,0.03095,0.0436,0.6798,"Netlogo_H_24","Net_H"
"233",232,0.24055,0.03155,0.0452,0.6827,"Netlogo_H_24","Net_H"
"234",233,0.2367,0.03045,0.04705,0.6858,"Netlogo_H_24","Net_H"
"235",234,0.2307,0.0313,0.0487,0.6893,"Netlogo_H_24","Net_H"
"236",235,0.22635,0.0316,0.0502,0.69185,"Netlogo_H_24","Net_H"
"237",236,0.22175,0.0323,0.05,0.69595,"Netlogo_H_24","Net_H"
"238",237,0.21665,0.0325,0.05065,0.7002,"Netlogo_H_24","Net_H"
"239",238,0.21155,0.03255,0.052,0.7039,"Netlogo_H_24","Net_H"
"240",239,0.2071,0.0325,0.05375,0.70665,"Netlogo_H_24","Net_H"
"241",240,0.202,0.0323,0.05425,0.71145,"Netlogo_H_24","Net_H"
"242",241,0.19765,0.0328,0.05495,0.7146,"Netlogo_H_24","Net_H"
"243",242,0.19095,0.0341,0.05555,0.7194,"Netlogo_H_24","Net_H"
"244",243,0.18685,0.03375,0.05535,0.72405,"Netlogo_H_24","Net_H"
"245",244,0.18135,0.03435,0.0563,0.728,"Netlogo_H_24","Net_H"
"246",245,0.1771,0.0337,0.05795,0.73125,"Netlogo_H_24","Net_H"
"247",246,0.17325,0.03215,0.05825,0.73635,"Netlogo_H_24","Net_H"
"248",247,0.1681,0.0318,0.0594,0.7407,"Netlogo_H_24","Net_H"
"249",248,0.1641,0.0317,0.05935,0.74485,"Netlogo_H_24","Net_H"
"250",249,0.1616,0.0302,0.05965,0.74855,"Netlogo_H_24","Net_H"
"251",250,0.15685,0.03165,0.05875,0.75275,"Netlogo_H_24","Net_H"
"252",251,0.15325,0.0313,0.0587,0.75675,"Netlogo_H_24","Net_H"
"253",252,0.14945,0.03055,0.05885,0.76115,"Netlogo_H_24","Net_H"
"254",253,0.1463,0.0304,0.058,0.7653,"Netlogo_H_24","Net_H"
"255",254,0.14405,0.02925,0.05695,0.76975,"Netlogo_H_24","Net_H"
"256",255,0.1418,0.0281,0.0575,0.7726,"Netlogo_H_24","Net_H"
"257",256,0.13925,0.0275,0.05775,0.7755,"Netlogo_H_24","Net_H"
"258",257,0.1368,0.02695,0.0573,0.77895,"Netlogo_H_24","Net_H"
"259",258,0.1344,0.02605,0.0575,0.78205,"Netlogo_H_24","Net_H"
"260",259,0.13175,0.0249,0.0579,0.78545,"Netlogo_H_24","Net_H"
"261",260,0.1291,0.02445,0.05585,0.7906,"Netlogo_H_24","Net_H"
"262",261,0.12825,0.02355,0.05465,0.79355,"Netlogo_H_24","Net_H"
"263",262,0.12645,0.02285,0.05355,0.79715,"Netlogo_H_24","Net_H"
"264",263,0.12555,0.0223,0.05275,0.7994,"Netlogo_H_24","Net_H"
"265",264,0.1239,0.02265,0.0507,0.80275,"Netlogo_H_24","Net_H"
"266",265,0.12245,0.02255,0.04875,0.80625,"Netlogo_H_24","Net_H"
"267",266,0.12185,0.021,0.04805,0.8091,"Netlogo_H_24","Net_H"
"268",267,0.1215,0.01985,0.047,0.81165,"Netlogo_H_24","Net_H"
"269",268,0.12215,0.01885,0.04535,0.81365,"Netlogo_H_24","Net_H"
"270",269,0.12145,0.0183,0.04415,0.8161,"Netlogo_H_24","Net_H"
"271",270,0.1214,0.0176,0.04285,0.81815,"Netlogo_H_24","Net_H"
"272",271,0.12295,0.01615,0.0413,0.8196,"Netlogo_H_24","Net_H"
"273",272,0.1233,0.01545,0.0396,0.82165,"Netlogo_H_24","Net_H"
"274",273,0.12295,0.0156,0.03845,0.823,"Netlogo_H_24","Net_H"
"275",274,0.12295,0.01575,0.03685,0.82445,"Netlogo_H_24","Net_H"
"276",275,0.124,0.01555,0.03555,0.8249,"Netlogo_H_24","Net_H"
"277",276,0.12525,0.0149,0.0353,0.82455,"Netlogo_H_24","Net_H"
"278",277,0.12665,0.01335,0.03465,0.82535,"Netlogo_H_24","Net_H"
"279",278,0.12795,0.0124,0.0334,0.82625,"Netlogo_H_24","Net_H"
"280",279,0.12925,0.01305,0.0318,0.8259,"Netlogo_H_24","Net_H"
"281",280,0.13045,0.01315,0.0301,0.8263,"Netlogo_H_24","Net_H"
"282",281,0.13325,0.01305,0.02815,0.82555,"Netlogo_H_24","Net_H"
"283",282,0.1352,0.0133,0.0273,0.8242,"Netlogo_H_24","Net_H"
"284",283,0.13705,0.0126,0.02685,0.8235,"Netlogo_H_24","Net_H"
"285",284,0.1387,0.0116,0.0265,0.8232,"Netlogo_H_24","Net_H"
"286",285,0.1408,0.0111,0.0262,0.8219,"Netlogo_H_24","Net_H"
"287",286,0.1424,0.011,0.0252,0.8214,"Netlogo_H_24","Net_H"
"288",287,0.14455,0.01065,0.0252,0.8196,"Netlogo_H_24","Net_H"
"289",288,0.1461,0.0114,0.02375,0.81875,"Netlogo_H_24","Net_H"
"290",289,0.1486,0.01085,0.02305,0.8175,"Netlogo_H_24","Net_H"
"291",290,0.1496,0.0111,0.0217,0.8176,"Netlogo_H_24","Net_H"
"292",291,0.15135,0.01135,0.0206,0.8167,"Netlogo_H_24","Net_H"
"293",292,0.1538,0.0112,0.02035,0.81465,"Netlogo_H_24","Net_H"
"294",293,0.15605,0.01055,0.0205,0.8129,"Netlogo_H_24","Net_H"
"295",294,0.15705,0.0103,0.02035,0.8123,"Netlogo_H_24","Net_H"
"296",295,0.16005,0.00965,0.0202,0.8101,"Netlogo_H_24","Net_H"
"297",296,0.16105,0.01025,0.01925,0.80945,"Netlogo_H_24","Net_H"
"298",297,0.1637,0.0094,0.01925,0.80765,"Netlogo_H_24","Net_H"
"299",298,0.16695,0.0088,0.01935,0.8049,"Netlogo_H_24","Net_H"
"300",299,0.16865,0.00925,0.0197,0.8024,"Netlogo_H_24","Net_H"
"301",300,0.17085,0.00915,0.019,0.801,"Netlogo_H_24","Net_H"
"302",301,0.1731,0.01005,0.0178,0.79905,"Netlogo_H_24","Net_H"
"303",302,0.17485,0.00995,0.01675,0.79845,"Netlogo_H_24","Net_H"
"304",303,0.17695,0.00945,0.01685,0.79675,"Netlogo_H_24","Net_H"
"305",304,0.1785,0.01005,0.01645,0.795,"Netlogo_H_24","Net_H"
"306",305,0.18005,0.0095,0.0172,0.79325,"Netlogo_H_24","Net_H"
"307",306,0.1824,0.0095,0.0169,0.7912,"Netlogo_H_24","Net_H"
"308",307,0.18605,0.00895,0.01725,0.78775,"Netlogo_H_24","Net_H"
"309",308,0.1878,0.00865,0.0171,0.78645,"Netlogo_H_24","Net_H"
"310",309,0.18965,0.0092,0.0175,0.78365,"Netlogo_H_24","Net_H"
"311",310,0.19245,0.00965,0.01745,0.78045,"Netlogo_H_24","Net_H"
"312",311,0.19455,0.0094,0.01795,0.7781,"Netlogo_H_24","Net_H"
"313",312,0.19755,0.00935,0.018,0.7751,"Netlogo_H_24","Net_H"
"314",313,0.19875,0.0099,0.01885,0.7725,"Netlogo_H_24","Net_H"
"315",314,0.1998,0.0105,0.01895,0.77075,"Netlogo_H_24","Net_H"
"316",315,0.20255,0.01085,0.01865,0.76795,"Netlogo_H_24","Net_H"
"317",316,0.20415,0.0112,0.0179,0.76675,"Netlogo_H_24","Net_H"
"318",317,0.2047,0.01135,0.01825,0.7657,"Netlogo_H_24","Net_H"
"319",318,0.20665,0.01135,0.01855,0.76345,"Netlogo_H_24","Net_H"
"320",319,0.20795,0.0118,0.0184,0.76185,"Netlogo_H_24","Net_H"
"321",320,0.2101,0.0118,0.0187,0.7594,"Netlogo_H_24","Net_H"
"322",321,0.21175,0.01205,0.01885,0.75735,"Netlogo_H_24","Net_H"
"323",322,0.2129,0.0115,0.01965,0.75595,"Netlogo_H_24","Net_H"
"324",323,0.21325,0.0122,0.02015,0.7544,"Netlogo_H_24","Net_H"
"325",324,0.2153,0.01195,0.02075,0.752,"Netlogo_H_24","Net_H"
"326",325,0.2169,0.0121,0.02095,0.75005,"Netlogo_H_24","Net_H"
"327",326,0.21765,0.0132,0.0213,0.74785,"Netlogo_H_24","Net_H"
"328",327,0.21865,0.0134,0.0219,0.74605,"Netlogo_H_24","Net_H"
"329",328,0.2191,0.01335,0.0224,0.74515,"Netlogo_H_24","Net_H"
"330",329,0.2198,0.01415,0.02295,0.7431,"Netlogo_H_24","Net_H"
"331",330,0.22125,0.01445,0.0227,0.7416,"Netlogo_H_24","Net_H"
"332",331,0.2227,0.01515,0.0223,0.73985,"Netlogo_H_24","Net_H"
"333",332,0.224,0.0142,0.0233,0.7385,"Netlogo_H_24","Net_H"
"334",333,0.2257,0.014,0.02415,0.73615,"Netlogo_H_24","Net_H"
"335",334,0.22605,0.0152,0.0236,0.73515,"Netlogo_H_24","Net_H"
"336",335,0.22675,0.01545,0.02525,0.73255,"Netlogo_H_24","Net_H"
"337",336,0.227,0.01495,0.0256,0.73245,"Netlogo_H_24","Net_H"
"338",337,0.2261,0.0166,0.02545,0.73185,"Netlogo_H_24","Net_H"
"339",338,0.22535,0.01725,0.0256,0.7318,"Netlogo_H_24","Net_H"
"340",339,0.2255,0.0177,0.0265,0.7303,"Netlogo_H_24","Net_H"
"341",340,0.2261,0.0168,0.0281,0.729,"Netlogo_H_24","Net_H"
"342",341,0.22465,0.01875,0.02815,0.72845,"Netlogo_H_24","Net_H"
"343",342,0.22505,0.0185,0.02935,0.7271,"Netlogo_H_24","Net_H"
"344",343,0.2245,0.01835,0.03075,0.7264,"Netlogo_H_24","Net_H"
"345",344,0.2239,0.01915,0.0308,0.72615,"Netlogo_H_24","Net_H"
"346",345,0.22375,0.01955,0.03145,0.72525,"Netlogo_H_24","Net_H"
"347",346,0.22385,0.0198,0.03145,0.7249,"Netlogo_H_24","Net_H"
"348",347,0.22345,0.02005,0.03225,0.72425,"Netlogo_H_24","Net_H"
"349",348,0.22105,0.0215,0.0322,0.72525,"Netlogo_H_24","Net_H"
"350",349,0.22,0.0222,0.0319,0.7259,"Netlogo_H_24","Net_H"
"351",350,0.21915,0.02175,0.033,0.7261,"Netlogo_H_24","Net_H"
"352",351,0.2189,0.0208,0.03415,0.72615,"Netlogo_H_24","Net_H"
"353",352,0.2174,0.02225,0.03485,0.7255,"Netlogo_H_24","Net_H"
"354",353,0.2159,0.02385,0.03535,0.7249,"Netlogo_H_24","Net_H"
"355",354,0.21505,0.02315,0.0364,0.7254,"Netlogo_H_24","Net_H"
"356",355,0.2141,0.02305,0.0367,0.72615,"Netlogo_H_24","Net_H"
"357",356,0.21275,0.02335,0.03755,0.72635,"Netlogo_H_24","Net_H"
"358",357,0.2105,0.0244,0.0381,0.727,"Netlogo_H_24","Net_H"
"359",358,0.2085,0.02535,0.0384,0.72775,"Netlogo_H_24","Net_H"
"360",359,0.2072,0.0249,0.03955,0.72835,"Netlogo_H_24","Net_H"
"361",360,0.20545,0.02415,0.04135,0.72905,"Netlogo_H_24","Net_H"
"362",361,0.20415,0.02455,0.04225,0.72905,"Netlogo_H_24","Net_H"
"363",362,0.2026,0.02435,0.04255,0.7305,"Netlogo_H_24","Net_H"
"364",363,0.20095,0.0249,0.0429,0.73125,"Netlogo_H_24","Net_H"
"365",364,0.1991,0.0252,0.04415,0.73155,"Netlogo_H_24","Net_H"
"366",365,0.1957,0.0268,0.0449,0.7326,"Netlogo_H_24","Net_H"
"367",366,0.1944,0.02715,0.0454,0.73305,"Netlogo_H_24","Net_H"
"368",367,0.1933,0.02755,0.04555,0.7336,"Netlogo_H_24","Net_H"
"369",368,0.1922,0.02805,0.04615,0.7336,"Netlogo_H_24","Net_H"
"370",369,0.19005,0.0275,0.0479,0.73455,"Netlogo_H_24","Net_H"
"371",370,0.1884,0.02705,0.049,0.73555,"Netlogo_H_24","Net_H"
"372",371,0.18665,0.02765,0.0489,0.7368,"Netlogo_H_24","Net_H"
"373",372,0.1861,0.02695,0.04945,0.7375,"Netlogo_H_24","Net_H"
"374",373,0.1845,0.0279,0.04865,0.73895,"Netlogo_H_24","Net_H"
"375",374,0.1833,0.02745,0.04885,0.7404,"Netlogo_H_24","Net_H"
"376",375,0.183,0.0262,0.0486,0.7422,"Netlogo_H_24","Net_H"
"377",376,0.1811,0.0268,0.04845,0.74365,"Netlogo_H_24","Net_H"
"378",377,0.1798,0.0258,0.0488,0.7456,"Netlogo_H_24","Net_H"
"379",378,0.17855,0.0257,0.0493,0.74645,"Netlogo_H_24","Net_H"
"380",379,0.17575,0.02745,0.04825,0.74855,"Netlogo_H_24","Net_H"
"381",380,0.1747,0.02785,0.04785,0.7496,"Netlogo_H_24","Net_H"
"382",381,0.17305,0.0268,0.04845,0.7517,"Netlogo_H_24","Net_H"
"383",382,0.171,0.02755,0.0489,0.75255,"Netlogo_H_24","Net_H"
"384",383,0.1707,0.0264,0.0493,0.7536,"Netlogo_H_24","Net_H"
"385",384,0.16945,0.02635,0.05075,0.75345,"Netlogo_H_24","Net_H"
"386",385,0.1689,0.0251,0.05085,0.75515,"Netlogo_H_24","Net_H"
"387",386,0.16735,0.0264,0.0488,0.75745,"Netlogo_H_24","Net_H"
"388",387,0.1662,0.02505,0.0486,0.76015,"Netlogo_H_24","Net_H"
"389",388,0.16615,0.0248,0.0485,0.76055,"Netlogo_H_24","Net_H"
"390",389,0.16505,0.02545,0.0478,0.7617,"Netlogo_H_24","Net_H"
"391",390,0.1639,0.02475,0.0479,0.76345,"Netlogo_H_24","Net_H"
"392",391,0.1628,0.02395,0.04745,0.7658,"Netlogo_H_24","Net_H"
"393",392,0.16175,0.0234,0.04815,0.7667,"Netlogo_H_24","Net_H"
"394",393,0.1616,0.02365,0.04705,0.7677,"Netlogo_H_24","Net_H"
"395",394,0.16095,0.02405,0.0463,0.7687,"Netlogo_H_24","Net_H"
"396",395,0.1612,0.02285,0.0463,0.76965,"Netlogo_H_24","Net_H"
"397",396,0.16195,0.0225,0.0458,0.76975,"Netlogo_H_24","Net_H"
"398",397,0.16185,0.0221,0.0448,0.77125,"Netlogo_H_24","Net_H"
"399",398,0.161,0.0223,0.04555,0.77115,"Netlogo_H_24","Net_H"
"400",399,0.1606,0.02225,0.0446,0.77255,"Netlogo_H_24","Net_H"
"401",400,0.16095,0.02185,0.0438,0.7734,"Netlogo_H_24","Net_H"
"402",401,0.1613,0.0209,0.043,0.7748,"Netlogo_H_24","Net_H"
"403",402,0.16085,0.02195,0.0418,0.7754,"Netlogo_H_24","Net_H"
"404",403,0.1611,0.0221,0.0408,0.776,"Netlogo_H_24","Net_H"
"405",404,0.1624,0.0211,0.0405,0.776,"Netlogo_H_24","Net_H"
"406",405,0.16235,0.0206,0.0415,0.77555,"Netlogo_H_24","Net_H"
"407",406,0.16245,0.02035,0.04085,0.77635,"Netlogo_H_24","Net_H"
"408",407,0.1638,0.0193,0.03995,0.77695,"Netlogo_H_24","Net_H"
"409",408,0.16545,0.01945,0.0394,0.7757,"Netlogo_H_24","Net_H"
"410",409,0.16595,0.019,0.0387,0.77635,"Netlogo_H_24","Net_H"
"411",410,0.16605,0.01915,0.03855,0.77625,"Netlogo_H_24","Net_H"
"412",411,0.16695,0.0192,0.03825,0.7756,"Netlogo_H_24","Net_H"
"413",412,0.16735,0.01885,0.03825,0.77555,"Netlogo_H_24","Net_H"
"414",413,0.1689,0.01855,0.0382,0.77435,"Netlogo_H_24","Net_H"
"415",414,0.16925,0.0192,0.038,0.77355,"Netlogo_H_24","Net_H"
"416",415,0.16935,0.0203,0.03675,0.7736,"Netlogo_H_24","Net_H"
"417",416,0.1694,0.0204,0.0365,0.7737,"Netlogo_H_24","Net_H"
"418",417,0.16885,0.02035,0.0365,0.7743,"Netlogo_H_24","Net_H"
"419",418,0.169,0.0205,0.037,0.7735,"Netlogo_H_24","Net_H"
"420",419,0.1706,0.0199,0.03655,0.77295,"Netlogo_H_24","Net_H"
"421",420,0.1712,0.0192,0.0369,0.7727,"Netlogo_H_24","Net_H"
"422",421,0.17195,0.01875,0.03665,0.77265,"Netlogo_H_24","Net_H"
"423",422,0.1724,0.01855,0.03635,0.7727,"Netlogo_H_24","Net_H"
"424",423,0.17305,0.01855,0.0368,0.7716,"Netlogo_H_24","Net_H"
"425",424,0.17355,0.01865,0.03585,0.77195,"Netlogo_H_24","Net_H"
"426",425,0.1738,0.01995,0.0358,0.77045,"Netlogo_H_24","Net_H"
"427",426,0.1742,0.02,0.0357,0.7701,"Netlogo_H_24","Net_H"
"428",427,0.17535,0.0195,0.03595,0.7692,"Netlogo_H_24","Net_H"
"429",428,0.17625,0.01925,0.03615,0.76835,"Netlogo_H_24","Net_H"
"430",429,0.17755,0.0192,0.03605,0.7672,"Netlogo_H_24","Net_H"
"431",430,0.1784,0.0193,0.03635,0.76595,"Netlogo_H_24","Net_H"
"432",431,0.1792,0.01955,0.0359,0.76535,"Netlogo_H_24","Net_H"
"433",432,0.17955,0.01865,0.03775,0.76405,"Netlogo_H_24","Net_H"
"434",433,0.1789,0.0198,0.03685,0.76445,"Netlogo_H_24","Net_H"
"435",434,0.1801,0.0197,0.0371,0.7631,"Netlogo_H_24","Net_H"
"436",435,0.17945,0.01985,0.03745,0.76325,"Netlogo_H_24","Net_H"
"437",436,0.18005,0.02085,0.0364,0.7627,"Netlogo_H_24","Net_H"
"438",437,0.1803,0.021,0.0354,0.7633,"Netlogo_H_24","Net_H"
"439",438,0.18005,0.02045,0.0353,0.7642,"Netlogo_H_24","Net_H"
"440",439,0.18065,0.02105,0.03495,0.76335,"Netlogo_H_24","Net_H"
"441",440,0.18045,0.0207,0.036,0.76285,"Netlogo_H_24","Net_H"
"442",441,0.1809,0.01995,0.03635,0.7628,"Netlogo_H_24","Net_H"
"443",442,0.1806,0.0192,0.0374,0.7628,"Netlogo_H_24","Net_H"
"444",443,0.17985,0.01975,0.0376,0.7628,"Netlogo_H_24","Net_H"
"445",444,0.18135,0.0186,0.03655,0.7635,"Netlogo_H_24","Net_H"
"446",445,0.18195,0.01805,0.03585,0.76415,"Netlogo_H_24","Net_H"
"447",446,0.18185,0.0182,0.0364,0.76355,"Netlogo_H_24","Net_H"
"448",447,0.1827,0.0191,0.0352,0.763,"Netlogo_H_24","Net_H"
"449",448,0.183,0.0186,0.03545,0.76295,"Netlogo_H_24","Net_H"
"450",449,0.18325,0.01985,0.03445,0.76245,"Netlogo_H_24","Net_H"
"451",450,0.184,0.01935,0.03455,0.7621,"Netlogo_H_24","Net_H"
"452",451,0.1853,0.01885,0.03485,0.761,"Netlogo_H_24","Net_H"
"453",452,0.1849,0.01815,0.03575,0.7612,"Netlogo_H_24","Net_H"
"454",453,0.1851,0.019,0.03485,0.76105,"Netlogo_H_24","Net_H"
"455",454,0.18525,0.0196,0.03335,0.7618,"Netlogo_H_24","Net_H"
"456",455,0.185,0.02015,0.03375,0.7611,"Netlogo_H_24","Net_H"
"457",456,0.1849,0.0213,0.03385,0.75995,"Netlogo_H_24","Net_H"
"458",457,0.18535,0.0212,0.0341,0.75935,"Netlogo_H_24","Net_H"
"459",458,0.1845,0.0219,0.03425,0.75935,"Netlogo_H_24","Net_H"
"460",459,0.18455,0.0221,0.0344,0.75895,"Netlogo_H_24","Net_H"
"461",460,0.1857,0.02145,0.03565,0.7572,"Netlogo_H_24","Net_H"
"462",461,0.18575,0.01985,0.0371,0.7573,"Netlogo_H_24","Net_H"
"463",462,0.18535,0.0208,0.0369,0.75695,"Netlogo_H_24","Net_H"
"464",463,0.18585,0.02065,0.03665,0.75685,"Netlogo_H_24","Net_H"
"465",464,0.1856,0.0205,0.0379,0.756,"Netlogo_H_24","Net_H"
"466",465,0.18565,0.0195,0.03885,0.756,"Netlogo_H_24","Net_H"
"467",466,0.18645,0.0189,0.0398,0.75485,"Netlogo_H_24","Net_H"
"468",467,0.1859,0.01945,0.0395,0.75515,"Netlogo_H_24","Net_H"
"469",468,0.18575,0.0203,0.0385,0.75545,"Netlogo_H_24","Net_H"
"470",469,0.1868,0.01965,0.0386,0.75495,"Netlogo_H_24","Net_H"
"471",470,0.18605,0.02,0.03835,0.7556,"Netlogo_H_24","Net_H"
"472",471,0.18565,0.0194,0.0396,0.75535,"Netlogo_H_24","Net_H"
"473",472,0.18525,0.02075,0.03875,0.75525,"Netlogo_H_24","Net_H"
"474",473,0.18465,0.021,0.0383,0.75605,"Netlogo_H_24","Net_H"
"475",474,0.1845,0.02075,0.0395,0.75525,"Netlogo_H_24","Net_H"
"476",475,0.1849,0.0208,0.03905,0.75525,"Netlogo_H_24","Net_H"
"477",476,0.1843,0.02175,0.03895,0.755,"Netlogo_H_24","Net_H"
"478",477,0.1845,0.0219,0.03895,0.75465,"Netlogo_H_24","Net_H"
"479",478,0.18385,0.0226,0.0387,0.75485,"Netlogo_H_24","Net_H"
"480",479,0.184,0.02265,0.03835,0.755,"Netlogo_H_24","Net_H"
"481",480,0.18305,0.0219,0.03975,0.7553,"Netlogo_H_24","Net_H"
"482",481,0.18285,0.0224,0.04075,0.754,"Netlogo_H_24","Net_H"
"483",482,0.18195,0.0222,0.04005,0.7558,"Netlogo_H_24","Net_H"
"484",483,0.18105,0.02295,0.0396,0.7564,"Netlogo_H_24","Net_H"
"485",484,0.18095,0.02285,0.04045,0.75575,"Netlogo_H_24","Net_H"
"486",485,0.18075,0.0221,0.04095,0.7562,"Netlogo_H_24","Net_H"
"487",486,0.1794,0.02335,0.04045,0.7568,"Netlogo_H_24","Net_H"
"488",487,0.1793,0.0233,0.0393,0.7581,"Netlogo_H_24","Net_H"
"489",488,0.1787,0.02245,0.04075,0.7581,"Netlogo_H_24","Net_H"
"490",489,0.17895,0.02255,0.04015,0.75835,"Netlogo_H_24","Net_H"
"491",490,0.1784,0.023,0.03995,0.75865,"Netlogo_H_24","Net_H"
"492",491,0.1777,0.02225,0.0405,0.75955,"Netlogo_H_24","Net_H"
"493",492,0.17715,0.02265,0.0401,0.7601,"Netlogo_H_24","Net_H"
"494",493,0.17745,0.02275,0.04025,0.75955,"Netlogo_H_24","Net_H"
"495",494,0.17745,0.0229,0.04115,0.7585,"Netlogo_H_24","Net_H"
"496",495,0.17605,0.02325,0.0415,0.7592,"Netlogo_H_24","Net_H"
"497",496,0.1753,0.023,0.0422,0.7595,"Netlogo_H_24","Net_H"
"498",497,0.1747,0.0228,0.0414,0.7611,"Netlogo_H_24","Net_H"
"499",498,0.17575,0.0219,0.0414,0.76095,"Netlogo_H_24","Net_H"
"500",499,0.17565,0.0212,0.04135,0.7618,"Netlogo_H_24","Net_H"
"501",500,0.17525,0.0209,0.04165,0.7622,"Netlogo_H_24","Net_H"
"502",501,0.1753,0.02095,0.04205,0.7617,"Netlogo_H_24","Net_H"
"503",502,0.17295,0.0225,0.0415,0.76305,"Netlogo_H_24","Net_H"
"504",503,0.1728,0.02315,0.0407,0.76335,"Netlogo_H_24","Net_H"
"505",504,0.1714,0.02345,0.0413,0.76385,"Netlogo_H_24","Net_H"
"506",505,0.1707,0.02375,0.04055,0.765,"Netlogo_H_24","Net_H"
"507",506,0.16985,0.0238,0.04105,0.7653,"Netlogo_H_24","Net_H"
"508",507,0.1697,0.02305,0.04105,0.7662,"Netlogo_H_24","Net_H"
"509",508,0.17055,0.0223,0.0411,0.76605,"Netlogo_H_24","Net_H"
"510",509,0.1695,0.02145,0.0415,0.76755,"Netlogo_H_24","Net_H"
"511",510,0.1686,0.0214,0.04115,0.76885,"Netlogo_H_24","Net_H"
"512",511,0.16775,0.02195,0.04,0.7703,"Netlogo_H_24","Net_H"
"513",512,0.1676,0.02115,0.0401,0.77115,"Netlogo_H_24","Net_H"
"514",513,0.167,0.02115,0.0398,0.77205,"Netlogo_H_24","Net_H"
"515",514,0.16665,0.02235,0.0385,0.7725,"Netlogo_H_24","Net_H"
"516",515,0.1675,0.0219,0.03795,0.77265,"Netlogo_H_24","Net_H"
"517",516,0.16845,0.02045,0.0391,0.772,"Netlogo_H_24","Net_H"
"518",517,0.1692,0.0194,0.0405,0.7709,"Netlogo_H_24","Net_H"
"519",518,0.17005,0.01935,0.0397,0.7709,"Netlogo_H_24","Net_H"
"520",519,0.1704,0.01835,0.0384,0.77285,"Netlogo_H_24","Net_H"
"521",520,0.17075,0.0186,0.03745,0.7732,"Netlogo_H_24","Net_H"
"522",521,0.17155,0.01815,0.0359,0.7744,"Netlogo_H_24","Net_H"
"523",522,0.17145,0.0188,0.0356,0.77415,"Netlogo_H_24","Net_H"
"524",523,0.17115,0.019,0.03555,0.7743,"Netlogo_H_24","Net_H"
"525",524,0.1715,0.0183,0.036,0.7742,"Netlogo_H_24","Net_H"
"526",525,0.1727,0.0182,0.03525,0.77385,"Netlogo_H_24","Net_H"
"527",526,0.1732,0.0175,0.03545,0.77385,"Netlogo_H_24","Net_H"
"528",527,0.17435,0.01745,0.0357,0.7725,"Netlogo_H_24","Net_H"
"529",528,0.17355,0.01955,0.03355,0.77335,"Netlogo_H_24","Net_H"
"530",529,0.17375,0.02,0.0318,0.77445,"Netlogo_H_24","Net_H"
"531",530,0.17395,0.0195,0.03255,0.774,"Netlogo_H_24","Net_H"
"532",531,0.1737,0.01925,0.03305,0.774,"Netlogo_H_24","Net_H"
"533",532,0.1743,0.0181,0.03315,0.77445,"Netlogo_H_24","Net_H"
"534",533,0.17425,0.0175,0.0341,0.77415,"Netlogo_H_24","Net_H"
"535",534,0.17475,0.01725,0.0342,0.7738,"Netlogo_H_24","Net_H"
"536",535,0.1741,0.0175,0.03405,0.77435,"Netlogo_H_24","Net_H"
"537",536,0.17485,0.0175,0.0332,0.77445,"Netlogo_H_24","Net_H"
"538",537,0.1749,0.01655,0.03375,0.7748,"Netlogo_H_24","Net_H"
"539",538,0.1756,0.0172,0.0339,0.7733,"Netlogo_H_24","Net_H"
"540",539,0.1757,0.0182,0.0329,0.7732,"Netlogo_H_24","Net_H"
"541",540,0.17665,0.0175,0.033,0.77285,"Netlogo_H_24","Net_H"
"542",541,0.1766,0.01735,0.03315,0.7729,"Netlogo_H_24","Net_H"
"543",542,0.17775,0.01595,0.03385,0.77245,"Netlogo_H_24","Net_H"
"544",543,0.1798,0.0156,0.03385,0.77075,"Netlogo_H_24","Net_H"
"545",544,0.1812,0.01595,0.03305,0.7698,"Netlogo_H_24","Net_H"
"546",545,0.18225,0.0164,0.03185,0.7695,"Netlogo_H_24","Net_H"
"547",546,0.1829,0.0173,0.0309,0.7689,"Netlogo_H_24","Net_H"
"548",547,0.18355,0.0166,0.03085,0.769,"Netlogo_H_24","Net_H"
"549",548,0.18355,0.0159,0.03065,0.7699,"Netlogo_H_24","Net_H"
"550",549,0.18335,0.01605,0.0305,0.7701,"Netlogo_H_24","Net_H"
"551",550,0.18515,0.01555,0.03065,0.76865,"Netlogo_H_24","Net_H"
"552",551,0.1856,0.0159,0.0315,0.767,"Netlogo_H_24","Net_H"
"553",552,0.1869,0.0166,0.03085,0.76565,"Netlogo_H_24","Net_H"
"554",553,0.18745,0.0169,0.0308,0.76485,"Netlogo_H_24","Net_H"
"555",554,0.18765,0.017,0.03145,0.7639,"Netlogo_H_24","Net_H"
"556",555,0.18875,0.01665,0.03155,0.76305,"Netlogo_H_24","Net_H"
"557",556,0.18805,0.0175,0.0305,0.76395,"Netlogo_H_24","Net_H"
"558",557,0.18795,0.01765,0.03015,0.76425,"Netlogo_H_24","Net_H"
"559",558,0.1892,0.0174,0.03095,0.76245,"Netlogo_H_24","Net_H"
"560",559,0.1889,0.0177,0.03065,0.76275,"Netlogo_H_24","Net_H"
"561",560,0.19075,0.017,0.031,0.76125,"Netlogo_H_24","Net_H"
"562",561,0.19115,0.018,0.03125,0.7596,"Netlogo_H_24","Net_H"
"563",562,0.1914,0.0184,0.03085,0.75935,"Netlogo_H_24","Net_H"
"564",563,0.19235,0.0186,0.03085,0.7582,"Netlogo_H_24","Net_H"
"565",564,0.1922,0.01925,0.03105,0.7575,"Netlogo_H_24","Net_H"
"566",565,0.1914,0.01985,0.03135,0.7574,"Netlogo_H_24","Net_H"
"567",566,0.19115,0.01965,0.0316,0.7576,"Netlogo_H_24","Net_H"
"568",567,0.1907,0.01975,0.03235,0.7572,"Netlogo_H_24","Net_H"
"569",568,0.19105,0.0194,0.0327,0.75685,"Netlogo_H_24","Net_H"
"570",569,0.192,0.0192,0.03335,0.75545,"Netlogo_H_24","Net_H"
"571",570,0.19175,0.0196,0.03325,0.7554,"Netlogo_H_24","Net_H"
"572",571,0.1914,0.01965,0.0338,0.75515,"Netlogo_H_24","Net_H"
"573",572,0.1916,0.01885,0.03495,0.7546,"Netlogo_H_24","Net_H"
"574",573,0.1929,0.0184,0.0354,0.7533,"Netlogo_H_24","Net_H"
"575",574,0.1925,0.01885,0.03495,0.7537,"Netlogo_H_24","Net_H"
"576",575,0.1924,0.0198,0.03455,0.75325,"Netlogo_H_24","Net_H"
"577",576,0.19235,0.02,0.0349,0.75275,"Netlogo_H_24","Net_H"
"578",577,0.19215,0.0189,0.0356,0.75335,"Netlogo_H_24","Net_H"
"579",578,0.1921,0.0188,0.0358,0.7533,"Netlogo_H_24","Net_H"
"580",579,0.1918,0.01945,0.0359,0.75285,"Netlogo_H_24","Net_H"
"581",580,0.1915,0.01955,0.0362,0.75275,"Netlogo_H_24","Net_H"
"582",581,0.19035,0.02045,0.0367,0.7525,"Netlogo_H_24","Net_H"
"583",582,0.1894,0.02185,0.03695,0.7518,"Netlogo_H_24","Net_H"
"584",583,0.18835,0.023,0.03685,0.7518,"Netlogo_H_24","Net_H"
"585",584,0.18865,0.02285,0.0374,0.7511,"Netlogo_H_24","Net_H"
"586",585,0.18885,0.02275,0.03775,0.75065,"Netlogo_H_24","Net_H"
"587",586,0.1895,0.02235,0.0379,0.75025,"Netlogo_H_24","Net_H"
"588",587,0.1878,0.02295,0.0384,0.75085,"Netlogo_H_24","Net_H"
"589",588,0.18725,0.02375,0.0392,0.7498,"Netlogo_H_24","Net_H"
"590",589,0.18755,0.02265,0.0401,0.7497,"Netlogo_H_24","Net_H"
"591",590,0.1865,0.023,0.04095,0.74955,"Netlogo_H_24","Net_H"
"592",591,0.1861,0.0228,0.04085,0.75025,"Netlogo_H_24","Net_H"
"593",592,0.18595,0.02155,0.0412,0.7513,"Netlogo_H_24","Net_H"
"594",593,0.1842,0.02285,0.0412,0.75175,"Netlogo_H_24","Net_H"
"595",594,0.18415,0.0217,0.04225,0.7519,"Netlogo_H_24","Net_H"
"596",595,0.18215,0.02255,0.04225,0.75305,"Netlogo_H_24","Net_H"
"597",596,0.18105,0.02245,0.042,0.7545,"Netlogo_H_24","Net_H"
"598",597,0.1815,0.02165,0.0412,0.75565,"Netlogo_H_24","Net_H"
"599",598,0.18175,0.0213,0.04095,0.756,"Netlogo_H_24","Net_H"
"600",599,0.18085,0.0213,0.04165,0.7562,"Netlogo_H_24","Net_H"
"601",600,0.18125,0.022,0.0408,0.75595,"Netlogo_H_24","Net_H"
"602",601,0.18205,0.0218,0.04075,0.7554,"Netlogo_H_24","Net_H"
"603",602,0.18155,0.02215,0.0395,0.7568,"Netlogo_H_24","Net_H"
"604",603,0.1808,0.02335,0.03915,0.7567,"Netlogo_H_24","Net_H"
"605",604,0.18025,0.02355,0.03925,0.75695,"Netlogo_H_24","Net_H"
"606",605,0.1793,0.02415,0.03965,0.7569,"Netlogo_H_24","Net_H"
"607",606,0.17875,0.02335,0.04035,0.75755,"Netlogo_H_24","Net_H"
"608",607,0.1789,0.0225,0.0414,0.7572,"Netlogo_H_24","Net_H"
"609",608,0.17825,0.02365,0.0408,0.7573,"Netlogo_H_24","Net_H"
"610",609,0.17905,0.0226,0.04235,0.756,"Netlogo_H_24","Net_H"
"611",610,0.1783,0.02285,0.04335,0.7555,"Netlogo_H_24","Net_H"
"612",611,0.17685,0.0241,0.04295,0.7561,"Netlogo_H_24","Net_H"
"613",612,0.17625,0.024,0.0425,0.75725,"Netlogo_H_24","Net_H"
"614",613,0.17605,0.02345,0.04295,0.75755,"Netlogo_H_24","Net_H"
"615",614,0.1757,0.02275,0.0435,0.75805,"Netlogo_H_24","Net_H"
"616",615,0.1753,0.0235,0.0432,0.758,"Netlogo_H_24","Net_H"
"617",616,0.1736,0.02405,0.04205,0.7603,"Netlogo_H_24","Net_H"
"618",617,0.17365,0.02475,0.04265,0.75895,"Netlogo_H_24","Net_H"
"619",618,0.17355,0.02445,0.04295,0.75905,"Netlogo_H_24","Net_H"
"620",619,0.172,0.0255,0.0427,0.7598,"Netlogo_H_24","Net_H"
"621",620,0.17195,0.02505,0.04275,0.76025,"Netlogo_H_24","Net_H"
"622",621,0.1715,0.0254,0.04365,0.75945,"Netlogo_H_24","Net_H"
"623",622,0.17015,0.0252,0.044,0.76065,"Netlogo_H_24","Net_H"
"624",623,0.1712,0.0251,0.0445,0.7592,"Netlogo_H_24","Net_H"
"625",624,0.1712,0.02475,0.04375,0.7603,"Netlogo_H_24","Net_H"
"626",625,0.17115,0.02485,0.0439,0.7601,"Netlogo_H_24","Net_H"
"627",626,0.17045,0.02435,0.0441,0.7611,"Netlogo_H_24","Net_H"
"628",627,0.17065,0.02345,0.0444,0.7615,"Netlogo_H_24","Net_H"
"629",628,0.1689,0.0248,0.04355,0.76275,"Netlogo_H_24","Net_H"
"630",629,0.16835,0.02415,0.04375,0.76375,"Netlogo_H_24","Net_H"
"631",630,0.1688,0.022,0.04485,0.76435,"Netlogo_H_24","Net_H"
