"","step","S","E","I","R","simu","Langage"
"1",0,0.999,0,0.001,0,"Netlogo_H_19","Net_H"
"2",1,0.9984,6e-04,0.001,0,"Netlogo_H_19","Net_H"
"3",2,0.99765,0.00135,8e-04,2e-04,"Netlogo_H_19","Net_H"
"4",3,0.9971,0.0017,0.001,2e-04,"Netlogo_H_19","Net_H"
"5",4,0.99625,0.0022,0.0013,0.00025,"Netlogo_H_19","Net_H"
"6",5,0.9951,0.003,0.00165,0.00025,"Netlogo_H_19","Net_H"
"7",6,0.99395,0.0037,0.002,0.00035,"Netlogo_H_19","Net_H"
"8",7,0.9925,0.00425,0.0027,0.00055,"Netlogo_H_19","Net_H"
"9",8,0.99085,0.0051,0.00325,8e-04,"Netlogo_H_19","Net_H"
"10",9,0.98915,0.00585,0.00385,0.00115,"Netlogo_H_19","Net_H"
"11",10,0.9864,0.0071,0.00485,0.00165,"Netlogo_H_19","Net_H"
"12",11,0.98285,0.00925,0.00565,0.00225,"Netlogo_H_19","Net_H"
"13",12,0.97915,0.0115,0.00665,0.0027,"Netlogo_H_19","Net_H"
"14",13,0.974,0.01515,0.00765,0.0032,"Netlogo_H_19","Net_H"
"15",14,0.96865,0.0178,0.00965,0.0039,"Netlogo_H_19","Net_H"
"16",15,0.962,0.02145,0.01145,0.0051,"Netlogo_H_19","Net_H"
"17",16,0.95445,0.02515,0.01405,0.00635,"Netlogo_H_19","Net_H"
"18",17,0.945,0.029,0.0184,0.0076,"Netlogo_H_19","Net_H"
"19",18,0.93175,0.0366,0.0224,0.00925,"Netlogo_H_19","Net_H"
"20",19,0.91765,0.04405,0.0275,0.0108,"Netlogo_H_19","Net_H"
"21",20,0.9027,0.0507,0.03305,0.01355,"Netlogo_H_19","Net_H"
"22",21,0.8826,0.06095,0.0403,0.01615,"Netlogo_H_19","Net_H"
"23",22,0.85695,0.0744,0.04795,0.0207,"Netlogo_H_19","Net_H"
"24",23,0.83095,0.08655,0.0565,0.026,"Netlogo_H_19","Net_H"
"25",24,0.7979,0.10225,0.06965,0.0302,"Netlogo_H_19","Net_H"
"26",25,0.75685,0.1232,0.08345,0.0365,"Netlogo_H_19","Net_H"
"27",26,0.71575,0.14125,0.09855,0.04445,"Netlogo_H_19","Net_H"
"28",27,0.66595,0.16295,0.1171,0.054,"Netlogo_H_19","Net_H"
"29",28,0.61295,0.18185,0.1393,0.0659,"Netlogo_H_19","Net_H"
"30",29,0.55635,0.2037,0.15975,0.0802,"Netlogo_H_19","Net_H"
"31",30,0.4983,0.221,0.1844,0.0963,"Netlogo_H_19","Net_H"
"32",31,0.4378,0.2361,0.21165,0.11445,"Netlogo_H_19","Net_H"
"33",32,0.3787,0.24625,0.24005,0.135,"Netlogo_H_19","Net_H"
"34",33,0.3196,0.2549,0.26485,0.16065,"Netlogo_H_19","Net_H"
"35",34,0.2639,0.25765,0.2898,0.18865,"Netlogo_H_19","Net_H"
"36",35,0.2137,0.2519,0.31745,0.21695,"Netlogo_H_19","Net_H"
"37",36,0.17325,0.23585,0.3385,0.2524,"Netlogo_H_19","Net_H"
"38",37,0.137,0.2186,0.35705,0.28735,"Netlogo_H_19","Net_H"
"39",38,0.1084,0.19745,0.3654,0.32875,"Netlogo_H_19","Net_H"
"40",39,0.085,0.173,0.3727,0.3693,"Netlogo_H_19","Net_H"
"41",40,0.0668,0.1481,0.37205,0.41305,"Netlogo_H_19","Net_H"
"42",41,0.05265,0.1277,0.36225,0.4574,"Netlogo_H_19","Net_H"
"43",42,0.042,0.1071,0.351,0.4999,"Netlogo_H_19","Net_H"
"44",43,0.03465,0.08905,0.33545,0.54085,"Netlogo_H_19","Net_H"
"45",44,0.029,0.07415,0.31605,0.5808,"Netlogo_H_19","Net_H"
"46",45,0.0245,0.06125,0.29475,0.6195,"Netlogo_H_19","Net_H"
"47",46,0.0219,0.05065,0.27405,0.6534,"Netlogo_H_19","Net_H"
"48",47,0.0199,0.04195,0.2536,0.68455,"Netlogo_H_19","Net_H"
"49",48,0.01855,0.03585,0.2317,0.7139,"Netlogo_H_19","Net_H"
"50",49,0.01785,0.0294,0.2106,0.74215,"Netlogo_H_19","Net_H"
"51",50,0.01735,0.0241,0.1913,0.76725,"Netlogo_H_19","Net_H"
"52",51,0.01815,0.0195,0.17345,0.7889,"Netlogo_H_19","Net_H"
"53",52,0.01825,0.01645,0.15625,0.80905,"Netlogo_H_19","Net_H"
"54",53,0.0196,0.0137,0.14,0.8267,"Netlogo_H_19","Net_H"
"55",54,0.02025,0.0105,0.1267,0.84255,"Netlogo_H_19","Net_H"
"56",55,0.0208,0.00975,0.1135,0.85595,"Netlogo_H_19","Net_H"
"57",56,0.02165,0.00885,0.09965,0.86985,"Netlogo_H_19","Net_H"
"58",57,0.0235,0.00845,0.08915,0.8789,"Netlogo_H_19","Net_H"
"59",58,0.02475,0.0074,0.08095,0.8869,"Netlogo_H_19","Net_H"
"60",59,0.0262,0.007,0.07235,0.89445,"Netlogo_H_19","Net_H"
"61",60,0.02765,0.0068,0.06315,0.9024,"Netlogo_H_19","Net_H"
"62",61,0.0299,0.00625,0.05585,0.908,"Netlogo_H_19","Net_H"
"63",62,0.03175,0.00585,0.05,0.9124,"Netlogo_H_19","Net_H"
"64",63,0.0332,0.0062,0.044,0.9166,"Netlogo_H_19","Net_H"
"65",64,0.0362,0.00555,0.0396,0.91865,"Netlogo_H_19","Net_H"
"66",65,0.0385,0.005,0.03605,0.92045,"Netlogo_H_19","Net_H"
"67",66,0.04075,0.00505,0.03165,0.92255,"Netlogo_H_19","Net_H"
"68",67,0.04245,0.00495,0.029,0.9236,"Netlogo_H_19","Net_H"
"69",68,0.045,0.00445,0.0266,0.92395,"Netlogo_H_19","Net_H"
"70",69,0.0472,0.00425,0.02425,0.9243,"Netlogo_H_19","Net_H"
"71",70,0.04925,0.0038,0.0218,0.92515,"Netlogo_H_19","Net_H"
"72",71,0.05215,0.003,0.0198,0.92505,"Netlogo_H_19","Net_H"
"73",72,0.05515,0.0027,0.01785,0.9243,"Netlogo_H_19","Net_H"
"74",73,0.0573,0.00255,0.01635,0.9238,"Netlogo_H_19","Net_H"
"75",74,0.05955,0.0024,0.01475,0.9233,"Netlogo_H_19","Net_H"
"76",75,0.06225,0.0025,0.0127,0.92255,"Netlogo_H_19","Net_H"
"77",76,0.0644,0.0026,0.0121,0.9209,"Netlogo_H_19","Net_H"
"78",77,0.06735,0.0024,0.0107,0.91955,"Netlogo_H_19","Net_H"
"79",78,0.06965,0.0023,0.0097,0.91835,"Netlogo_H_19","Net_H"
"80",79,0.07215,0.0023,0.00925,0.9163,"Netlogo_H_19","Net_H"
"81",80,0.07465,0.0025,0.0084,0.91445,"Netlogo_H_19","Net_H"
"82",81,0.07775,0.00225,0.00845,0.91155,"Netlogo_H_19","Net_H"
"83",82,0.08,0.0022,0.008,0.9098,"Netlogo_H_19","Net_H"
"84",83,0.0827,0.0024,0.0071,0.9078,"Netlogo_H_19","Net_H"
"85",84,0.08505,0.0022,0.00675,0.906,"Netlogo_H_19","Net_H"
"86",85,0.08775,0.00215,0.0063,0.9038,"Netlogo_H_19","Net_H"
"87",86,0.08985,0.0022,0.00635,0.9016,"Netlogo_H_19","Net_H"
"88",87,0.0931,0.0021,0.00565,0.89915,"Netlogo_H_19","Net_H"
"89",88,0.09545,0.0023,0.00515,0.8971,"Netlogo_H_19","Net_H"
"90",89,0.0979,0.00245,0.00485,0.8948,"Netlogo_H_19","Net_H"
"91",90,0.10095,0.00255,0.0045,0.892,"Netlogo_H_19","Net_H"
"92",91,0.1037,0.00275,0.0038,0.88975,"Netlogo_H_19","Net_H"
"93",92,0.1062,0.0022,0.00415,0.88745,"Netlogo_H_19","Net_H"
"94",93,0.1094,0.0023,0.0042,0.8841,"Netlogo_H_19","Net_H"
"95",94,0.1125,0.00205,0.004,0.88145,"Netlogo_H_19","Net_H"
"96",95,0.115,0.00185,0.0037,0.87945,"Netlogo_H_19","Net_H"
"97",96,0.11745,0.00165,0.0037,0.8772,"Netlogo_H_19","Net_H"
"98",97,0.12025,0.0016,0.0036,0.87455,"Netlogo_H_19","Net_H"
"99",98,0.12285,0.00175,0.00345,0.87195,"Netlogo_H_19","Net_H"
"100",99,0.12545,0.0016,0.00345,0.8695,"Netlogo_H_19","Net_H"
"101",100,0.12855,0.00115,0.0035,0.8668,"Netlogo_H_19","Net_H"
"102",101,0.1311,0.0012,0.00335,0.86435,"Netlogo_H_19","Net_H"
"103",102,0.13405,0.00145,0.00295,0.86155,"Netlogo_H_19","Net_H"
"104",103,0.13665,0.0014,0.0027,0.85925,"Netlogo_H_19","Net_H"
"105",104,0.13905,0.00165,0.00255,0.85675,"Netlogo_H_19","Net_H"
"106",105,0.14165,0.0019,0.00225,0.8542,"Netlogo_H_19","Net_H"
"107",106,0.1439,0.0017,0.00215,0.85225,"Netlogo_H_19","Net_H"
"108",107,0.1457,0.00135,0.0027,0.85025,"Netlogo_H_19","Net_H"
"109",108,0.14815,0.00155,0.0026,0.8477,"Netlogo_H_19","Net_H"
"110",109,0.15075,0.0015,0.0027,0.84505,"Netlogo_H_19","Net_H"
"111",110,0.15335,0.0012,0.00275,0.8427,"Netlogo_H_19","Net_H"
"112",111,0.1562,0.0012,0.00265,0.83995,"Netlogo_H_19","Net_H"
"113",112,0.15795,0.00135,0.00235,0.83835,"Netlogo_H_19","Net_H"
"114",113,0.16055,0.0013,0.0023,0.83585,"Netlogo_H_19","Net_H"
"115",114,0.16285,0.00135,0.00205,0.83375,"Netlogo_H_19","Net_H"
"116",115,0.16505,0.0013,0.002,0.83165,"Netlogo_H_19","Net_H"
"117",116,0.1674,0.0015,0.00175,0.82935,"Netlogo_H_19","Net_H"
"118",117,0.1695,0.0014,0.0018,0.8273,"Netlogo_H_19","Net_H"
"119",118,0.17145,0.0017,0.00175,0.8251,"Netlogo_H_19","Net_H"
"120",119,0.17375,0.0018,0.0016,0.82285,"Netlogo_H_19","Net_H"
"121",120,0.17605,0.0013,0.0022,0.82045,"Netlogo_H_19","Net_H"
"122",121,0.178,0.00145,0.0021,0.81845,"Netlogo_H_19","Net_H"
"123",122,0.18015,0.0014,0.00195,0.8165,"Netlogo_H_19","Net_H"
"124",123,0.18245,0.0014,0.0021,0.81405,"Netlogo_H_19","Net_H"
"125",124,0.1846,0.0011,0.0022,0.8121,"Netlogo_H_19","Net_H"
"126",125,0.1866,0.0012,0.002,0.8102,"Netlogo_H_19","Net_H"
"127",126,0.1885,0.0012,0.002,0.8083,"Netlogo_H_19","Net_H"
"128",127,0.1906,0.00105,0.00185,0.8065,"Netlogo_H_19","Net_H"
"129",128,0.193,0.00105,0.00195,0.804,"Netlogo_H_19","Net_H"
"130",129,0.19535,0.00075,0.0022,0.8017,"Netlogo_H_19","Net_H"
"131",130,0.19755,0.00075,0.00245,0.79925,"Netlogo_H_19","Net_H"
"132",131,0.1997,0.00125,0.0021,0.79695,"Netlogo_H_19","Net_H"
"133",132,0.20165,0.0014,0.0018,0.79515,"Netlogo_H_19","Net_H"
"134",133,0.20365,0.00115,0.00185,0.79335,"Netlogo_H_19","Net_H"
"135",134,0.20545,0.00095,0.0021,0.7915,"Netlogo_H_19","Net_H"
"136",135,0.20695,0.00105,0.00205,0.78995,"Netlogo_H_19","Net_H"
"137",136,0.20935,0.0012,0.00185,0.7876,"Netlogo_H_19","Net_H"
"138",137,0.2114,0.00125,0.00155,0.7858,"Netlogo_H_19","Net_H"
"139",138,0.21385,0.0011,0.0017,0.78335,"Netlogo_H_19","Net_H"
"140",139,0.21565,0.00115,0.002,0.7812,"Netlogo_H_19","Net_H"
"141",140,0.21775,0.0011,0.00205,0.7791,"Netlogo_H_19","Net_H"
"142",141,0.22,0.00085,0.00235,0.7768,"Netlogo_H_19","Net_H"
"143",142,0.22205,0.00095,0.00245,0.77455,"Netlogo_H_19","Net_H"
"144",143,0.22405,0.0015,0.0022,0.77225,"Netlogo_H_19","Net_H"
"145",144,0.22645,0.00155,0.0021,0.7699,"Netlogo_H_19","Net_H"
"146",145,0.22895,0.0014,0.0024,0.76725,"Netlogo_H_19","Net_H"
"147",146,0.2312,0.0012,0.0025,0.7651,"Netlogo_H_19","Net_H"
"148",147,0.23405,0.001,0.00245,0.7625,"Netlogo_H_19","Net_H"
"149",148,0.2356,0.00105,0.0024,0.76095,"Netlogo_H_19","Net_H"
"150",149,0.23735,0.00095,0.00245,0.75925,"Netlogo_H_19","Net_H"
"151",150,0.23945,0.0013,0.0024,0.75685,"Netlogo_H_19","Net_H"
"152",151,0.24145,0.00165,0.0025,0.7544,"Netlogo_H_19","Net_H"
"153",152,0.2434,0.0017,0.0023,0.7526,"Netlogo_H_19","Net_H"
"154",153,0.24515,0.0016,0.00235,0.7509,"Netlogo_H_19","Net_H"
"155",154,0.24705,0.00165,0.00245,0.74885,"Netlogo_H_19","Net_H"
"156",155,0.2491,0.0018,0.00265,0.74645,"Netlogo_H_19","Net_H"
"157",156,0.251,0.0018,0.0026,0.7446,"Netlogo_H_19","Net_H"
"158",157,0.2528,0.0015,0.0026,0.7431,"Netlogo_H_19","Net_H"
"159",158,0.2548,0.0015,0.0028,0.7409,"Netlogo_H_19","Net_H"
"160",159,0.25715,0.00145,0.00275,0.73865,"Netlogo_H_19","Net_H"
"161",160,0.25825,0.00195,0.00265,0.73715,"Netlogo_H_19","Net_H"
"162",161,0.25985,0.00215,0.0028,0.7352,"Netlogo_H_19","Net_H"
"163",162,0.26085,0.00255,0.0029,0.7337,"Netlogo_H_19","Net_H"
"164",163,0.26215,0.00245,0.0031,0.7323,"Netlogo_H_19","Net_H"
"165",164,0.26365,0.0025,0.0032,0.73065,"Netlogo_H_19","Net_H"
"166",165,0.26545,0.00265,0.00345,0.72845,"Netlogo_H_19","Net_H"
"167",166,0.26715,0.00335,0.00365,0.72585,"Netlogo_H_19","Net_H"
"168",167,0.2691,0.00315,0.004,0.72375,"Netlogo_H_19","Net_H"
"169",168,0.27045,0.0034,0.0043,0.72185,"Netlogo_H_19","Net_H"
"170",169,0.272,0.0034,0.0047,0.7199,"Netlogo_H_19","Net_H"
"171",170,0.2733,0.0034,0.00495,0.71835,"Netlogo_H_19","Net_H"
"172",171,0.27405,0.00385,0.00485,0.71725,"Netlogo_H_19","Net_H"
"173",172,0.275,0.0038,0.0052,0.716,"Netlogo_H_19","Net_H"
"174",173,0.27665,0.00355,0.00575,0.71405,"Netlogo_H_19","Net_H"
"175",174,0.27825,0.004,0.00615,0.7116,"Netlogo_H_19","Net_H"
"176",175,0.2788,0.00435,0.00645,0.7104,"Netlogo_H_19","Net_H"
"177",176,0.2799,0.00475,0.00605,0.7093,"Netlogo_H_19","Net_H"
"178",177,0.281,0.00495,0.0062,0.70785,"Netlogo_H_19","Net_H"
"179",178,0.2814,0.0051,0.00675,0.70675,"Netlogo_H_19","Net_H"
"180",179,0.28175,0.00605,0.0068,0.7054,"Netlogo_H_19","Net_H"
"181",180,0.28325,0.00635,0.0069,0.7035,"Netlogo_H_19","Net_H"
"182",181,0.28425,0.00655,0.00755,0.70165,"Netlogo_H_19","Net_H"
"183",182,0.2846,0.00675,0.0079,0.70075,"Netlogo_H_19","Net_H"
"184",183,0.28515,0.0069,0.00865,0.6993,"Netlogo_H_19","Net_H"
"185",184,0.28475,0.00745,0.0089,0.6989,"Netlogo_H_19","Net_H"
"186",185,0.28495,0.0077,0.0096,0.69775,"Netlogo_H_19","Net_H"
"187",186,0.285,0.0082,0.0102,0.6966,"Netlogo_H_19","Net_H"
"188",187,0.28555,0.0085,0.01045,0.6955,"Netlogo_H_19","Net_H"
"189",188,0.2861,0.0079,0.01145,0.69455,"Netlogo_H_19","Net_H"
"190",189,0.28535,0.0087,0.0123,0.69365,"Netlogo_H_19","Net_H"
"191",190,0.2838,0.0107,0.0126,0.6929,"Netlogo_H_19","Net_H"
"192",191,0.28415,0.0111,0.01345,0.6913,"Netlogo_H_19","Net_H"
"193",192,0.2833,0.0117,0.0139,0.6911,"Netlogo_H_19","Net_H"
"194",193,0.28225,0.01175,0.0153,0.6907,"Netlogo_H_19","Net_H"
"195",194,0.28165,0.0127,0.0159,0.68975,"Netlogo_H_19","Net_H"
"196",195,0.2806,0.0131,0.01705,0.68925,"Netlogo_H_19","Net_H"
"197",196,0.2784,0.0146,0.01775,0.68925,"Netlogo_H_19","Net_H"
"198",197,0.27645,0.0147,0.0192,0.68965,"Netlogo_H_19","Net_H"
"199",198,0.2756,0.01455,0.0197,0.69015,"Netlogo_H_19","Net_H"
"200",199,0.274,0.0141,0.02135,0.69055,"Netlogo_H_19","Net_H"
"201",200,0.27155,0.01655,0.02115,0.69075,"Netlogo_H_19","Net_H"
"202",201,0.27085,0.01605,0.02275,0.69035,"Netlogo_H_19","Net_H"
"203",202,0.2685,0.01725,0.024,0.69025,"Netlogo_H_19","Net_H"
"204",203,0.26605,0.01885,0.02435,0.69075,"Netlogo_H_19","Net_H"
"205",204,0.2625,0.02015,0.0253,0.69205,"Netlogo_H_19","Net_H"
"206",205,0.2613,0.02015,0.0264,0.69215,"Netlogo_H_19","Net_H"
"207",206,0.25795,0.02125,0.027,0.6938,"Netlogo_H_19","Net_H"
"208",207,0.2543,0.0223,0.0284,0.695,"Netlogo_H_19","Net_H"
"209",208,0.25115,0.0227,0.03,0.69615,"Netlogo_H_19","Net_H"
"210",209,0.24835,0.0232,0.0307,0.69775,"Netlogo_H_19","Net_H"
"211",210,0.2459,0.0231,0.03175,0.69925,"Netlogo_H_19","Net_H"
"212",211,0.24285,0.0227,0.0348,0.69965,"Netlogo_H_19","Net_H"
"213",212,0.2389,0.0233,0.0361,0.7017,"Netlogo_H_19","Net_H"
"214",213,0.23535,0.02445,0.03725,0.70295,"Netlogo_H_19","Net_H"
"215",214,0.23145,0.026,0.0374,0.70515,"Netlogo_H_19","Net_H"
"216",215,0.2283,0.02665,0.03835,0.7067,"Netlogo_H_19","Net_H"
"217",216,0.22495,0.0262,0.0394,0.70945,"Netlogo_H_19","Net_H"
"218",217,0.2213,0.0264,0.0409,0.7114,"Netlogo_H_19","Net_H"
"219",218,0.2172,0.0265,0.04175,0.71455,"Netlogo_H_19","Net_H"
"220",219,0.2146,0.02585,0.04405,0.7155,"Netlogo_H_19","Net_H"
"221",220,0.20995,0.02705,0.04545,0.71755,"Netlogo_H_19","Net_H"
"222",221,0.20615,0.0274,0.04605,0.7204,"Netlogo_H_19","Net_H"
"223",222,0.2021,0.02805,0.0461,0.72375,"Netlogo_H_19","Net_H"
"224",223,0.19805,0.02765,0.0465,0.7278,"Netlogo_H_19","Net_H"
"225",224,0.19455,0.02695,0.0478,0.7307,"Netlogo_H_19","Net_H"
"226",225,0.1918,0.02735,0.0475,0.73335,"Netlogo_H_19","Net_H"
"227",226,0.18685,0.0279,0.0478,0.73745,"Netlogo_H_19","Net_H"
"228",227,0.1833,0.0283,0.04875,0.73965,"Netlogo_H_19","Net_H"
"229",228,0.18055,0.02825,0.049,0.7422,"Netlogo_H_19","Net_H"
"230",229,0.17755,0.0285,0.049,0.74495,"Netlogo_H_19","Net_H"
"231",230,0.17405,0.0288,0.04955,0.7476,"Netlogo_H_19","Net_H"
"232",231,0.17055,0.0292,0.0494,0.75085,"Netlogo_H_19","Net_H"
"233",232,0.1656,0.0296,0.05025,0.75455,"Netlogo_H_19","Net_H"
"234",233,0.16195,0.02875,0.05085,0.75845,"Netlogo_H_19","Net_H"
"235",234,0.1589,0.02785,0.05205,0.7612,"Netlogo_H_19","Net_H"
"236",235,0.1563,0.02715,0.05235,0.7642,"Netlogo_H_19","Net_H"
"237",236,0.15355,0.02655,0.0522,0.7677,"Netlogo_H_19","Net_H"
"238",237,0.152,0.02585,0.0512,0.77095,"Netlogo_H_19","Net_H"
"239",238,0.14945,0.0254,0.0502,0.77495,"Netlogo_H_19","Net_H"
"240",239,0.1473,0.02455,0.05015,0.778,"Netlogo_H_19","Net_H"
"241",240,0.14595,0.02345,0.0501,0.7805,"Netlogo_H_19","Net_H"
"242",241,0.14475,0.02245,0.0486,0.7842,"Netlogo_H_19","Net_H"
"243",242,0.14265,0.02215,0.0478,0.7874,"Netlogo_H_19","Net_H"
"244",243,0.1412,0.0225,0.04705,0.78925,"Netlogo_H_19","Net_H"
"245",244,0.13965,0.02305,0.0456,0.7917,"Netlogo_H_19","Net_H"
"246",245,0.1385,0.0223,0.0459,0.7933,"Netlogo_H_19","Net_H"
"247",246,0.13875,0.0202,0.0456,0.79545,"Netlogo_H_19","Net_H"
"248",247,0.13905,0.01975,0.04525,0.79595,"Netlogo_H_19","Net_H"
"249",248,0.1389,0.01895,0.0444,0.79775,"Netlogo_H_19","Net_H"
"250",249,0.1395,0.0182,0.04255,0.79975,"Netlogo_H_19","Net_H"
"251",250,0.13915,0.01885,0.04145,0.80055,"Netlogo_H_19","Net_H"
"252",251,0.14015,0.0176,0.03995,0.8023,"Netlogo_H_19","Net_H"
"253",252,0.13945,0.0164,0.04015,0.804,"Netlogo_H_19","Net_H"
"254",253,0.13885,0.01715,0.0387,0.8053,"Netlogo_H_19","Net_H"
"255",254,0.13855,0.0175,0.0371,0.80685,"Netlogo_H_19","Net_H"
"256",255,0.1384,0.01725,0.0361,0.80825,"Netlogo_H_19","Net_H"
"257",256,0.13855,0.01675,0.03675,0.80795,"Netlogo_H_19","Net_H"
"258",257,0.13975,0.0171,0.03615,0.807,"Netlogo_H_19","Net_H"
"259",258,0.13945,0.0172,0.0347,0.80865,"Netlogo_H_19","Net_H"
"260",259,0.1401,0.01625,0.03455,0.8091,"Netlogo_H_19","Net_H"
"261",260,0.14085,0.01545,0.0347,0.809,"Netlogo_H_19","Net_H"
"262",261,0.1413,0.01535,0.0338,0.80955,"Netlogo_H_19","Net_H"
"263",262,0.1413,0.0157,0.03285,0.81015,"Netlogo_H_19","Net_H"
"264",263,0.14245,0.01555,0.03185,0.81015,"Netlogo_H_19","Net_H"
"265",264,0.1435,0.015,0.03145,0.81005,"Netlogo_H_19","Net_H"
"266",265,0.1439,0.0158,0.03025,0.81005,"Netlogo_H_19","Net_H"
"267",266,0.1443,0.0158,0.0298,0.8101,"Netlogo_H_19","Net_H"
"268",267,0.14515,0.01485,0.0302,0.8098,"Netlogo_H_19","Net_H"
"269",268,0.1468,0.01425,0.03055,0.8084,"Netlogo_H_19","Net_H"
"270",269,0.1483,0.01375,0.0294,0.80855,"Netlogo_H_19","Net_H"
"271",270,0.14925,0.0137,0.0296,0.80745,"Netlogo_H_19","Net_H"
"272",271,0.1504,0.0136,0.02935,0.80665,"Netlogo_H_19","Net_H"
"273",272,0.1507,0.01325,0.02975,0.8063,"Netlogo_H_19","Net_H"
"274",273,0.15125,0.01495,0.0283,0.8055,"Netlogo_H_19","Net_H"
"275",274,0.15165,0.0156,0.02665,0.8061,"Netlogo_H_19","Net_H"
"276",275,0.1524,0.01485,0.02705,0.8057,"Netlogo_H_19","Net_H"
"277",276,0.15355,0.01395,0.02795,0.80455,"Netlogo_H_19","Net_H"
"278",277,0.15435,0.01395,0.02715,0.80455,"Netlogo_H_19","Net_H"
"279",278,0.15585,0.0133,0.0267,0.80415,"Netlogo_H_19","Net_H"
"280",279,0.1581,0.01335,0.0257,0.80285,"Netlogo_H_19","Net_H"
"281",280,0.15865,0.01315,0.02555,0.80265,"Netlogo_H_19","Net_H"
"282",281,0.1606,0.0132,0.02525,0.80095,"Netlogo_H_19","Net_H"
"283",282,0.1625,0.0129,0.0249,0.7997,"Netlogo_H_19","Net_H"
"284",283,0.16375,0.01255,0.02515,0.79855,"Netlogo_H_19","Net_H"
"285",284,0.16485,0.01345,0.02385,0.79785,"Netlogo_H_19","Net_H"
"286",285,0.16635,0.0133,0.0238,0.79655,"Netlogo_H_19","Net_H"
"287",286,0.16735,0.0131,0.02365,0.7959,"Netlogo_H_19","Net_H"
"288",287,0.1696,0.01335,0.02295,0.7941,"Netlogo_H_19","Net_H"
"289",288,0.17065,0.0131,0.02335,0.7929,"Netlogo_H_19","Net_H"
"290",289,0.17315,0.0122,0.0234,0.79125,"Netlogo_H_19","Net_H"
"291",290,0.17445,0.01195,0.02325,0.79035,"Netlogo_H_19","Net_H"
"292",291,0.1763,0.0115,0.0236,0.7886,"Netlogo_H_19","Net_H"
"293",292,0.17765,0.0119,0.0236,0.78685,"Netlogo_H_19","Net_H"
"294",293,0.17745,0.0129,0.024,0.78565,"Netlogo_H_19","Net_H"
"295",294,0.1795,0.0134,0.0233,0.7838,"Netlogo_H_19","Net_H"
"296",295,0.18125,0.0121,0.02395,0.7827,"Netlogo_H_19","Net_H"
"297",296,0.18245,0.01255,0.02385,0.78115,"Netlogo_H_19","Net_H"
"298",297,0.18345,0.01385,0.0232,0.7795,"Netlogo_H_19","Net_H"
"299",298,0.18465,0.0138,0.0238,0.77775,"Netlogo_H_19","Net_H"
"300",299,0.1865,0.013,0.024,0.7765,"Netlogo_H_19","Net_H"
"301",300,0.18905,0.0128,0.0242,0.77395,"Netlogo_H_19","Net_H"
"302",301,0.1901,0.01285,0.02455,0.7725,"Netlogo_H_19","Net_H"
"303",302,0.19105,0.01355,0.0242,0.7712,"Netlogo_H_19","Net_H"
"304",303,0.192,0.0138,0.024,0.7702,"Netlogo_H_19","Net_H"
"305",304,0.1929,0.01475,0.024,0.76835,"Netlogo_H_19","Net_H"
"306",305,0.1937,0.01465,0.0247,0.76695,"Netlogo_H_19","Net_H"
"307",306,0.19415,0.0154,0.02435,0.7661,"Netlogo_H_19","Net_H"
"308",307,0.19545,0.0157,0.0244,0.76445,"Netlogo_H_19","Net_H"
"309",308,0.1963,0.0144,0.026,0.7633,"Netlogo_H_19","Net_H"
"310",309,0.19655,0.0149,0.02605,0.7625,"Netlogo_H_19","Net_H"
"311",310,0.1974,0.01505,0.0261,0.76145,"Netlogo_H_19","Net_H"
"312",311,0.1981,0.01515,0.02595,0.7608,"Netlogo_H_19","Net_H"
"313",312,0.19755,0.0159,0.026,0.76055,"Netlogo_H_19","Net_H"
"314",313,0.19895,0.01495,0.02625,0.75985,"Netlogo_H_19","Net_H"
"315",314,0.19965,0.01495,0.0263,0.7591,"Netlogo_H_19","Net_H"
"316",315,0.20025,0.01645,0.0258,0.7575,"Netlogo_H_19","Net_H"
"317",316,0.20205,0.01585,0.0256,0.7565,"Netlogo_H_19","Net_H"
"318",317,0.20275,0.01595,0.02615,0.75515,"Netlogo_H_19","Net_H"
"319",318,0.20395,0.0161,0.02615,0.7538,"Netlogo_H_19","Net_H"
"320",319,0.2051,0.0159,0.02705,0.75195,"Netlogo_H_19","Net_H"
"321",320,0.20675,0.01555,0.0276,0.7501,"Netlogo_H_19","Net_H"
"322",321,0.2074,0.015,0.0283,0.7493,"Netlogo_H_19","Net_H"
"323",322,0.2079,0.0154,0.02835,0.74835,"Netlogo_H_19","Net_H"
"324",323,0.2076,0.01635,0.02815,0.7479,"Netlogo_H_19","Net_H"
"325",324,0.209,0.01715,0.0271,0.74675,"Netlogo_H_19","Net_H"
"326",325,0.2099,0.0163,0.0271,0.7467,"Netlogo_H_19","Net_H"
"327",326,0.21105,0.0164,0.02765,0.7449,"Netlogo_H_19","Net_H"
"328",327,0.21155,0.01685,0.02775,0.74385,"Netlogo_H_19","Net_H"
"329",328,0.21075,0.01725,0.0288,0.7432,"Netlogo_H_19","Net_H"
"330",329,0.21085,0.0178,0.0291,0.74225,"Netlogo_H_19","Net_H"
"331",330,0.2107,0.01825,0.02935,0.7417,"Netlogo_H_19","Net_H"
"332",331,0.21185,0.0169,0.03075,0.7405,"Netlogo_H_19","Net_H"
"333",332,0.2118,0.0188,0.03025,0.73915,"Netlogo_H_19","Net_H"
"334",333,0.21255,0.0188,0.03055,0.7381,"Netlogo_H_19","Net_H"
"335",334,0.2116,0.01925,0.03175,0.7374,"Netlogo_H_19","Net_H"
"336",335,0.21,0.02035,0.03215,0.7375,"Netlogo_H_19","Net_H"
"337",336,0.21035,0.02055,0.0335,0.7356,"Netlogo_H_19","Net_H"
"338",337,0.21065,0.0211,0.03395,0.7343,"Netlogo_H_19","Net_H"
"339",338,0.20985,0.02225,0.03395,0.73395,"Netlogo_H_19","Net_H"
"340",339,0.2088,0.0224,0.0346,0.7342,"Netlogo_H_19","Net_H"
"341",340,0.20755,0.02245,0.03595,0.73405,"Netlogo_H_19","Net_H"
"342",341,0.20615,0.02395,0.03635,0.73355,"Netlogo_H_19","Net_H"
"343",342,0.2053,0.02425,0.03675,0.7337,"Netlogo_H_19","Net_H"
"344",343,0.20285,0.0243,0.0377,0.73515,"Netlogo_H_19","Net_H"
"345",344,0.20075,0.02525,0.03795,0.73605,"Netlogo_H_19","Net_H"
"346",345,0.1998,0.02505,0.03935,0.7358,"Netlogo_H_19","Net_H"
"347",346,0.19905,0.0259,0.03995,0.7351,"Netlogo_H_19","Net_H"
"348",347,0.1986,0.025,0.0408,0.7356,"Netlogo_H_19","Net_H"
"349",348,0.1976,0.0245,0.0427,0.7352,"Netlogo_H_19","Net_H"
"350",349,0.19565,0.0248,0.04245,0.7371,"Netlogo_H_19","Net_H"
"351",350,0.19345,0.02495,0.04415,0.73745,"Netlogo_H_19","Net_H"
"352",351,0.1925,0.0267,0.0435,0.7373,"Netlogo_H_19","Net_H"
"353",352,0.19055,0.0264,0.0445,0.73855,"Netlogo_H_19","Net_H"
"354",353,0.18885,0.02795,0.04475,0.73845,"Netlogo_H_19","Net_H"
"355",354,0.1867,0.0284,0.0451,0.7398,"Netlogo_H_19","Net_H"
"356",355,0.18475,0.02885,0.04525,0.74115,"Netlogo_H_19","Net_H"
"357",356,0.18375,0.0277,0.04685,0.7417,"Netlogo_H_19","Net_H"
"358",357,0.18205,0.02865,0.04725,0.74205,"Netlogo_H_19","Net_H"
"359",358,0.18025,0.0283,0.0483,0.74315,"Netlogo_H_19","Net_H"
"360",359,0.1784,0.0292,0.04785,0.74455,"Netlogo_H_19","Net_H"
"361",360,0.17795,0.0287,0.0479,0.74545,"Netlogo_H_19","Net_H"
"362",361,0.17625,0.0281,0.04975,0.7459,"Netlogo_H_19","Net_H"
"363",362,0.17335,0.0288,0.0505,0.74735,"Netlogo_H_19","Net_H"
"364",363,0.1726,0.028,0.0517,0.7477,"Netlogo_H_19","Net_H"
"365",364,0.17165,0.0274,0.05285,0.7481,"Netlogo_H_19","Net_H"
"366",365,0.1699,0.02765,0.05245,0.75,"Netlogo_H_19","Net_H"
"367",366,0.1687,0.02685,0.05345,0.751,"Netlogo_H_19","Net_H"
"368",367,0.1665,0.0283,0.05255,0.75265,"Netlogo_H_19","Net_H"
"369",368,0.1658,0.02805,0.0524,0.75375,"Netlogo_H_19","Net_H"
"370",369,0.16425,0.02765,0.05085,0.75725,"Netlogo_H_19","Net_H"
"371",370,0.16435,0.02645,0.0514,0.7578,"Netlogo_H_19","Net_H"
"372",371,0.1644,0.025,0.0517,0.7589,"Netlogo_H_19","Net_H"
"373",372,0.16365,0.02585,0.05,0.7605,"Netlogo_H_19","Net_H"
"374",373,0.16315,0.026,0.04975,0.7611,"Netlogo_H_19","Net_H"
"375",374,0.163,0.0256,0.04955,0.76185,"Netlogo_H_19","Net_H"
"376",375,0.1617,0.02605,0.04995,0.7623,"Netlogo_H_19","Net_H"
"377",376,0.1604,0.0275,0.0487,0.7634,"Netlogo_H_19","Net_H"
"378",377,0.16055,0.0269,0.04755,0.765,"Netlogo_H_19","Net_H"
"379",378,0.1605,0.0251,0.0485,0.7659,"Netlogo_H_19","Net_H"
"380",379,0.16045,0.0247,0.048,0.76685,"Netlogo_H_19","Net_H"
"381",380,0.16075,0.02385,0.04735,0.76805,"Netlogo_H_19","Net_H"
"382",381,0.1592,0.0249,0.04635,0.76955,"Netlogo_H_19","Net_H"
"383",382,0.15855,0.02425,0.0467,0.7705,"Netlogo_H_19","Net_H"
"384",383,0.15785,0.0244,0.04595,0.7718,"Netlogo_H_19","Net_H"
"385",384,0.1569,0.0249,0.04455,0.77365,"Netlogo_H_19","Net_H"
"386",385,0.15785,0.0236,0.04445,0.7741,"Netlogo_H_19","Net_H"
"387",386,0.1571,0.0224,0.0447,0.7758,"Netlogo_H_19","Net_H"
"388",387,0.15675,0.0218,0.0443,0.77715,"Netlogo_H_19","Net_H"
"389",388,0.15755,0.0208,0.0436,0.77805,"Netlogo_H_19","Net_H"
"390",389,0.1569,0.0215,0.04215,0.77945,"Netlogo_H_19","Net_H"
"391",390,0.15715,0.021,0.04225,0.7796,"Netlogo_H_19","Net_H"
"392",391,0.15635,0.02125,0.0418,0.7806,"Netlogo_H_19","Net_H"
"393",392,0.15725,0.0206,0.0421,0.78005,"Netlogo_H_19","Net_H"
"394",393,0.1575,0.0208,0.04105,0.78065,"Netlogo_H_19","Net_H"
"395",394,0.1592,0.0195,0.04045,0.78085,"Netlogo_H_19","Net_H"
"396",395,0.16,0.01945,0.03995,0.7806,"Netlogo_H_19","Net_H"
"397",396,0.1609,0.0188,0.0391,0.7812,"Netlogo_H_19","Net_H"
"398",397,0.16235,0.01795,0.03985,0.77985,"Netlogo_H_19","Net_H"
"399",398,0.1626,0.01885,0.03945,0.7791,"Netlogo_H_19","Net_H"
"400",399,0.1644,0.01875,0.03805,0.7788,"Netlogo_H_19","Net_H"
"401",400,0.16535,0.01835,0.03665,0.77965,"Netlogo_H_19","Net_H"
"402",401,0.16665,0.01735,0.03715,0.77885,"Netlogo_H_19","Net_H"
"403",402,0.1678,0.0173,0.03715,0.77775,"Netlogo_H_19","Net_H"
"404",403,0.16825,0.0185,0.0354,0.77785,"Netlogo_H_19","Net_H"
"405",404,0.1679,0.01855,0.03505,0.7785,"Netlogo_H_19","Net_H"
"406",405,0.16935,0.0188,0.0339,0.77795,"Netlogo_H_19","Net_H"
"407",406,0.171,0.0187,0.03425,0.77605,"Netlogo_H_19","Net_H"
"408",407,0.17265,0.01835,0.0345,0.7745,"Netlogo_H_19","Net_H"
"409",408,0.1736,0.01815,0.03515,0.7731,"Netlogo_H_19","Net_H"
"410",409,0.1748,0.0187,0.03435,0.77215,"Netlogo_H_19","Net_H"
"411",410,0.1748,0.01825,0.034,0.77295,"Netlogo_H_19","Net_H"
"412",411,0.17545,0.018,0.03475,0.7718,"Netlogo_H_19","Net_H"
"413",412,0.177,0.0183,0.03485,0.76985,"Netlogo_H_19","Net_H"
"414",413,0.1778,0.01785,0.03475,0.7696,"Netlogo_H_19","Net_H"
"415",414,0.17785,0.01775,0.03565,0.76875,"Netlogo_H_19","Net_H"
"416",415,0.1785,0.01775,0.0353,0.76845,"Netlogo_H_19","Net_H"
"417",416,0.17935,0.0174,0.03455,0.7687,"Netlogo_H_19","Net_H"
"418",417,0.17905,0.01775,0.03525,0.76795,"Netlogo_H_19","Net_H"
"419",418,0.1798,0.0184,0.0343,0.7675,"Netlogo_H_19","Net_H"
"420",419,0.1786,0.02015,0.03345,0.7678,"Netlogo_H_19","Net_H"
"421",420,0.1783,0.02025,0.03355,0.7679,"Netlogo_H_19","Net_H"
"422",421,0.17905,0.02025,0.034,0.7667,"Netlogo_H_19","Net_H"
"423",422,0.1788,0.02,0.03455,0.76665,"Netlogo_H_19","Net_H"
"424",423,0.1796,0.02005,0.0335,0.76685,"Netlogo_H_19","Net_H"
"425",424,0.1783,0.01935,0.03325,0.7691,"Netlogo_H_19","Net_H"
"426",425,0.1779,0.019,0.03385,0.76925,"Netlogo_H_19","Net_H"
"427",426,0.178,0.0198,0.0333,0.7689,"Netlogo_H_19","Net_H"
"428",427,0.1782,0.0194,0.03375,0.76865,"Netlogo_H_19","Net_H"
"429",428,0.17855,0.01795,0.03485,0.76865,"Netlogo_H_19","Net_H"
"430",429,0.17925,0.01815,0.03525,0.76735,"Netlogo_H_19","Net_H"
"431",430,0.1804,0.01845,0.03495,0.7662,"Netlogo_H_19","Net_H"
"432",431,0.1809,0.0179,0.0355,0.7657,"Netlogo_H_19","Net_H"
"433",432,0.1809,0.01805,0.0355,0.76555,"Netlogo_H_19","Net_H"
"434",433,0.18245,0.0177,0.0358,0.76405,"Netlogo_H_19","Net_H"
"435",434,0.1838,0.0183,0.0349,0.763,"Netlogo_H_19","Net_H"
"436",435,0.18395,0.01975,0.03465,0.76165,"Netlogo_H_19","Net_H"
"437",436,0.18415,0.0198,0.0348,0.76125,"Netlogo_H_19","Net_H"
"438",437,0.1845,0.01915,0.03525,0.7611,"Netlogo_H_19","Net_H"
"439",438,0.18415,0.019,0.03515,0.7617,"Netlogo_H_19","Net_H"
"440",439,0.18355,0.0189,0.0354,0.76215,"Netlogo_H_19","Net_H"
"441",440,0.1843,0.0203,0.0344,0.761,"Netlogo_H_19","Net_H"
"442",441,0.184,0.0212,0.03455,0.76025,"Netlogo_H_19","Net_H"
"443",442,0.1842,0.02055,0.0355,0.75975,"Netlogo_H_19","Net_H"
"444",443,0.1848,0.0192,0.0354,0.7606,"Netlogo_H_19","Net_H"
"445",444,0.18375,0.0188,0.0368,0.76065,"Netlogo_H_19","Net_H"
"446",445,0.1839,0.01965,0.036,0.76045,"Netlogo_H_19","Net_H"
"447",446,0.185,0.0192,0.03615,0.75965,"Netlogo_H_19","Net_H"
"448",447,0.18585,0.0187,0.0358,0.75965,"Netlogo_H_19","Net_H"
"449",448,0.1861,0.01905,0.03555,0.7593,"Netlogo_H_19","Net_H"
"450",449,0.1868,0.0191,0.0362,0.7579,"Netlogo_H_19","Net_H"
"451",450,0.18695,0.01935,0.0362,0.7575,"Netlogo_H_19","Net_H"
"452",451,0.18695,0.01965,0.03605,0.75735,"Netlogo_H_19","Net_H"
"453",452,0.1865,0.02015,0.0359,0.75745,"Netlogo_H_19","Net_H"
"454",453,0.18605,0.02055,0.03685,0.75655,"Netlogo_H_19","Net_H"
"455",454,0.1863,0.02025,0.03815,0.7553,"Netlogo_H_19","Net_H"
"456",455,0.187,0.01965,0.0367,0.75665,"Netlogo_H_19","Net_H"
"457",456,0.18605,0.0212,0.036,0.75675,"Netlogo_H_19","Net_H"
"458",457,0.18615,0.02015,0.03705,0.75665,"Netlogo_H_19","Net_H"
"459",458,0.1864,0.01965,0.0375,0.75645,"Netlogo_H_19","Net_H"
"460",459,0.1853,0.0206,0.0371,0.757,"Netlogo_H_19","Net_H"
"461",460,0.1844,0.02095,0.03665,0.758,"Netlogo_H_19","Net_H"
"462",461,0.1843,0.02035,0.03625,0.7591,"Netlogo_H_19","Net_H"
"463",462,0.184,0.0209,0.03555,0.75955,"Netlogo_H_19","Net_H"
"464",463,0.18485,0.02075,0.03575,0.75865,"Netlogo_H_19","Net_H"
"465",464,0.18535,0.0216,0.03535,0.7577,"Netlogo_H_19","Net_H"
"466",465,0.18355,0.02175,0.0364,0.7583,"Netlogo_H_19","Net_H"
"467",466,0.1824,0.02295,0.03695,0.7577,"Netlogo_H_19","Net_H"
"468",467,0.18365,0.0213,0.03695,0.7581,"Netlogo_H_19","Net_H"
"469",468,0.18245,0.02035,0.0384,0.7588,"Netlogo_H_19","Net_H"
"470",469,0.182,0.02035,0.03885,0.7588,"Netlogo_H_19","Net_H"
"471",470,0.18145,0.0203,0.0388,0.75945,"Netlogo_H_19","Net_H"
"472",471,0.1808,0.0205,0.0391,0.7596,"Netlogo_H_19","Net_H"
"473",472,0.1793,0.0204,0.03965,0.76065,"Netlogo_H_19","Net_H"
"474",473,0.1798,0.02035,0.03875,0.7611,"Netlogo_H_19","Net_H"
"475",474,0.18015,0.0196,0.03945,0.7608,"Netlogo_H_19","Net_H"
"476",475,0.1794,0.0208,0.0398,0.76,"Netlogo_H_19","Net_H"
"477",476,0.17905,0.02165,0.0386,0.7607,"Netlogo_H_19","Net_H"
"478",477,0.18085,0.02065,0.0398,0.7587,"Netlogo_H_19","Net_H"
"479",478,0.18055,0.0206,0.0395,0.75935,"Netlogo_H_19","Net_H"
"480",479,0.1806,0.0211,0.03875,0.75955,"Netlogo_H_19","Net_H"
"481",480,0.17945,0.0216,0.03855,0.7604,"Netlogo_H_19","Net_H"
"482",481,0.17775,0.02205,0.0393,0.7609,"Netlogo_H_19","Net_H"
"483",482,0.1775,0.02225,0.0396,0.76065,"Netlogo_H_19","Net_H"
"484",483,0.1776,0.0204,0.0412,0.7608,"Netlogo_H_19","Net_H"
"485",484,0.17675,0.0217,0.0397,0.76185,"Netlogo_H_19","Net_H"
"486",485,0.1772,0.02125,0.0391,0.76245,"Netlogo_H_19","Net_H"
"487",486,0.17695,0.0215,0.03905,0.7625,"Netlogo_H_19","Net_H"
"488",487,0.17645,0.02185,0.0384,0.7633,"Netlogo_H_19","Net_H"
"489",488,0.1761,0.0222,0.0391,0.7626,"Netlogo_H_19","Net_H"
"490",489,0.17525,0.023,0.03965,0.7621,"Netlogo_H_19","Net_H"
"491",490,0.17345,0.02375,0.0393,0.7635,"Netlogo_H_19","Net_H"
"492",491,0.173,0.0239,0.0395,0.7636,"Netlogo_H_19","Net_H"
"493",492,0.1735,0.0233,0.04035,0.76285,"Netlogo_H_19","Net_H"
"494",493,0.17325,0.02255,0.04105,0.76315,"Netlogo_H_19","Net_H"
"495",494,0.17255,0.02335,0.0412,0.7629,"Netlogo_H_19","Net_H"
"496",495,0.17205,0.02435,0.04065,0.76295,"Netlogo_H_19","Net_H"
"497",496,0.17145,0.0242,0.0409,0.76345,"Netlogo_H_19","Net_H"
"498",497,0.1721,0.02365,0.041,0.76325,"Netlogo_H_19","Net_H"
"499",498,0.172,0.0228,0.04105,0.76415,"Netlogo_H_19","Net_H"
"500",499,0.17185,0.02165,0.0425,0.764,"Netlogo_H_19","Net_H"
"501",500,0.17275,0.02185,0.04165,0.76375,"Netlogo_H_19","Net_H"
"502",501,0.17225,0.0229,0.04135,0.7635,"Netlogo_H_19","Net_H"
"503",502,0.1723,0.0232,0.0404,0.7641,"Netlogo_H_19","Net_H"
"504",503,0.1716,0.02295,0.0398,0.76565,"Netlogo_H_19","Net_H"
"505",504,0.1721,0.02235,0.0395,0.76605,"Netlogo_H_19","Net_H"
"506",505,0.1727,0.02155,0.0404,0.76535,"Netlogo_H_19","Net_H"
"507",506,0.17305,0.02075,0.04005,0.76615,"Netlogo_H_19","Net_H"
"508",507,0.1726,0.02135,0.04015,0.7659,"Netlogo_H_19","Net_H"
"509",508,0.17205,0.0214,0.04,0.76655,"Netlogo_H_19","Net_H"
"510",509,0.17215,0.02095,0.0395,0.7674,"Netlogo_H_19","Net_H"
"511",510,0.1719,0.0212,0.039,0.7679,"Netlogo_H_19","Net_H"
"512",511,0.1718,0.02155,0.0388,0.76785,"Netlogo_H_19","Net_H"
"513",512,0.17275,0.02065,0.0387,0.7679,"Netlogo_H_19","Net_H"
"514",513,0.17205,0.0214,0.038,0.76855,"Netlogo_H_19","Net_H"
"515",514,0.1722,0.0209,0.03805,0.76885,"Netlogo_H_19","Net_H"
"516",515,0.17295,0.02065,0.03765,0.76875,"Netlogo_H_19","Net_H"
"517",516,0.1732,0.021,0.0372,0.7686,"Netlogo_H_19","Net_H"
"518",517,0.1731,0.02245,0.03695,0.7675,"Netlogo_H_19","Net_H"
"519",518,0.17335,0.0215,0.03755,0.7676,"Netlogo_H_19","Net_H"
"520",519,0.1751,0.02065,0.03805,0.7662,"Netlogo_H_19","Net_H"
"521",520,0.17435,0.02055,0.03935,0.76575,"Netlogo_H_19","Net_H"
"522",521,0.17325,0.02195,0.03845,0.76635,"Netlogo_H_19","Net_H"
"523",522,0.1725,0.02195,0.0384,0.76715,"Netlogo_H_19","Net_H"
"524",523,0.17175,0.02165,0.0393,0.7673,"Netlogo_H_19","Net_H"
"525",524,0.1732,0.021,0.0404,0.7654,"Netlogo_H_19","Net_H"
"526",525,0.1717,0.0221,0.03945,0.76675,"Netlogo_H_19","Net_H"
"527",526,0.17155,0.02265,0.03885,0.76695,"Netlogo_H_19","Net_H"
"528",527,0.1715,0.0211,0.03975,0.76765,"Netlogo_H_19","Net_H"
"529",528,0.17065,0.022,0.0397,0.76765,"Netlogo_H_19","Net_H"
"530",529,0.1706,0.02235,0.0385,0.76855,"Netlogo_H_19","Net_H"
"531",530,0.1713,0.02065,0.03915,0.7689,"Netlogo_H_19","Net_H"
"532",531,0.17205,0.02075,0.03885,0.76835,"Netlogo_H_19","Net_H"
"533",532,0.17075,0.02185,0.03755,0.76985,"Netlogo_H_19","Net_H"
"534",533,0.17095,0.0215,0.03825,0.7693,"Netlogo_H_19","Net_H"
"535",534,0.1716,0.0209,0.0385,0.769,"Netlogo_H_19","Net_H"
"536",535,0.1722,0.01955,0.03925,0.769,"Netlogo_H_19","Net_H"
"537",536,0.1723,0.01955,0.0395,0.76865,"Netlogo_H_19","Net_H"
"538",537,0.17085,0.021,0.0394,0.76875,"Netlogo_H_19","Net_H"
"539",538,0.1713,0.0215,0.03815,0.76905,"Netlogo_H_19","Net_H"
"540",539,0.17215,0.02065,0.0375,0.7697,"Netlogo_H_19","Net_H"
"541",540,0.17245,0.02005,0.038,0.7695,"Netlogo_H_19","Net_H"
"542",541,0.17235,0.01955,0.03875,0.76935,"Netlogo_H_19","Net_H"
"543",542,0.1747,0.0194,0.03915,0.76675,"Netlogo_H_19","Net_H"
"544",543,0.173,0.02055,0.0379,0.76855,"Netlogo_H_19","Net_H"
"545",544,0.1738,0.0203,0.0381,0.7678,"Netlogo_H_19","Net_H"
"546",545,0.17325,0.02025,0.03805,0.76845,"Netlogo_H_19","Net_H"
"547",546,0.1741,0.02035,0.0372,0.76835,"Netlogo_H_19","Net_H"
"548",547,0.1737,0.02065,0.03685,0.7688,"Netlogo_H_19","Net_H"
"549",548,0.1736,0.02075,0.03685,0.7688,"Netlogo_H_19","Net_H"
"550",549,0.17245,0.02075,0.0369,0.7699,"Netlogo_H_19","Net_H"
"551",550,0.1732,0.02005,0.03825,0.7685,"Netlogo_H_19","Net_H"
"552",551,0.17245,0.0202,0.03875,0.7686,"Netlogo_H_19","Net_H"
"553",552,0.17345,0.02115,0.03825,0.76715,"Netlogo_H_19","Net_H"
"554",553,0.17265,0.02145,0.03875,0.76715,"Netlogo_H_19","Net_H"
"555",554,0.1718,0.0217,0.0395,0.767,"Netlogo_H_19","Net_H"
"556",555,0.17105,0.02195,0.0401,0.7669,"Netlogo_H_19","Net_H"
"557",556,0.17085,0.02155,0.04005,0.76755,"Netlogo_H_19","Net_H"
"558",557,0.1707,0.0213,0.03985,0.76815,"Netlogo_H_19","Net_H"
"559",558,0.17025,0.0218,0.04045,0.7675,"Netlogo_H_19","Net_H"
"560",559,0.1699,0.0222,0.03985,0.76805,"Netlogo_H_19","Net_H"
"561",560,0.17055,0.0208,0.0403,0.76835,"Netlogo_H_19","Net_H"
"562",561,0.1711,0.0209,0.0401,0.7679,"Netlogo_H_19","Net_H"
"563",562,0.17135,0.02115,0.03995,0.76755,"Netlogo_H_19","Net_H"
"564",563,0.17185,0.0205,0.0393,0.76835,"Netlogo_H_19","Net_H"
"565",564,0.1725,0.0205,0.0388,0.7682,"Netlogo_H_19","Net_H"
"566",565,0.17275,0.0201,0.03905,0.7681,"Netlogo_H_19","Net_H"
"567",566,0.17435,0.0201,0.0387,0.76685,"Netlogo_H_19","Net_H"
"568",567,0.17395,0.02075,0.0387,0.7666,"Netlogo_H_19","Net_H"
"569",568,0.1746,0.02155,0.03855,0.7653,"Netlogo_H_19","Net_H"
"570",569,0.17495,0.0217,0.03855,0.7648,"Netlogo_H_19","Net_H"
"571",570,0.1748,0.02165,0.0391,0.76445,"Netlogo_H_19","Net_H"
"572",571,0.1753,0.02135,0.0393,0.76405,"Netlogo_H_19","Net_H"
"573",572,0.17655,0.0216,0.03865,0.7632,"Netlogo_H_19","Net_H"
"574",573,0.1769,0.02065,0.03925,0.7632,"Netlogo_H_19","Net_H"
"575",574,0.1782,0.0196,0.03955,0.76265,"Netlogo_H_19","Net_H"
"576",575,0.1776,0.02055,0.0392,0.76265,"Netlogo_H_19","Net_H"
"577",576,0.17615,0.022,0.0385,0.76335,"Netlogo_H_19","Net_H"
"578",577,0.17455,0.02295,0.0381,0.7644,"Netlogo_H_19","Net_H"
"579",578,0.17565,0.02185,0.03875,0.76375,"Netlogo_H_19","Net_H"
"580",579,0.1763,0.02155,0.039,0.76315,"Netlogo_H_19","Net_H"
"581",580,0.17705,0.0219,0.0397,0.76135,"Netlogo_H_19","Net_H"
"582",581,0.17675,0.0214,0.04075,0.7611,"Netlogo_H_19","Net_H"
"583",582,0.17725,0.0204,0.041,0.76135,"Netlogo_H_19","Net_H"
"584",583,0.17645,0.0208,0.04065,0.7621,"Netlogo_H_19","Net_H"
"585",584,0.1764,0.02015,0.03955,0.7639,"Netlogo_H_19","Net_H"
"586",585,0.1771,0.0206,0.03925,0.76305,"Netlogo_H_19","Net_H"
"587",586,0.17735,0.0206,0.0388,0.76325,"Netlogo_H_19","Net_H"
"588",587,0.17845,0.0201,0.03955,0.7619,"Netlogo_H_19","Net_H"
"589",588,0.17865,0.0205,0.03855,0.7623,"Netlogo_H_19","Net_H"
"590",589,0.17845,0.0208,0.0385,0.76225,"Netlogo_H_19","Net_H"
"591",590,0.1787,0.0209,0.0386,0.7618,"Netlogo_H_19","Net_H"
"592",591,0.1779,0.02055,0.0392,0.76235,"Netlogo_H_19","Net_H"
"593",592,0.1787,0.02015,0.03865,0.7625,"Netlogo_H_19","Net_H"
"594",593,0.17855,0.0198,0.0394,0.76225,"Netlogo_H_19","Net_H"
"595",594,0.1785,0.0204,0.03925,0.76185,"Netlogo_H_19","Net_H"
"596",595,0.1782,0.02,0.03875,0.76305,"Netlogo_H_19","Net_H"
"597",596,0.1776,0.02,0.03895,0.76345,"Netlogo_H_19","Net_H"
"598",597,0.17755,0.02115,0.0384,0.7629,"Netlogo_H_19","Net_H"
"599",598,0.17755,0.0216,0.0372,0.76365,"Netlogo_H_19","Net_H"
"600",599,0.1782,0.0216,0.03665,0.76355,"Netlogo_H_19","Net_H"
"601",600,0.1785,0.0209,0.03745,0.76315,"Netlogo_H_19","Net_H"
"602",601,0.1793,0.02055,0.03725,0.7629,"Netlogo_H_19","Net_H"
"603",602,0.1788,0.0215,0.0375,0.7622,"Netlogo_H_19","Net_H"
"604",603,0.1784,0.0218,0.0376,0.7622,"Netlogo_H_19","Net_H"
"605",604,0.1785,0.0226,0.0375,0.7614,"Netlogo_H_19","Net_H"
"606",605,0.1789,0.02245,0.0371,0.76155,"Netlogo_H_19","Net_H"
"607",606,0.1799,0.02175,0.03755,0.7608,"Netlogo_H_19","Net_H"
"608",607,0.17985,0.0225,0.0367,0.76095,"Netlogo_H_19","Net_H"
"609",608,0.18035,0.0216,0.03695,0.7611,"Netlogo_H_19","Net_H"
"610",609,0.1808,0.0207,0.0383,0.7602,"Netlogo_H_19","Net_H"
"611",610,0.1809,0.02105,0.0383,0.75975,"Netlogo_H_19","Net_H"
"612",611,0.1806,0.0213,0.03835,0.75975,"Netlogo_H_19","Net_H"
"613",612,0.1801,0.0218,0.03825,0.75985,"Netlogo_H_19","Net_H"
"614",613,0.1806,0.02145,0.03935,0.7586,"Netlogo_H_19","Net_H"
"615",614,0.18125,0.0217,0.0391,0.75795,"Netlogo_H_19","Net_H"
"616",615,0.18095,0.0212,0.03985,0.758,"Netlogo_H_19","Net_H"
"617",616,0.1818,0.02045,0.04015,0.7576,"Netlogo_H_19","Net_H"
"618",617,0.18255,0.0207,0.0392,0.75755,"Netlogo_H_19","Net_H"
"619",618,0.18335,0.0205,0.0384,0.75775,"Netlogo_H_19","Net_H"
"620",619,0.1837,0.01965,0.0392,0.75745,"Netlogo_H_19","Net_H"
"621",620,0.1836,0.01995,0.0391,0.75735,"Netlogo_H_19","Net_H"
"622",621,0.1849,0.0207,0.03785,0.75655,"Netlogo_H_19","Net_H"
"623",622,0.18455,0.02085,0.0386,0.756,"Netlogo_H_19","Net_H"
"624",623,0.18465,0.02155,0.0384,0.7554,"Netlogo_H_19","Net_H"
"625",624,0.1841,0.02165,0.03865,0.7556,"Netlogo_H_19","Net_H"
"626",625,0.18425,0.022,0.03845,0.7553,"Netlogo_H_19","Net_H"
"627",626,0.18405,0.02185,0.0386,0.7555,"Netlogo_H_19","Net_H"
"628",627,0.18365,0.0233,0.0377,0.75535,"Netlogo_H_19","Net_H"
"629",628,0.1853,0.02145,0.03825,0.755,"Netlogo_H_19","Net_H"
"630",629,0.1848,0.02175,0.0383,0.75515,"Netlogo_H_19","Net_H"
