"","step","S","E","I","R","simu","Langage"
"1",0,0.999,0,0.001,0,"Netlogo_H_30","Net_H"
"2",1,0.9986,4e-04,0.001,0,"Netlogo_H_30","Net_H"
"3",2,0.9979,0.0011,0.00085,0.00015,"Netlogo_H_30","Net_H"
"4",3,0.9972,0.00165,0.00085,3e-04,"Netlogo_H_30","Net_H"
"5",4,0.99655,0.002,0.00095,5e-04,"Netlogo_H_30","Net_H"
"6",5,0.9958,0.0025,0.0011,6e-04,"Netlogo_H_30","Net_H"
"7",6,0.9949,0.00285,0.0015,0.00075,"Netlogo_H_30","Net_H"
"8",7,0.9937,0.00335,0.00195,0.001,"Netlogo_H_30","Net_H"
"9",8,0.99205,0.0044,0.00245,0.0011,"Netlogo_H_30","Net_H"
"10",9,0.9901,0.00535,0.0034,0.00115,"Netlogo_H_30","Net_H"
"11",10,0.9882,0.00675,0.0035,0.00155,"Netlogo_H_30","Net_H"
"12",11,0.9858,0.0081,0.00405,0.00205,"Netlogo_H_30","Net_H"
"13",12,0.98335,0.009,0.0051,0.00255,"Netlogo_H_30","Net_H"
"14",13,0.98005,0.01075,0.0062,0.003,"Netlogo_H_30","Net_H"
"15",14,0.97565,0.01265,0.0081,0.0036,"Netlogo_H_30","Net_H"
"16",15,0.9707,0.01505,0.0101,0.00415,"Netlogo_H_30","Net_H"
"17",16,0.9631,0.01975,0.01235,0.0048,"Netlogo_H_30","Net_H"
"18",17,0.95395,0.026,0.01375,0.0063,"Netlogo_H_30","Net_H"
"19",18,0.94435,0.0307,0.01755,0.0074,"Netlogo_H_30","Net_H"
"20",19,0.9307,0.0391,0.0206,0.0096,"Netlogo_H_30","Net_H"
"21",20,0.9161,0.04545,0.02665,0.0118,"Netlogo_H_30","Net_H"
"22",21,0.8996,0.05345,0.0327,0.01425,"Netlogo_H_30","Net_H"
"23",22,0.88055,0.063,0.0393,0.01715,"Netlogo_H_30","Net_H"
"24",23,0.85665,0.0748,0.04725,0.0213,"Netlogo_H_30","Net_H"
"25",24,0.82845,0.0886,0.0568,0.02615,"Netlogo_H_30","Net_H"
"26",25,0.7975,0.1013,0.06945,0.03175,"Netlogo_H_30","Net_H"
"27",26,0.7589,0.1209,0.0818,0.0384,"Netlogo_H_30","Net_H"
"28",27,0.71895,0.13655,0.0968,0.0477,"Netlogo_H_30","Net_H"
"29",28,0.67165,0.157,0.1137,0.05765,"Netlogo_H_30","Net_H"
"30",29,0.61975,0.17775,0.1335,0.069,"Netlogo_H_30","Net_H"
"31",30,0.5647,0.19625,0.1568,0.08225,"Netlogo_H_30","Net_H"
"32",31,0.50565,0.2164,0.1791,0.09885,"Netlogo_H_30","Net_H"
"33",32,0.44465,0.2359,0.2017,0.11775,"Netlogo_H_30","Net_H"
"34",33,0.3849,0.2461,0.2298,0.1392,"Netlogo_H_30","Net_H"
"35",34,0.3263,0.251,0.2616,0.1611,"Netlogo_H_30","Net_H"
"36",35,0.27115,0.25125,0.28795,0.18965,"Netlogo_H_30","Net_H"
"37",36,0.2232,0.24375,0.3116,0.22145,"Netlogo_H_30","Net_H"
"38",37,0.17705,0.23715,0.3303,0.2555,"Netlogo_H_30","Net_H"
"39",38,0.1417,0.2202,0.3475,0.2906,"Netlogo_H_30","Net_H"
"40",39,0.11295,0.19675,0.3609,0.3294,"Netlogo_H_30","Net_H"
"41",40,0.08835,0.1738,0.3667,0.37115,"Netlogo_H_30","Net_H"
"42",41,0.0693,0.1519,0.36655,0.41225,"Netlogo_H_30","Net_H"
"43",42,0.05535,0.1286,0.35985,0.4562,"Netlogo_H_30","Net_H"
"44",43,0.04375,0.10955,0.34635,0.50035,"Netlogo_H_30","Net_H"
"45",44,0.0357,0.0903,0.33245,0.54155,"Netlogo_H_30","Net_H"
"46",45,0.02995,0.0758,0.31485,0.5794,"Netlogo_H_30","Net_H"
"47",46,0.02535,0.06335,0.2961,0.6152,"Netlogo_H_30","Net_H"
"48",47,0.02275,0.0528,0.274,0.65045,"Netlogo_H_30","Net_H"
"49",48,0.0211,0.04315,0.25225,0.6835,"Netlogo_H_30","Net_H"
"50",49,0.0202,0.03495,0.2307,0.71415,"Netlogo_H_30","Net_H"
"51",50,0.01915,0.02975,0.21065,0.74045,"Netlogo_H_30","Net_H"
"52",51,0.01965,0.02455,0.19065,0.76515,"Netlogo_H_30","Net_H"
"53",52,0.0191,0.0209,0.17395,0.78605,"Netlogo_H_30","Net_H"
"54",53,0.0193,0.0175,0.1554,0.8078,"Netlogo_H_30","Net_H"
"55",54,0.0202,0.01475,0.1408,0.82425,"Netlogo_H_30","Net_H"
"56",55,0.02225,0.0121,0.1265,0.83915,"Netlogo_H_30","Net_H"
"57",56,0.0223,0.01055,0.1133,0.85385,"Netlogo_H_30","Net_H"
"58",57,0.02315,0.0093,0.1015,0.86605,"Netlogo_H_30","Net_H"
"59",58,0.0247,0.00825,0.09085,0.8762,"Netlogo_H_30","Net_H"
"60",59,0.0262,0.0075,0.0811,0.8852,"Netlogo_H_30","Net_H"
"61",60,0.0273,0.00655,0.0728,0.89335,"Netlogo_H_30","Net_H"
"62",61,0.0289,0.0068,0.06345,0.90085,"Netlogo_H_30","Net_H"
"63",62,0.03095,0.00615,0.05575,0.90715,"Netlogo_H_30","Net_H"
"64",63,0.03275,0.00615,0.04895,0.91215,"Netlogo_H_30","Net_H"
"65",64,0.0351,0.00525,0.0446,0.91505,"Netlogo_H_30","Net_H"
"66",65,0.03725,0.0047,0.0394,0.91865,"Netlogo_H_30","Net_H"
"67",66,0.0388,0.00505,0.03505,0.9211,"Netlogo_H_30","Net_H"
"68",67,0.041,0.00525,0.0303,0.92345,"Netlogo_H_30","Net_H"
"69",68,0.04395,0.00505,0.02725,0.92375,"Netlogo_H_30","Net_H"
"70",69,0.0458,0.0042,0.0249,0.9251,"Netlogo_H_30","Net_H"
"71",70,0.0484,0.0041,0.02235,0.92515,"Netlogo_H_30","Net_H"
"72",71,0.05145,0.00395,0.01965,0.92495,"Netlogo_H_30","Net_H"
"73",72,0.05475,0.0035,0.01735,0.9244,"Netlogo_H_30","Net_H"
"74",73,0.0574,0.00355,0.01595,0.9231,"Netlogo_H_30","Net_H"
"75",74,0.05965,0.0037,0.0143,0.92235,"Netlogo_H_30","Net_H"
"76",75,0.06215,0.00325,0.0129,0.9217,"Netlogo_H_30","Net_H"
"77",76,0.06435,0.00305,0.01215,0.92045,"Netlogo_H_30","Net_H"
"78",77,0.0676,0.00255,0.01135,0.9185,"Netlogo_H_30","Net_H"
"79",78,0.0699,0.0021,0.0106,0.9174,"Netlogo_H_30","Net_H"
"80",79,0.073,0.00185,0.0094,0.91575,"Netlogo_H_30","Net_H"
"81",80,0.0758,0.0017,0.00875,0.91375,"Netlogo_H_30","Net_H"
"82",81,0.0784,0.00135,0.00805,0.9122,"Netlogo_H_30","Net_H"
"83",82,0.0811,0.0014,0.00725,0.91025,"Netlogo_H_30","Net_H"
"84",83,0.08405,0.00125,0.0063,0.9084,"Netlogo_H_30","Net_H"
"85",84,0.08735,0.00095,0.00615,0.90555,"Netlogo_H_30","Net_H"
"86",85,0.09035,0.0012,0.0052,0.90325,"Netlogo_H_30","Net_H"
"87",86,0.093,0.0012,0.0047,0.9011,"Netlogo_H_30","Net_H"
"88",87,0.0958,0.00125,0.00435,0.8986,"Netlogo_H_30","Net_H"
"89",88,0.0985,0.0015,0.0039,0.8961,"Netlogo_H_30","Net_H"
"90",89,0.1011,0.00165,0.00325,0.894,"Netlogo_H_30","Net_H"
"91",90,0.10375,0.00135,0.0033,0.8916,"Netlogo_H_30","Net_H"
"92",91,0.1066,0.0012,0.0033,0.8889,"Netlogo_H_30","Net_H"
"93",92,0.10975,0.00125,0.00305,0.88595,"Netlogo_H_30","Net_H"
"94",93,0.11205,0.0011,0.0029,0.88395,"Netlogo_H_30","Net_H"
"95",94,0.1148,0.00095,0.00275,0.8815,"Netlogo_H_30","Net_H"
"96",95,0.11715,0.00085,0.0025,0.8795,"Netlogo_H_30","Net_H"
"97",96,0.1203,0.00085,0.0024,0.87645,"Netlogo_H_30","Net_H"
"98",97,0.123,0.00095,0.00235,0.8737,"Netlogo_H_30","Net_H"
"99",98,0.1252,0.00105,0.0019,0.87185,"Netlogo_H_30","Net_H"
"100",99,0.128,0.00095,0.0018,0.86925,"Netlogo_H_30","Net_H"
"101",100,0.1302,0.00085,0.0016,0.86735,"Netlogo_H_30","Net_H"
"102",101,0.13245,9e-04,0.00155,0.8651,"Netlogo_H_30","Net_H"
"103",102,0.13485,7e-04,0.00155,0.8629,"Netlogo_H_30","Net_H"
"104",103,0.1374,0.00055,0.0017,0.86035,"Netlogo_H_30","Net_H"
"105",104,0.1405,5e-04,0.0016,0.8574,"Netlogo_H_30","Net_H"
"106",105,0.14305,0.00055,0.0015,0.8549,"Netlogo_H_30","Net_H"
"107",106,0.1458,7e-04,0.00125,0.85225,"Netlogo_H_30","Net_H"
"108",107,0.1482,0.00085,0.00115,0.8498,"Netlogo_H_30","Net_H"
"109",108,0.1511,6e-04,0.0013,0.847,"Netlogo_H_30","Net_H"
"110",109,0.1533,0.00075,0.00135,0.8446,"Netlogo_H_30","Net_H"
"111",110,0.15545,0.00085,0.00135,0.84235,"Netlogo_H_30","Net_H"
"112",111,0.15755,0.00095,0.00125,0.84025,"Netlogo_H_30","Net_H"
"113",112,0.15985,9e-04,0.00115,0.8381,"Netlogo_H_30","Net_H"
"114",113,0.1619,0.00085,0.0012,0.83605,"Netlogo_H_30","Net_H"
"115",114,0.1636,8e-04,0.0014,0.8342,"Netlogo_H_30","Net_H"
"116",115,0.1656,8e-04,0.00145,0.83215,"Netlogo_H_30","Net_H"
"117",116,0.1677,7e-04,0.00155,0.83005,"Netlogo_H_30","Net_H"
"118",117,0.1702,4e-04,0.0018,0.8276,"Netlogo_H_30","Net_H"
"119",118,0.1721,0.00035,0.0017,0.82585,"Netlogo_H_30","Net_H"
"120",119,0.1746,4e-04,0.0015,0.8235,"Netlogo_H_30","Net_H"
"121",120,0.1766,0.00055,0.00135,0.8215,"Netlogo_H_30","Net_H"
"122",121,0.17875,7e-04,0.00125,0.8193,"Netlogo_H_30","Net_H"
"123",122,0.18055,0.00065,0.00115,0.81765,"Netlogo_H_30","Net_H"
"124",123,0.1829,0.00055,0.0012,0.81535,"Netlogo_H_30","Net_H"
"125",124,0.1852,5e-04,0.00135,0.81295,"Netlogo_H_30","Net_H"
"126",125,0.1873,0.00065,0.0012,0.81085,"Netlogo_H_30","Net_H"
"127",126,0.18995,7e-04,0.00115,0.8082,"Netlogo_H_30","Net_H"
"128",127,0.1916,0.00055,0.00125,0.8066,"Netlogo_H_30","Net_H"
"129",128,0.19415,0.00065,0.00135,0.80385,"Netlogo_H_30","Net_H"
"130",129,0.19665,7e-04,0.00115,0.8015,"Netlogo_H_30","Net_H"
"131",130,0.1984,0.00075,0.0012,0.79965,"Netlogo_H_30","Net_H"
"132",131,0.2005,8e-04,0.00115,0.79755,"Netlogo_H_30","Net_H"
"133",132,0.20205,8e-04,0.00105,0.7961,"Netlogo_H_30","Net_H"
"134",133,0.2037,9e-04,0.00125,0.79415,"Netlogo_H_30","Net_H"
"135",134,0.20615,0.001,0.0011,0.79175,"Netlogo_H_30","Net_H"
"136",135,0.20815,8e-04,0.00145,0.7896,"Netlogo_H_30","Net_H"
"137",136,0.21005,0.00115,0.0013,0.7875,"Netlogo_H_30","Net_H"
"138",137,0.2121,0.00125,0.00125,0.7854,"Netlogo_H_30","Net_H"
"139",138,0.2138,0.0011,0.00145,0.78365,"Netlogo_H_30","Net_H"
"140",139,0.2157,0.0011,0.00145,0.78175,"Netlogo_H_30","Net_H"
"141",140,0.2172,0.0011,0.0014,0.7803,"Netlogo_H_30","Net_H"
"142",141,0.2191,0.001,0.0013,0.7786,"Netlogo_H_30","Net_H"
"143",142,0.2214,0.00075,0.0015,0.77635,"Netlogo_H_30","Net_H"
"144",143,0.2235,8e-04,0.0015,0.7742,"Netlogo_H_30","Net_H"
"145",144,0.2253,0.00075,0.0016,0.77235,"Netlogo_H_30","Net_H"
"146",145,0.22735,0.00065,0.0017,0.7703,"Netlogo_H_30","Net_H"
"147",146,0.2289,0.00075,0.00165,0.7687,"Netlogo_H_30","Net_H"
"148",147,0.23115,9e-04,0.00165,0.7663,"Netlogo_H_30","Net_H"
"149",148,0.2336,0.00095,0.00165,0.7638,"Netlogo_H_30","Net_H"
"150",149,0.23525,0.00125,0.00165,0.76185,"Netlogo_H_30","Net_H"
"151",150,0.2368,0.00125,0.0017,0.76025,"Netlogo_H_30","Net_H"
"152",151,0.2388,0.00095,0.00185,0.7584,"Netlogo_H_30","Net_H"
"153",152,0.24115,0.00075,0.0019,0.7562,"Netlogo_H_30","Net_H"
"154",153,0.24285,0.00065,0.00205,0.75445,"Netlogo_H_30","Net_H"
"155",154,0.2444,9e-04,0.002,0.7527,"Netlogo_H_30","Net_H"
"156",155,0.24625,0.00105,0.00195,0.75075,"Netlogo_H_30","Net_H"
"157",156,0.24795,0.0013,0.00215,0.7486,"Netlogo_H_30","Net_H"
"158",157,0.2496,0.0015,0.0021,0.7468,"Netlogo_H_30","Net_H"
"159",158,0.25195,0.00165,0.00215,0.74425,"Netlogo_H_30","Net_H"
"160",159,0.25365,0.0018,0.00215,0.7424,"Netlogo_H_30","Net_H"
"161",160,0.25535,0.0016,0.0024,0.74065,"Netlogo_H_30","Net_H"
"162",161,0.257,0.00195,0.0025,0.73855,"Netlogo_H_30","Net_H"
"163",162,0.2592,0.0019,0.0025,0.7364,"Netlogo_H_30","Net_H"
"164",163,0.2609,0.0017,0.0026,0.7348,"Netlogo_H_30","Net_H"
"165",164,0.26225,0.0019,0.00255,0.7333,"Netlogo_H_30","Net_H"
"166",165,0.2645,0.0018,0.0026,0.7311,"Netlogo_H_30","Net_H"
"167",166,0.2664,0.0018,0.00265,0.72915,"Netlogo_H_30","Net_H"
"168",167,0.2672,0.00175,0.0028,0.72825,"Netlogo_H_30","Net_H"
"169",168,0.26875,0.00175,0.0028,0.7267,"Netlogo_H_30","Net_H"
"170",169,0.27035,0.002,0.0028,0.72485,"Netlogo_H_30","Net_H"
"171",170,0.2722,0.00205,0.00285,0.7229,"Netlogo_H_30","Net_H"
"172",171,0.2733,0.0024,0.0029,0.7214,"Netlogo_H_30","Net_H"
"173",172,0.27435,0.0027,0.0032,0.71975,"Netlogo_H_30","Net_H"
"174",173,0.27545,0.0027,0.0036,0.71825,"Netlogo_H_30","Net_H"
"175",174,0.2773,0.00265,0.004,0.71605,"Netlogo_H_30","Net_H"
"176",175,0.2786,0.00265,0.00405,0.7147,"Netlogo_H_30","Net_H"
"177",176,0.2799,0.0029,0.0041,0.7131,"Netlogo_H_30","Net_H"
"178",177,0.2815,0.00315,0.0041,0.71125,"Netlogo_H_30","Net_H"
"179",178,0.28215,0.0038,0.00445,0.7096,"Netlogo_H_30","Net_H"
"180",179,0.28335,0.0042,0.00435,0.7081,"Netlogo_H_30","Net_H"
"181",180,0.2854,0.0037,0.00515,0.70575,"Netlogo_H_30","Net_H"
"182",181,0.28615,0.0038,0.00545,0.7046,"Netlogo_H_30","Net_H"
"183",182,0.28725,0.0042,0.00555,0.703,"Netlogo_H_30","Net_H"
"184",183,0.2878,0.0045,0.0061,0.7016,"Netlogo_H_30","Net_H"
"185",184,0.2887,0.00465,0.00635,0.7003,"Netlogo_H_30","Net_H"
"186",185,0.2891,0.00515,0.00655,0.6992,"Netlogo_H_30","Net_H"
"187",186,0.28965,0.00515,0.00715,0.69805,"Netlogo_H_30","Net_H"
"188",187,0.29065,0.0056,0.00725,0.6965,"Netlogo_H_30","Net_H"
"189",188,0.29095,0.00575,0.0081,0.6952,"Netlogo_H_30","Net_H"
"190",189,0.2917,0.00595,0.0085,0.69385,"Netlogo_H_30","Net_H"
"191",190,0.29265,0.0066,0.00805,0.6927,"Netlogo_H_30","Net_H"
"192",191,0.29295,0.00705,0.00875,0.69125,"Netlogo_H_30","Net_H"
"193",192,0.29325,0.00835,0.00875,0.68965,"Netlogo_H_30","Net_H"
"194",193,0.29325,0.00875,0.00935,0.68865,"Netlogo_H_30","Net_H"
"195",194,0.29355,0.0085,0.01055,0.6874,"Netlogo_H_30","Net_H"
"196",195,0.2944,0.0083,0.0116,0.6857,"Netlogo_H_30","Net_H"
"197",196,0.2941,0.00885,0.012,0.68505,"Netlogo_H_30","Net_H"
"198",197,0.29355,0.00975,0.01195,0.68475,"Netlogo_H_30","Net_H"
"199",198,0.29365,0.01,0.01265,0.6837,"Netlogo_H_30","Net_H"
"200",199,0.2932,0.01055,0.01345,0.6828,"Netlogo_H_30","Net_H"
"201",200,0.2922,0.01165,0.014,0.68215,"Netlogo_H_30","Net_H"
"202",201,0.2912,0.01165,0.01505,0.6821,"Netlogo_H_30","Net_H"
"203",202,0.29045,0.01225,0.01625,0.68105,"Netlogo_H_30","Net_H"
"204",203,0.28985,0.0128,0.0166,0.68075,"Netlogo_H_30","Net_H"
"205",204,0.2895,0.01305,0.01705,0.6804,"Netlogo_H_30","Net_H"
"206",205,0.2873,0.0142,0.01785,0.68065,"Netlogo_H_30","Net_H"
"207",206,0.2856,0.01495,0.0192,0.68025,"Netlogo_H_30","Net_H"
"208",207,0.28445,0.0149,0.02045,0.6802,"Netlogo_H_30","Net_H"
"209",208,0.2827,0.0156,0.0214,0.6803,"Netlogo_H_30","Net_H"
"210",209,0.28,0.0169,0.0228,0.6803,"Netlogo_H_30","Net_H"
"211",210,0.2768,0.01755,0.02385,0.6818,"Netlogo_H_30","Net_H"
"212",211,0.2743,0.0187,0.0247,0.6823,"Netlogo_H_30","Net_H"
"213",212,0.2716,0.01935,0.0261,0.68295,"Netlogo_H_30","Net_H"
"214",213,0.2694,0.0205,0.0264,0.6837,"Netlogo_H_30","Net_H"
"215",214,0.2667,0.0209,0.02705,0.68535,"Netlogo_H_30","Net_H"
"216",215,0.2646,0.02135,0.0283,0.68575,"Netlogo_H_30","Net_H"
"217",216,0.26085,0.02145,0.02945,0.68825,"Netlogo_H_30","Net_H"
"218",217,0.25805,0.023,0.0311,0.68785,"Netlogo_H_30","Net_H"
"219",218,0.25535,0.02355,0.0319,0.6892,"Netlogo_H_30","Net_H"
"220",219,0.25315,0.02215,0.0338,0.6909,"Netlogo_H_30","Net_H"
"221",220,0.2492,0.02385,0.0343,0.69265,"Netlogo_H_30","Net_H"
"222",221,0.24575,0.02525,0.0343,0.6947,"Netlogo_H_30","Net_H"
"223",222,0.2426,0.0258,0.0354,0.6962,"Netlogo_H_30","Net_H"
"224",223,0.23835,0.02725,0.0363,0.6981,"Netlogo_H_30","Net_H"
"225",224,0.23445,0.028,0.0377,0.69985,"Netlogo_H_30","Net_H"
"226",225,0.22935,0.03,0.0386,0.70205,"Netlogo_H_30","Net_H"
"227",226,0.22595,0.0303,0.041,0.70275,"Netlogo_H_30","Net_H"
"228",227,0.2216,0.02975,0.04325,0.7054,"Netlogo_H_30","Net_H"
"229",228,0.2177,0.02875,0.0456,0.70795,"Netlogo_H_30","Net_H"
"230",229,0.2135,0.03005,0.04545,0.711,"Netlogo_H_30","Net_H"
"231",230,0.20925,0.02985,0.04575,0.71515,"Netlogo_H_30","Net_H"
"232",231,0.2049,0.0299,0.04815,0.71705,"Netlogo_H_30","Net_H"
"233",232,0.1993,0.0317,0.0479,0.7211,"Netlogo_H_30","Net_H"
"234",233,0.19545,0.0313,0.0498,0.72345,"Netlogo_H_30","Net_H"
"235",234,0.19155,0.03135,0.0512,0.7259,"Netlogo_H_30","Net_H"
"236",235,0.1863,0.0308,0.0542,0.7287,"Netlogo_H_30","Net_H"
"237",236,0.1819,0.0314,0.05415,0.73255,"Netlogo_H_30","Net_H"
"238",237,0.17825,0.03085,0.0545,0.7364,"Netlogo_H_30","Net_H"
"239",238,0.17505,0.02915,0.0561,0.7397,"Netlogo_H_30","Net_H"
"240",239,0.1716,0.03045,0.055,0.74295,"Netlogo_H_30","Net_H"
"241",240,0.16875,0.02895,0.05525,0.74705,"Netlogo_H_30","Net_H"
"242",241,0.165,0.02965,0.05455,0.7508,"Netlogo_H_30","Net_H"
"243",242,0.1616,0.03015,0.0538,0.75445,"Netlogo_H_30","Net_H"
"244",243,0.1588,0.02855,0.05435,0.7583,"Netlogo_H_30","Net_H"
"245",244,0.156,0.0278,0.05435,0.76185,"Netlogo_H_30","Net_H"
"246",245,0.15325,0.02815,0.0525,0.7661,"Netlogo_H_30","Net_H"
"247",246,0.1508,0.0269,0.0526,0.7697,"Netlogo_H_30","Net_H"
"248",247,0.14835,0.0262,0.0524,0.77305,"Netlogo_H_30","Net_H"
"249",248,0.14555,0.0243,0.053,0.77715,"Netlogo_H_30","Net_H"
"250",249,0.143,0.02355,0.05275,0.7807,"Netlogo_H_30","Net_H"
"251",250,0.14045,0.02355,0.0523,0.7837,"Netlogo_H_30","Net_H"
"252",251,0.13765,0.0245,0.05085,0.787,"Netlogo_H_30","Net_H"
"253",252,0.1357,0.0237,0.0502,0.7904,"Netlogo_H_30","Net_H"
"254",253,0.13505,0.0221,0.04855,0.7943,"Netlogo_H_30","Net_H"
"255",254,0.13395,0.0222,0.0462,0.79765,"Netlogo_H_30","Net_H"
"256",255,0.13285,0.0212,0.04555,0.8004,"Netlogo_H_30","Net_H"
"257",256,0.1323,0.02015,0.04595,0.8016,"Netlogo_H_30","Net_H"
"258",257,0.1325,0.01995,0.04425,0.8033,"Netlogo_H_30","Net_H"
"259",258,0.1317,0.0186,0.04355,0.80615,"Netlogo_H_30","Net_H"
"260",259,0.13285,0.01775,0.04135,0.80805,"Netlogo_H_30","Net_H"
"261",260,0.13255,0.01795,0.03975,0.80975,"Netlogo_H_30","Net_H"
"262",261,0.13285,0.01795,0.03975,0.80945,"Netlogo_H_30","Net_H"
"263",262,0.133,0.0174,0.03995,0.80965,"Netlogo_H_30","Net_H"
"264",263,0.1329,0.01705,0.03975,0.8103,"Netlogo_H_30","Net_H"
"265",264,0.1331,0.0172,0.0381,0.8116,"Netlogo_H_30","Net_H"
"266",265,0.1329,0.01725,0.0357,0.81415,"Netlogo_H_30","Net_H"
"267",266,0.1337,0.0174,0.0347,0.8142,"Netlogo_H_30","Net_H"
"268",267,0.1341,0.0163,0.0345,0.8151,"Netlogo_H_30","Net_H"
"269",268,0.13525,0.0162,0.034,0.81455,"Netlogo_H_30","Net_H"
"270",269,0.1356,0.0159,0.0336,0.8149,"Netlogo_H_30","Net_H"
"271",270,0.1367,0.01555,0.03255,0.8152,"Netlogo_H_30","Net_H"
"272",271,0.1373,0.0156,0.03225,0.81485,"Netlogo_H_30","Net_H"
"273",272,0.13815,0.01545,0.03105,0.81535,"Netlogo_H_30","Net_H"
"274",273,0.1384,0.0152,0.0305,0.8159,"Netlogo_H_30","Net_H"
"275",274,0.13935,0.01365,0.02995,0.81705,"Netlogo_H_30","Net_H"
"276",275,0.141,0.0138,0.0294,0.8158,"Netlogo_H_30","Net_H"
"277",276,0.14325,0.0139,0.02825,0.8146,"Netlogo_H_30","Net_H"
"278",277,0.14515,0.0134,0.0279,0.81355,"Netlogo_H_30","Net_H"
"279",278,0.14635,0.0138,0.0277,0.81215,"Netlogo_H_30","Net_H"
"280",279,0.14705,0.0148,0.02765,0.8105,"Netlogo_H_30","Net_H"
"281",280,0.14925,0.01395,0.0276,0.8092,"Netlogo_H_30","Net_H"
"282",281,0.15065,0.01365,0.02805,0.80765,"Netlogo_H_30","Net_H"
"283",282,0.1516,0.0133,0.0271,0.808,"Netlogo_H_30","Net_H"
"284",283,0.1528,0.0138,0.0256,0.8078,"Netlogo_H_30","Net_H"
"285",284,0.15425,0.01375,0.0254,0.8066,"Netlogo_H_30","Net_H"
"286",285,0.1559,0.0131,0.0253,0.8057,"Netlogo_H_30","Net_H"
"287",286,0.15745,0.0132,0.025,0.80435,"Netlogo_H_30","Net_H"
"288",287,0.15815,0.0134,0.02465,0.8038,"Netlogo_H_30","Net_H"
"289",288,0.15955,0.014,0.02415,0.8023,"Netlogo_H_30","Net_H"
"290",289,0.1605,0.01365,0.02435,0.8015,"Netlogo_H_30","Net_H"
"291",290,0.1627,0.01275,0.02475,0.7998,"Netlogo_H_30","Net_H"
"292",291,0.16435,0.01335,0.0244,0.7979,"Netlogo_H_30","Net_H"
"293",292,0.16645,0.01375,0.0241,0.7957,"Netlogo_H_30","Net_H"
"294",293,0.1677,0.014,0.0243,0.794,"Netlogo_H_30","Net_H"
"295",294,0.16795,0.0146,0.0231,0.79435,"Netlogo_H_30","Net_H"
"296",295,0.1704,0.01375,0.02415,0.7917,"Netlogo_H_30","Net_H"
"297",296,0.171,0.0136,0.0249,0.7905,"Netlogo_H_30","Net_H"
"298",297,0.1728,0.0135,0.0245,0.7892,"Netlogo_H_30","Net_H"
"299",298,0.1749,0.0136,0.0239,0.7876,"Netlogo_H_30","Net_H"
"300",299,0.1758,0.01305,0.02455,0.7866,"Netlogo_H_30","Net_H"
"301",300,0.1759,0.01345,0.02495,0.7857,"Netlogo_H_30","Net_H"
"302",301,0.1763,0.014,0.02465,0.78505,"Netlogo_H_30","Net_H"
"303",302,0.17755,0.0135,0.02585,0.7831,"Netlogo_H_30","Net_H"
"304",303,0.17905,0.0135,0.0256,0.78185,"Netlogo_H_30","Net_H"
"305",304,0.17975,0.01465,0.0253,0.7803,"Netlogo_H_30","Net_H"
"306",305,0.1809,0.015,0.02515,0.77895,"Netlogo_H_30","Net_H"
"307",306,0.1817,0.01585,0.0254,0.77705,"Netlogo_H_30","Net_H"
"308",307,0.1837,0.01495,0.02535,0.776,"Netlogo_H_30","Net_H"
"309",308,0.1836,0.0157,0.025,0.7757,"Netlogo_H_30","Net_H"
"310",309,0.18395,0.0158,0.02535,0.7749,"Netlogo_H_30","Net_H"
"311",310,0.1856,0.0155,0.0255,0.7734,"Netlogo_H_30","Net_H"
"312",311,0.1865,0.01465,0.0265,0.77235,"Netlogo_H_30","Net_H"
"313",312,0.186,0.01525,0.02615,0.7726,"Netlogo_H_30","Net_H"
"314",313,0.18605,0.01665,0.02575,0.77155,"Netlogo_H_30","Net_H"
"315",314,0.1873,0.01575,0.0259,0.77105,"Netlogo_H_30","Net_H"
"316",315,0.1879,0.01535,0.02595,0.7708,"Netlogo_H_30","Net_H"
"317",316,0.18905,0.01495,0.02685,0.76915,"Netlogo_H_30","Net_H"
"318",317,0.1903,0.01425,0.02715,0.7683,"Netlogo_H_30","Net_H"
"319",318,0.19115,0.01465,0.0274,0.7668,"Netlogo_H_30","Net_H"
"320",319,0.19145,0.0153,0.02645,0.7668,"Netlogo_H_30","Net_H"
"321",320,0.1925,0.0157,0.02735,0.76445,"Netlogo_H_30","Net_H"
"322",321,0.193,0.01555,0.02735,0.7641,"Netlogo_H_30","Net_H"
"323",322,0.1948,0.01465,0.02675,0.7638,"Netlogo_H_30","Net_H"
"324",323,0.195,0.01455,0.0269,0.76355,"Netlogo_H_30","Net_H"
"325",324,0.1965,0.0149,0.02685,0.76175,"Netlogo_H_30","Net_H"
"326",325,0.19655,0.0154,0.0273,0.76075,"Netlogo_H_30","Net_H"
"327",326,0.19815,0.01465,0.0277,0.7595,"Netlogo_H_30","Net_H"
"328",327,0.1983,0.0151,0.02785,0.75875,"Netlogo_H_30","Net_H"
"329",328,0.19865,0.01535,0.02745,0.75855,"Netlogo_H_30","Net_H"
"330",329,0.19935,0.0154,0.0273,0.75795,"Netlogo_H_30","Net_H"
"331",330,0.2007,0.0148,0.0272,0.7573,"Netlogo_H_30","Net_H"
"332",331,0.2017,0.01425,0.0282,0.75585,"Netlogo_H_30","Net_H"
"333",332,0.2018,0.0154,0.0285,0.7543,"Netlogo_H_30","Net_H"
"334",333,0.2026,0.01665,0.02785,0.7529,"Netlogo_H_30","Net_H"
"335",334,0.20265,0.01705,0.028,0.7523,"Netlogo_H_30","Net_H"
"336",335,0.2031,0.01665,0.02855,0.7517,"Netlogo_H_30","Net_H"
"337",336,0.20425,0.01705,0.02905,0.74965,"Netlogo_H_30","Net_H"
"338",337,0.2034,0.0182,0.02885,0.74955,"Netlogo_H_30","Net_H"
"339",338,0.20225,0.0199,0.02915,0.7487,"Netlogo_H_30","Net_H"
"340",339,0.20255,0.0198,0.03005,0.7476,"Netlogo_H_30","Net_H"
"341",340,0.2024,0.0201,0.02985,0.74765,"Netlogo_H_30","Net_H"
"342",341,0.20245,0.01965,0.03115,0.74675,"Netlogo_H_30","Net_H"
"343",342,0.2025,0.01945,0.0326,0.74545,"Netlogo_H_30","Net_H"
"344",343,0.20175,0.0195,0.0328,0.74595,"Netlogo_H_30","Net_H"
"345",344,0.20175,0.01965,0.0336,0.745,"Netlogo_H_30","Net_H"
"346",345,0.20145,0.02085,0.03235,0.74535,"Netlogo_H_30","Net_H"
"347",346,0.20165,0.0212,0.032,0.74515,"Netlogo_H_30","Net_H"
"348",347,0.2016,0.02085,0.0332,0.74435,"Netlogo_H_30","Net_H"
"349",348,0.2016,0.0209,0.0337,0.7438,"Netlogo_H_30","Net_H"
"350",349,0.20105,0.02035,0.0338,0.7448,"Netlogo_H_30","Net_H"
"351",350,0.20085,0.02045,0.0331,0.7456,"Netlogo_H_30","Net_H"
"352",351,0.2012,0.02005,0.0346,0.74415,"Netlogo_H_30","Net_H"
"353",352,0.2005,0.0211,0.0345,0.7439,"Netlogo_H_30","Net_H"
"354",353,0.19915,0.02195,0.0344,0.7445,"Netlogo_H_30","Net_H"
"355",354,0.1978,0.0228,0.03445,0.74495,"Netlogo_H_30","Net_H"
"356",355,0.19815,0.0229,0.0354,0.74355,"Netlogo_H_30","Net_H"
"357",356,0.19825,0.02255,0.0364,0.7428,"Netlogo_H_30","Net_H"
"358",357,0.1975,0.02295,0.0366,0.74295,"Netlogo_H_30","Net_H"
"359",358,0.19765,0.022,0.0373,0.74305,"Netlogo_H_30","Net_H"
"360",359,0.19635,0.02335,0.03775,0.74255,"Netlogo_H_30","Net_H"
"361",360,0.19445,0.02375,0.039,0.7428,"Netlogo_H_30","Net_H"
"362",361,0.19465,0.02315,0.0384,0.7438,"Netlogo_H_30","Net_H"
"363",362,0.194,0.02245,0.0396,0.74395,"Netlogo_H_30","Net_H"
"364",363,0.1929,0.023,0.03895,0.74515,"Netlogo_H_30","Net_H"
"365",364,0.1922,0.0234,0.0394,0.745,"Netlogo_H_30","Net_H"
"366",365,0.1911,0.0228,0.0404,0.7457,"Netlogo_H_30","Net_H"
"367",366,0.19035,0.0231,0.03995,0.7466,"Netlogo_H_30","Net_H"
"368",367,0.18985,0.02345,0.03905,0.74765,"Netlogo_H_30","Net_H"
"369",368,0.18895,0.02365,0.03855,0.74885,"Netlogo_H_30","Net_H"
"370",369,0.18875,0.02265,0.03925,0.74935,"Netlogo_H_30","Net_H"
"371",370,0.18755,0.0225,0.03885,0.7511,"Netlogo_H_30","Net_H"
"372",371,0.18775,0.02185,0.03965,0.75075,"Netlogo_H_30","Net_H"
"373",372,0.1876,0.0219,0.04,0.7505,"Netlogo_H_30","Net_H"
"374",373,0.18645,0.0228,0.04,0.75075,"Netlogo_H_30","Net_H"
"375",374,0.18625,0.02335,0.0392,0.7512,"Netlogo_H_30","Net_H"
"376",375,0.18715,0.0225,0.0401,0.75025,"Netlogo_H_30","Net_H"
"377",376,0.18645,0.0226,0.04,0.75095,"Netlogo_H_30","Net_H"
"378",377,0.1858,0.02285,0.0401,0.75125,"Netlogo_H_30","Net_H"
"379",378,0.1847,0.0229,0.0401,0.7523,"Netlogo_H_30","Net_H"
"380",379,0.18585,0.0233,0.03985,0.751,"Netlogo_H_30","Net_H"
"381",380,0.1858,0.02355,0.0402,0.75045,"Netlogo_H_30","Net_H"
"382",381,0.18385,0.0241,0.0407,0.75135,"Netlogo_H_30","Net_H"
"383",382,0.18445,0.0239,0.041,0.75065,"Netlogo_H_30","Net_H"
"384",383,0.1838,0.02405,0.04085,0.7513,"Netlogo_H_30","Net_H"
"385",384,0.18405,0.02365,0.0407,0.7516,"Netlogo_H_30","Net_H"
"386",385,0.18255,0.02425,0.0412,0.752,"Netlogo_H_30","Net_H"
"387",386,0.1829,0.0234,0.04105,0.75265,"Netlogo_H_30","Net_H"
"388",387,0.1824,0.0228,0.0415,0.7533,"Netlogo_H_30","Net_H"
"389",388,0.18205,0.0229,0.04095,0.7541,"Netlogo_H_30","Net_H"
"390",389,0.18225,0.02325,0.0414,0.7531,"Netlogo_H_30","Net_H"
"391",390,0.1814,0.02365,0.04185,0.7531,"Netlogo_H_30","Net_H"
"392",391,0.1817,0.02335,0.0418,0.75315,"Netlogo_H_30","Net_H"
"393",392,0.181,0.02435,0.0414,0.75325,"Netlogo_H_30","Net_H"
"394",393,0.18055,0.0251,0.04015,0.7542,"Netlogo_H_30","Net_H"
"395",394,0.1804,0.0243,0.0408,0.7545,"Netlogo_H_30","Net_H"
"396",395,0.18005,0.024,0.04175,0.7542,"Netlogo_H_30","Net_H"
"397",396,0.1798,0.02375,0.0418,0.75465,"Netlogo_H_30","Net_H"
"398",397,0.1788,0.02405,0.04215,0.755,"Netlogo_H_30","Net_H"
"399",398,0.17835,0.0223,0.043,0.75635,"Netlogo_H_30","Net_H"
"400",399,0.17845,0.02265,0.04285,0.75605,"Netlogo_H_30","Net_H"
"401",400,0.17915,0.0224,0.0426,0.75585,"Netlogo_H_30","Net_H"
"402",401,0.1782,0.0217,0.04335,0.75675,"Netlogo_H_30","Net_H"
"403",402,0.1784,0.0219,0.0432,0.7565,"Netlogo_H_30","Net_H"
"404",403,0.17985,0.0224,0.0433,0.75445,"Netlogo_H_30","Net_H"
"405",404,0.17965,0.02225,0.04235,0.75575,"Netlogo_H_30","Net_H"
"406",405,0.17885,0.0218,0.0427,0.75665,"Netlogo_H_30","Net_H"
"407",406,0.17925,0.02135,0.04225,0.75715,"Netlogo_H_30","Net_H"
"408",407,0.17815,0.02195,0.04175,0.75815,"Netlogo_H_30","Net_H"
"409",408,0.1784,0.0214,0.0415,0.7587,"Netlogo_H_30","Net_H"
"410",409,0.17695,0.02145,0.04135,0.76025,"Netlogo_H_30","Net_H"
"411",410,0.17715,0.01995,0.04245,0.76045,"Netlogo_H_30","Net_H"
"412",411,0.1767,0.0213,0.0406,0.7614,"Netlogo_H_30","Net_H"
"413",412,0.17635,0.02185,0.03975,0.76205,"Netlogo_H_30","Net_H"
"414",413,0.176,0.0221,0.04,0.7619,"Netlogo_H_30","Net_H"
"415",414,0.17645,0.02195,0.0399,0.7617,"Netlogo_H_30","Net_H"
"416",415,0.1759,0.0229,0.0406,0.7606,"Netlogo_H_30","Net_H"
"417",416,0.17645,0.02275,0.04035,0.76045,"Netlogo_H_30","Net_H"
"418",417,0.17675,0.0218,0.041,0.76045,"Netlogo_H_30","Net_H"
"419",418,0.17715,0.0216,0.04075,0.7605,"Netlogo_H_30","Net_H"
"420",419,0.17755,0.0214,0.04115,0.7599,"Netlogo_H_30","Net_H"
"421",420,0.177,0.021,0.04145,0.76055,"Netlogo_H_30","Net_H"
"422",421,0.17585,0.0211,0.0414,0.76165,"Netlogo_H_30","Net_H"
"423",422,0.1753,0.02095,0.0414,0.76235,"Netlogo_H_30","Net_H"
"424",423,0.175,0.02135,0.04045,0.7632,"Netlogo_H_30","Net_H"
"425",424,0.17415,0.02285,0.0395,0.7635,"Netlogo_H_30","Net_H"
"426",425,0.17445,0.02105,0.0401,0.7644,"Netlogo_H_30","Net_H"
"427",426,0.1737,0.0206,0.04055,0.76515,"Netlogo_H_30","Net_H"
"428",427,0.1751,0.0208,0.0394,0.7647,"Netlogo_H_30","Net_H"
"429",428,0.1758,0.0207,0.03875,0.76475,"Netlogo_H_30","Net_H"
"430",429,0.1751,0.02145,0.038,0.76545,"Netlogo_H_30","Net_H"
"431",430,0.17635,0.021,0.03785,0.7648,"Netlogo_H_30","Net_H"
"432",431,0.17685,0.0205,0.0373,0.76535,"Netlogo_H_30","Net_H"
"433",432,0.1758,0.0205,0.03815,0.76555,"Netlogo_H_30","Net_H"
"434",433,0.17595,0.0205,0.0384,0.76515,"Netlogo_H_30","Net_H"
"435",434,0.176,0.02075,0.03735,0.7659,"Netlogo_H_30","Net_H"
"436",435,0.1763,0.02085,0.03705,0.7658,"Netlogo_H_30","Net_H"
"437",436,0.17555,0.02005,0.03755,0.76685,"Netlogo_H_30","Net_H"
"438",437,0.1758,0.02135,0.03615,0.7667,"Netlogo_H_30","Net_H"
"439",438,0.17685,0.02035,0.03735,0.76545,"Netlogo_H_30","Net_H"
"440",439,0.1778,0.02005,0.03685,0.7653,"Netlogo_H_30","Net_H"
"441",440,0.17695,0.0204,0.0374,0.76525,"Netlogo_H_30","Net_H"
"442",441,0.17625,0.02145,0.0369,0.7654,"Netlogo_H_30","Net_H"
"443",442,0.17655,0.02055,0.0369,0.766,"Netlogo_H_30","Net_H"
"444",443,0.1767,0.0198,0.03785,0.76565,"Netlogo_H_30","Net_H"
"445",444,0.17515,0.02075,0.0372,0.7669,"Netlogo_H_30","Net_H"
"446",445,0.1756,0.0198,0.0374,0.7672,"Netlogo_H_30","Net_H"
"447",446,0.1753,0.02025,0.03665,0.7678,"Netlogo_H_30","Net_H"
"448",447,0.175,0.0213,0.03575,0.76795,"Netlogo_H_30","Net_H"
"449",448,0.17585,0.02045,0.0356,0.7681,"Netlogo_H_30","Net_H"
"450",449,0.17625,0.02005,0.03625,0.76745,"Netlogo_H_30","Net_H"
"451",450,0.17685,0.01995,0.0367,0.7665,"Netlogo_H_30","Net_H"
"452",451,0.1776,0.01935,0.03585,0.7672,"Netlogo_H_30","Net_H"
"453",452,0.17885,0.0184,0.03695,0.7658,"Netlogo_H_30","Net_H"
"454",453,0.17875,0.01895,0.03645,0.76585,"Netlogo_H_30","Net_H"
"455",454,0.1783,0.01855,0.0365,0.76665,"Netlogo_H_30","Net_H"
"456",455,0.17865,0.01895,0.0367,0.7657,"Netlogo_H_30","Net_H"
"457",456,0.17795,0.01995,0.0361,0.766,"Netlogo_H_30","Net_H"
"458",457,0.1786,0.0205,0.03645,0.76445,"Netlogo_H_30","Net_H"
"459",458,0.1796,0.0201,0.03745,0.76285,"Netlogo_H_30","Net_H"
"460",459,0.17845,0.02095,0.03715,0.76345,"Netlogo_H_30","Net_H"
"461",460,0.1774,0.021,0.03735,0.76425,"Netlogo_H_30","Net_H"
"462",461,0.1779,0.02255,0.03595,0.7636,"Netlogo_H_30","Net_H"
"463",462,0.17755,0.0213,0.0374,0.76375,"Netlogo_H_30","Net_H"
"464",463,0.17885,0.02125,0.03625,0.76365,"Netlogo_H_30","Net_H"
"465",464,0.1782,0.021,0.0365,0.7643,"Netlogo_H_30","Net_H"
"466",465,0.1787,0.0212,0.0372,0.7629,"Netlogo_H_30","Net_H"
"467",466,0.17865,0.02165,0.0367,0.763,"Netlogo_H_30","Net_H"
"468",467,0.18,0.0204,0.03715,0.76245,"Netlogo_H_30","Net_H"
"469",468,0.1809,0.0192,0.03755,0.76235,"Netlogo_H_30","Net_H"
"470",469,0.1801,0.01965,0.037,0.76325,"Netlogo_H_30","Net_H"
"471",470,0.1811,0.01965,0.0364,0.76285,"Netlogo_H_30","Net_H"
"472",471,0.18175,0.0196,0.03605,0.7626,"Netlogo_H_30","Net_H"
"473",472,0.18215,0.0193,0.03605,0.7625,"Netlogo_H_30","Net_H"
"474",473,0.1824,0.01875,0.0356,0.76325,"Netlogo_H_30","Net_H"
"475",474,0.1828,0.01965,0.0356,0.76195,"Netlogo_H_30","Net_H"
"476",475,0.18275,0.01935,0.0358,0.7621,"Netlogo_H_30","Net_H"
"477",476,0.1829,0.0191,0.0358,0.7622,"Netlogo_H_30","Net_H"
"478",477,0.18325,0.01835,0.03615,0.76225,"Netlogo_H_30","Net_H"
"479",478,0.1826,0.0175,0.03645,0.76345,"Netlogo_H_30","Net_H"
"480",479,0.1827,0.0185,0.03645,0.76235,"Netlogo_H_30","Net_H"
"481",480,0.18295,0.01765,0.03625,0.76315,"Netlogo_H_30","Net_H"
"482",481,0.1832,0.0177,0.0356,0.7635,"Netlogo_H_30","Net_H"
"483",482,0.1836,0.0185,0.03575,0.76215,"Netlogo_H_30","Net_H"
"484",483,0.1842,0.01885,0.0352,0.76175,"Netlogo_H_30","Net_H"
"485",484,0.18485,0.0181,0.03595,0.7611,"Netlogo_H_30","Net_H"
"486",485,0.18485,0.01815,0.03615,0.76085,"Netlogo_H_30","Net_H"
"487",486,0.1845,0.01925,0.03475,0.7615,"Netlogo_H_30","Net_H"
"488",487,0.18505,0.0184,0.03525,0.7613,"Netlogo_H_30","Net_H"
"489",488,0.1851,0.0184,0.0352,0.7613,"Netlogo_H_30","Net_H"
"490",489,0.18525,0.0184,0.0345,0.76185,"Netlogo_H_30","Net_H"
"491",490,0.18475,0.01885,0.0351,0.7613,"Netlogo_H_30","Net_H"
"492",491,0.1854,0.01875,0.03495,0.7609,"Netlogo_H_30","Net_H"
"493",492,0.1851,0.0191,0.03495,0.76085,"Netlogo_H_30","Net_H"
"494",493,0.1853,0.0193,0.0353,0.7601,"Netlogo_H_30","Net_H"
"495",494,0.18475,0.0199,0.0348,0.76055,"Netlogo_H_30","Net_H"
"496",495,0.1843,0.0203,0.0353,0.7601,"Netlogo_H_30","Net_H"
"497",496,0.185,0.01975,0.03545,0.7598,"Netlogo_H_30","Net_H"
"498",497,0.18555,0.02015,0.03605,0.75825,"Netlogo_H_30","Net_H"
"499",498,0.18585,0.0201,0.03625,0.7578,"Netlogo_H_30","Net_H"
"500",499,0.1852,0.02135,0.03545,0.758,"Netlogo_H_30","Net_H"
"501",500,0.1855,0.0207,0.0354,0.7584,"Netlogo_H_30","Net_H"
"502",501,0.18535,0.01985,0.0353,0.7595,"Netlogo_H_30","Net_H"
"503",502,0.18345,0.0212,0.03445,0.7609,"Netlogo_H_30","Net_H"
"504",503,0.18295,0.02125,0.03435,0.76145,"Netlogo_H_30","Net_H"
"505",504,0.1834,0.02085,0.0344,0.76135,"Netlogo_H_30","Net_H"
"506",505,0.18365,0.02,0.0354,0.76095,"Netlogo_H_30","Net_H"
"507",506,0.183,0.02035,0.03625,0.7604,"Netlogo_H_30","Net_H"
"508",507,0.1824,0.0211,0.03565,0.76085,"Netlogo_H_30","Net_H"
"509",508,0.18205,0.02065,0.0364,0.7609,"Netlogo_H_30","Net_H"
"510",509,0.18215,0.0208,0.0363,0.76075,"Netlogo_H_30","Net_H"
"511",510,0.18205,0.0196,0.03715,0.7612,"Netlogo_H_30","Net_H"
"512",511,0.1824,0.01935,0.03695,0.7613,"Netlogo_H_30","Net_H"
"513",512,0.18205,0.0201,0.03695,0.7609,"Netlogo_H_30","Net_H"
"514",513,0.1825,0.0203,0.03655,0.76065,"Netlogo_H_30","Net_H"
"515",514,0.1825,0.021,0.03625,0.76025,"Netlogo_H_30","Net_H"
"516",515,0.18305,0.02015,0.03655,0.76025,"Netlogo_H_30","Net_H"
"517",516,0.18205,0.0204,0.03645,0.7611,"Netlogo_H_30","Net_H"
"518",517,0.1816,0.02015,0.0369,0.76135,"Netlogo_H_30","Net_H"
"519",518,0.18095,0.02095,0.03695,0.76115,"Netlogo_H_30","Net_H"
"520",519,0.18095,0.0213,0.03645,0.7613,"Netlogo_H_30","Net_H"
"521",520,0.18145,0.0216,0.03595,0.761,"Netlogo_H_30","Net_H"
"522",521,0.1814,0.0215,0.0363,0.7608,"Netlogo_H_30","Net_H"
"523",522,0.18115,0.0211,0.03635,0.7614,"Netlogo_H_30","Net_H"
"524",523,0.1816,0.02105,0.0374,0.75995,"Netlogo_H_30","Net_H"
"525",524,0.182,0.02045,0.03855,0.759,"Netlogo_H_30","Net_H"
"526",525,0.18295,0.0203,0.0385,0.75825,"Netlogo_H_30","Net_H"
"527",526,0.1823,0.02005,0.03905,0.7586,"Netlogo_H_30","Net_H"
"528",527,0.1827,0.0201,0.03775,0.75945,"Netlogo_H_30","Net_H"
"529",528,0.18295,0.0209,0.0365,0.75965,"Netlogo_H_30","Net_H"
"530",529,0.1828,0.02055,0.0366,0.76005,"Netlogo_H_30","Net_H"
"531",530,0.18225,0.02135,0.03645,0.75995,"Netlogo_H_30","Net_H"
"532",531,0.18205,0.02105,0.03605,0.76085,"Netlogo_H_30","Net_H"
"533",532,0.1821,0.02095,0.0369,0.76005,"Netlogo_H_30","Net_H"
"534",533,0.18215,0.0208,0.0366,0.76045,"Netlogo_H_30","Net_H"
"535",534,0.18205,0.02085,0.03635,0.76075,"Netlogo_H_30","Net_H"
"536",535,0.18325,0.01945,0.0365,0.7608,"Netlogo_H_30","Net_H"
"537",536,0.1819,0.0195,0.03785,0.76075,"Netlogo_H_30","Net_H"
"538",537,0.1831,0.02,0.03635,0.76055,"Netlogo_H_30","Net_H"
"539",538,0.18235,0.01965,0.03735,0.76065,"Netlogo_H_30","Net_H"
"540",539,0.18345,0.0198,0.03635,0.7604,"Netlogo_H_30","Net_H"
"541",540,0.1841,0.01935,0.03715,0.7594,"Netlogo_H_30","Net_H"
"542",541,0.1836,0.0201,0.03675,0.75955,"Netlogo_H_30","Net_H"
"543",542,0.184,0.02045,0.03715,0.7584,"Netlogo_H_30","Net_H"
"544",543,0.18395,0.02125,0.03755,0.75725,"Netlogo_H_30","Net_H"
"545",544,0.1835,0.02115,0.03765,0.7577,"Netlogo_H_30","Net_H"
"546",545,0.18385,0.0213,0.0379,0.75695,"Netlogo_H_30","Net_H"
"547",546,0.1825,0.0223,0.0379,0.7573,"Netlogo_H_30","Net_H"
"548",547,0.1823,0.02185,0.0384,0.75745,"Netlogo_H_30","Net_H"
"549",548,0.18285,0.0212,0.03835,0.7576,"Netlogo_H_30","Net_H"
"550",549,0.1822,0.0224,0.03855,0.75685,"Netlogo_H_30","Net_H"
"551",550,0.18175,0.02305,0.03865,0.75655,"Netlogo_H_30","Net_H"
"552",551,0.1813,0.02315,0.03945,0.7561,"Netlogo_H_30","Net_H"
"553",552,0.18065,0.0231,0.0394,0.75685,"Netlogo_H_30","Net_H"
"554",553,0.17935,0.0234,0.03955,0.7577,"Netlogo_H_30","Net_H"
"555",554,0.17975,0.02225,0.04085,0.75715,"Netlogo_H_30","Net_H"
"556",555,0.17985,0.022,0.0408,0.75735,"Netlogo_H_30","Net_H"
"557",556,0.1797,0.02265,0.04045,0.7572,"Netlogo_H_30","Net_H"
"558",557,0.1802,0.0224,0.04,0.7574,"Netlogo_H_30","Net_H"
"559",558,0.1779,0.02185,0.04155,0.7587,"Netlogo_H_30","Net_H"
"560",559,0.1768,0.0233,0.041,0.7589,"Netlogo_H_30","Net_H"
"561",560,0.17735,0.0227,0.04145,0.7585,"Netlogo_H_30","Net_H"
"562",561,0.1771,0.0225,0.0422,0.7582,"Netlogo_H_30","Net_H"
"563",562,0.1766,0.02315,0.0413,0.75895,"Netlogo_H_30","Net_H"
"564",563,0.1759,0.02325,0.04135,0.7595,"Netlogo_H_30","Net_H"
"565",564,0.17505,0.024,0.04115,0.7598,"Netlogo_H_30","Net_H"
"566",565,0.17475,0.0231,0.0416,0.76055,"Netlogo_H_30","Net_H"
"567",566,0.17425,0.02275,0.0416,0.7614,"Netlogo_H_30","Net_H"
"568",567,0.1739,0.02355,0.04205,0.7605,"Netlogo_H_30","Net_H"
"569",568,0.1729,0.02485,0.0416,0.76065,"Netlogo_H_30","Net_H"
"570",569,0.172,0.02485,0.0412,0.76195,"Netlogo_H_30","Net_H"
"571",570,0.1727,0.02465,0.04035,0.7623,"Netlogo_H_30","Net_H"
"572",571,0.17275,0.02245,0.0421,0.7627,"Netlogo_H_30","Net_H"
"573",572,0.17305,0.0211,0.04265,0.7632,"Netlogo_H_30","Net_H"
"574",573,0.17245,0.02215,0.0412,0.7642,"Netlogo_H_30","Net_H"
"575",574,0.17135,0.0228,0.04055,0.7653,"Netlogo_H_30","Net_H"
"576",575,0.17155,0.02245,0.0403,0.7657,"Netlogo_H_30","Net_H"
"577",576,0.17165,0.02265,0.03995,0.76575,"Netlogo_H_30","Net_H"
"578",577,0.1703,0.0231,0.0403,0.7663,"Netlogo_H_30","Net_H"
"579",578,0.1706,0.0221,0.0408,0.7665,"Netlogo_H_30","Net_H"
"580",579,0.1706,0.0213,0.04205,0.76605,"Netlogo_H_30","Net_H"
"581",580,0.1706,0.02145,0.0418,0.76615,"Netlogo_H_30","Net_H"
"582",581,0.1694,0.022,0.04195,0.76665,"Netlogo_H_30","Net_H"
"583",582,0.1686,0.023,0.0405,0.7679,"Netlogo_H_30","Net_H"
"584",583,0.1685,0.0223,0.04065,0.76855,"Netlogo_H_30","Net_H"
"585",584,0.16835,0.0229,0.0406,0.76815,"Netlogo_H_30","Net_H"
"586",585,0.16835,0.0225,0.03995,0.7692,"Netlogo_H_30","Net_H"
"587",586,0.16815,0.0226,0.04065,0.7686,"Netlogo_H_30","Net_H"
"588",587,0.1688,0.0217,0.0405,0.769,"Netlogo_H_30","Net_H"
"589",588,0.169,0.02155,0.0407,0.76875,"Netlogo_H_30","Net_H"
"590",589,0.1689,0.02225,0.0405,0.76835,"Netlogo_H_30","Net_H"
"591",590,0.16915,0.0225,0.03905,0.7693,"Netlogo_H_30","Net_H"
"592",591,0.1691,0.022,0.03895,0.76995,"Netlogo_H_30","Net_H"
"593",592,0.1696,0.02125,0.0405,0.76865,"Netlogo_H_30","Net_H"
"594",593,0.17045,0.0213,0.04,0.76825,"Netlogo_H_30","Net_H"
"595",594,0.17,0.02055,0.0393,0.77015,"Netlogo_H_30","Net_H"
"596",595,0.17095,0.02065,0.0391,0.7693,"Netlogo_H_30","Net_H"
"597",596,0.17065,0.0201,0.0399,0.76935,"Netlogo_H_30","Net_H"
"598",597,0.17125,0.02015,0.0397,0.7689,"Netlogo_H_30","Net_H"
"599",598,0.17125,0.02065,0.0382,0.7699,"Netlogo_H_30","Net_H"
"600",599,0.1716,0.02025,0.0386,0.76955,"Netlogo_H_30","Net_H"
"601",600,0.1719,0.02105,0.03815,0.7689,"Netlogo_H_30","Net_H"
"602",601,0.17265,0.0204,0.0382,0.76875,"Netlogo_H_30","Net_H"
"603",602,0.173,0.0202,0.03845,0.76835,"Netlogo_H_30","Net_H"
"604",603,0.17365,0.01955,0.0389,0.7679,"Netlogo_H_30","Net_H"
"605",604,0.17395,0.0203,0.0385,0.76725,"Netlogo_H_30","Net_H"
"606",605,0.17395,0.02055,0.03775,0.76775,"Netlogo_H_30","Net_H"
"607",606,0.1738,0.01925,0.0391,0.76785,"Netlogo_H_30","Net_H"
"608",607,0.17255,0.021,0.0387,0.76775,"Netlogo_H_30","Net_H"
"609",608,0.1727,0.02115,0.03815,0.768,"Netlogo_H_30","Net_H"
"610",609,0.17435,0.0206,0.0385,0.76655,"Netlogo_H_30","Net_H"
"611",610,0.174,0.02145,0.03765,0.7669,"Netlogo_H_30","Net_H"
"612",611,0.1751,0.0214,0.0377,0.7658,"Netlogo_H_30","Net_H"
"613",612,0.1749,0.02105,0.03835,0.7657,"Netlogo_H_30","Net_H"
"614",613,0.1766,0.01905,0.0393,0.76505,"Netlogo_H_30","Net_H"
"615",614,0.17615,0.0192,0.03945,0.7652,"Netlogo_H_30","Net_H"
"616",615,0.17595,0.02,0.03875,0.7653,"Netlogo_H_30","Net_H"
"617",616,0.17675,0.0195,0.03785,0.7659,"Netlogo_H_30","Net_H"
"618",617,0.1758,0.01965,0.03745,0.7671,"Netlogo_H_30","Net_H"
"619",618,0.1767,0.01925,0.0383,0.76575,"Netlogo_H_30","Net_H"
"620",619,0.17675,0.0201,0.03795,0.7652,"Netlogo_H_30","Net_H"
"621",620,0.17655,0.0211,0.03725,0.7651,"Netlogo_H_30","Net_H"
"622",621,0.17715,0.0207,0.03785,0.7643,"Netlogo_H_30","Net_H"
"623",622,0.1786,0.01995,0.0378,0.76365,"Netlogo_H_30","Net_H"
"624",623,0.1785,0.0193,0.03895,0.76325,"Netlogo_H_30","Net_H"
"625",624,0.17805,0.0202,0.03725,0.7645,"Netlogo_H_30","Net_H"
"626",625,0.1794,0.0187,0.0369,0.765,"Netlogo_H_30","Net_H"
"627",626,0.1803,0.0179,0.03665,0.76515,"Netlogo_H_30","Net_H"
"628",627,0.1806,0.0187,0.03605,0.76465,"Netlogo_H_30","Net_H"
"629",628,0.1805,0.0191,0.03695,0.76345,"Netlogo_H_30","Net_H"
"630",629,0.1807,0.0205,0.03545,0.76335,"Netlogo_H_30","Net_H"
"631",630,0.17985,0.02115,0.035,0.764,"Netlogo_H_30","Net_H"
