"","step","S","E","I","R","simu","Langage"
"1",0,0.999,0,0.001,0,"Netlogo_H_5","Net_H"
"2",1,0.9983,7e-04,0.001,0,"Netlogo_H_5","Net_H"
"3",2,0.9973,0.0017,0.00085,0.00015,"Netlogo_H_5","Net_H"
"4",3,0.9966,0.00225,0.001,0.00015,"Netlogo_H_5","Net_H"
"5",4,0.9961,0.00255,0.00105,3e-04,"Netlogo_H_5","Net_H"
"6",5,0.995,0.00315,0.0015,0.00035,"Netlogo_H_5","Net_H"
"7",6,0.99405,0.00335,0.002,6e-04,"Netlogo_H_5","Net_H"
"8",7,0.9927,0.004,0.00265,0.00065,"Netlogo_H_5","Net_H"
"9",8,0.9912,0.0047,0.0032,9e-04,"Netlogo_H_5","Net_H"
"10",9,0.98885,0.00635,0.0037,0.0011,"Netlogo_H_5","Net_H"
"11",10,0.9861,0.0079,0.00425,0.00175,"Netlogo_H_5","Net_H"
"12",11,0.98385,0.00875,0.005,0.0024,"Netlogo_H_5","Net_H"
"13",12,0.98,0.0108,0.0065,0.0027,"Netlogo_H_5","Net_H"
"14",13,0.9755,0.01355,0.00775,0.0032,"Netlogo_H_5","Net_H"
"15",14,0.96945,0.01695,0.0095,0.0041,"Netlogo_H_5","Net_H"
"16",15,0.96345,0.0199,0.0119,0.00475,"Netlogo_H_5","Net_H"
"17",16,0.9555,0.02365,0.01465,0.0062,"Netlogo_H_5","Net_H"
"18",17,0.94815,0.0269,0.01755,0.0074,"Netlogo_H_5","Net_H"
"19",18,0.9361,0.03365,0.0216,0.00865,"Netlogo_H_5","Net_H"
"20",19,0.92255,0.041,0.02585,0.0106,"Netlogo_H_5","Net_H"
"21",20,0.90575,0.04945,0.03115,0.01365,"Netlogo_H_5","Net_H"
"22",21,0.8866,0.05925,0.03775,0.0164,"Netlogo_H_5","Net_H"
"23",22,0.86435,0.0711,0.04415,0.0204,"Netlogo_H_5","Net_H"
"24",23,0.8386,0.0835,0.05295,0.02495,"Netlogo_H_5","Net_H"
"25",24,0.80835,0.0972,0.06485,0.0296,"Netlogo_H_5","Net_H"
"26",25,0.76995,0.1155,0.0784,0.03615,"Netlogo_H_5","Net_H"
"27",26,0.7279,0.13625,0.0919,0.04395,"Netlogo_H_5","Net_H"
"28",27,0.6825,0.15415,0.1105,0.05285,"Netlogo_H_5","Net_H"
"29",28,0.63145,0.17355,0.13005,0.06495,"Netlogo_H_5","Net_H"
"30",29,0.5756,0.193,0.15225,0.07915,"Netlogo_H_5","Net_H"
"31",30,0.51885,0.212,0.1751,0.09405,"Netlogo_H_5","Net_H"
"32",31,0.46125,0.22485,0.20135,0.11255,"Netlogo_H_5","Net_H"
"33",32,0.3992,0.24075,0.22865,0.1314,"Netlogo_H_5","Net_H"
"34",33,0.34105,0.24805,0.25625,0.15465,"Netlogo_H_5","Net_H"
"35",34,0.28585,0.2481,0.2844,0.18165,"Netlogo_H_5","Net_H"
"36",35,0.23585,0.24325,0.31045,0.21045,"Netlogo_H_5","Net_H"
"37",36,0.1884,0.2345,0.33405,0.24305,"Netlogo_H_5","Net_H"
"38",37,0.1489,0.22025,0.3519,0.27895,"Netlogo_H_5","Net_H"
"39",38,0.11805,0.2001,0.3651,0.31675,"Netlogo_H_5","Net_H"
"40",39,0.09195,0.1773,0.3734,0.35735,"Netlogo_H_5","Net_H"
"41",40,0.07205,0.15675,0.37225,0.39895,"Netlogo_H_5","Net_H"
"42",41,0.0569,0.1347,0.3682,0.4402,"Netlogo_H_5","Net_H"
"43",42,0.045,0.11245,0.3579,0.48465,"Netlogo_H_5","Net_H"
"44",43,0.03705,0.0939,0.34465,0.5244,"Netlogo_H_5","Net_H"
"45",44,0.03065,0.0787,0.3251,0.56555,"Netlogo_H_5","Net_H"
"46",45,0.0268,0.06455,0.30415,0.6045,"Netlogo_H_5","Net_H"
"47",46,0.0235,0.05315,0.2827,0.64065,"Netlogo_H_5","Net_H"
"48",47,0.0208,0.04325,0.2594,0.67655,"Netlogo_H_5","Net_H"
"49",48,0.01935,0.03505,0.2371,0.7085,"Netlogo_H_5","Net_H"
"50",49,0.01855,0.02825,0.21545,0.73775,"Netlogo_H_5","Net_H"
"51",50,0.01805,0.02425,0.1943,0.7634,"Netlogo_H_5","Net_H"
"52",51,0.01805,0.01975,0.1751,0.7871,"Netlogo_H_5","Net_H"
"53",52,0.01755,0.0167,0.15775,0.808,"Netlogo_H_5","Net_H"
"54",53,0.01795,0.01465,0.14195,0.82545,"Netlogo_H_5","Net_H"
"55",54,0.01915,0.01285,0.1281,0.8399,"Netlogo_H_5","Net_H"
"56",55,0.0197,0.0113,0.1146,0.8544,"Netlogo_H_5","Net_H"
"57",56,0.02035,0.0099,0.1033,0.86645,"Netlogo_H_5","Net_H"
"58",57,0.0214,0.00885,0.0926,0.87715,"Netlogo_H_5","Net_H"
"59",58,0.0226,0.00855,0.0816,0.88725,"Netlogo_H_5","Net_H"
"60",59,0.02525,0.0072,0.0741,0.89345,"Netlogo_H_5","Net_H"
"61",60,0.0271,0.0068,0.0663,0.8998,"Netlogo_H_5","Net_H"
"62",61,0.02975,0.00555,0.0594,0.9053,"Netlogo_H_5","Net_H"
"63",62,0.0317,0.00555,0.05205,0.9107,"Netlogo_H_5","Net_H"
"64",63,0.03355,0.00525,0.0455,0.9157,"Netlogo_H_5","Net_H"
"65",64,0.03535,0.00485,0.04015,0.91965,"Netlogo_H_5","Net_H"
"66",65,0.0373,0.0046,0.0353,0.9228,"Netlogo_H_5","Net_H"
"67",66,0.03925,0.00355,0.03285,0.92435,"Netlogo_H_5","Net_H"
"68",67,0.04155,0.00375,0.02895,0.92575,"Netlogo_H_5","Net_H"
"69",68,0.04395,0.004,0.026,0.92605,"Netlogo_H_5","Net_H"
"70",69,0.04655,0.0039,0.0236,0.92595,"Netlogo_H_5","Net_H"
"71",70,0.0492,0.00405,0.0203,0.92645,"Netlogo_H_5","Net_H"
"72",71,0.0512,0.00375,0.01885,0.9262,"Netlogo_H_5","Net_H"
"73",72,0.05415,0.0035,0.01685,0.9255,"Netlogo_H_5","Net_H"
"74",73,0.0559,0.00355,0.01475,0.9258,"Netlogo_H_5","Net_H"
"75",74,0.05865,0.003,0.0134,0.92495,"Netlogo_H_5","Net_H"
"76",75,0.06235,0.0025,0.01235,0.9228,"Netlogo_H_5","Net_H"
"77",76,0.06565,0.00225,0.0113,0.9208,"Netlogo_H_5","Net_H"
"78",77,0.0688,0.0022,0.01035,0.91865,"Netlogo_H_5","Net_H"
"79",78,0.0716,0.00245,0.00905,0.9169,"Netlogo_H_5","Net_H"
"80",79,0.0741,0.0024,0.00835,0.91515,"Netlogo_H_5","Net_H"
"81",80,0.077,0.00225,0.0076,0.91315,"Netlogo_H_5","Net_H"
"82",81,0.0802,0.002,0.00675,0.91105,"Netlogo_H_5","Net_H"
"83",82,0.0828,0.0021,0.00615,0.90895,"Netlogo_H_5","Net_H"
"84",83,0.0856,0.002,0.0055,0.9069,"Netlogo_H_5","Net_H"
"85",84,0.08825,0.00175,0.0054,0.9046,"Netlogo_H_5","Net_H"
"86",85,0.09065,0.0019,0.00515,0.9023,"Netlogo_H_5","Net_H"
"87",86,0.0931,0.002,0.00475,0.90015,"Netlogo_H_5","Net_H"
"88",87,0.09605,0.00195,0.0044,0.8976,"Netlogo_H_5","Net_H"
"89",88,0.09915,0.0014,0.00465,0.8948,"Netlogo_H_5","Net_H"
"90",89,0.10155,0.00135,0.0045,0.8926,"Netlogo_H_5","Net_H"
"91",90,0.10365,0.0015,0.0041,0.89075,"Netlogo_H_5","Net_H"
"92",91,0.1062,0.00145,0.00385,0.8885,"Netlogo_H_5","Net_H"
"93",92,0.1093,0.0015,0.00335,0.88585,"Netlogo_H_5","Net_H"
"94",93,0.11215,0.00115,0.00305,0.88365,"Netlogo_H_5","Net_H"
"95",94,0.1142,0.00085,0.0029,0.88205,"Netlogo_H_5","Net_H"
"96",95,0.1156,9e-04,0.00265,0.88085,"Netlogo_H_5","Net_H"
"97",96,0.1179,0.0011,0.00255,0.87845,"Netlogo_H_5","Net_H"
"98",97,0.12055,0.0011,0.0025,0.87585,"Netlogo_H_5","Net_H"
"99",98,0.1227,0.00125,0.0024,0.87365,"Netlogo_H_5","Net_H"
"100",99,0.1254,0.0013,0.00225,0.87105,"Netlogo_H_5","Net_H"
"101",100,0.12875,0.00105,0.00225,0.86795,"Netlogo_H_5","Net_H"
"102",101,0.13085,0.0012,0.00205,0.8659,"Netlogo_H_5","Net_H"
"103",102,0.13375,0.0011,0.00215,0.863,"Netlogo_H_5","Net_H"
"104",103,0.1357,0.0012,0.00215,0.86095,"Netlogo_H_5","Net_H"
"105",104,0.1381,0.00095,0.002,0.85895,"Netlogo_H_5","Net_H"
"106",105,0.1408,0.001,0.00195,0.85625,"Netlogo_H_5","Net_H"
"107",106,0.1431,0.001,0.00185,0.85405,"Netlogo_H_5","Net_H"
"108",107,0.1452,0.00105,0.00185,0.8519,"Netlogo_H_5","Net_H"
"109",108,0.14755,0.00115,0.0017,0.8496,"Netlogo_H_5","Net_H"
"110",109,0.1497,0.001,0.00195,0.84735,"Netlogo_H_5","Net_H"
"111",110,0.152,0.001,0.002,0.845,"Netlogo_H_5","Net_H"
"112",111,0.15415,0.001,0.002,0.84285,"Netlogo_H_5","Net_H"
"113",112,0.15655,0.001,0.0018,0.84065,"Netlogo_H_5","Net_H"
"114",113,0.1593,8e-04,0.00195,0.83795,"Netlogo_H_5","Net_H"
"115",114,0.1615,0.00065,0.00195,0.8359,"Netlogo_H_5","Net_H"
"116",115,0.16365,0.001,0.00165,0.8337,"Netlogo_H_5","Net_H"
"117",116,0.1661,0.0011,0.00165,0.83115,"Netlogo_H_5","Net_H"
"118",117,0.1684,0.00075,0.0019,0.82895,"Netlogo_H_5","Net_H"
"119",118,0.171,0.00085,0.0017,0.82645,"Netlogo_H_5","Net_H"
"120",119,0.1733,0.00105,0.00165,0.824,"Netlogo_H_5","Net_H"
"121",120,0.1758,0.00125,0.00165,0.8213,"Netlogo_H_5","Net_H"
"122",121,0.17805,0.00105,0.00175,0.81915,"Netlogo_H_5","Net_H"
"123",122,0.18,0.001,0.00175,0.81725,"Netlogo_H_5","Net_H"
"124",123,0.18165,0.001,0.00155,0.8158,"Netlogo_H_5","Net_H"
"125",124,0.1841,0.0012,0.00155,0.81315,"Netlogo_H_5","Net_H"
"126",125,0.1864,0.00135,0.0014,0.81085,"Netlogo_H_5","Net_H"
"127",126,0.1889,0.00105,0.0017,0.80835,"Netlogo_H_5","Net_H"
"128",127,0.1905,9e-04,0.00185,0.80675,"Netlogo_H_5","Net_H"
"129",128,0.1921,0.0011,0.00185,0.80495,"Netlogo_H_5","Net_H"
"130",129,0.1939,0.0011,0.0017,0.8033,"Netlogo_H_5","Net_H"
"131",130,0.19565,0.00095,0.00175,0.80165,"Netlogo_H_5","Net_H"
"132",131,0.1976,0.00085,0.00165,0.7999,"Netlogo_H_5","Net_H"
"133",132,0.2001,0.00045,0.0017,0.79775,"Netlogo_H_5","Net_H"
"134",133,0.2026,6e-04,0.00145,0.79535,"Netlogo_H_5","Net_H"
"135",134,0.2054,0.00065,0.00125,0.7927,"Netlogo_H_5","Net_H"
"136",135,0.2078,0.00075,0.00125,0.7902,"Netlogo_H_5","Net_H"
"137",136,0.21035,6e-04,0.0012,0.78785,"Netlogo_H_5","Net_H"
"138",137,0.21265,0.00065,0.00115,0.78555,"Netlogo_H_5","Net_H"
"139",138,0.2149,9e-04,0.001,0.7832,"Netlogo_H_5","Net_H"
"140",139,0.2171,0.00095,0.00095,0.781,"Netlogo_H_5","Net_H"
"141",140,0.2193,0.00085,0.0011,0.77875,"Netlogo_H_5","Net_H"
"142",141,0.2217,8e-04,0.0011,0.7764,"Netlogo_H_5","Net_H"
"143",142,0.22335,0.00075,0.0012,0.7747,"Netlogo_H_5","Net_H"
"144",143,0.2256,7e-04,0.0013,0.7724,"Netlogo_H_5","Net_H"
"145",144,0.22775,0.00085,0.0014,0.77,"Netlogo_H_5","Net_H"
"146",145,0.2299,8e-04,0.0013,0.768,"Netlogo_H_5","Net_H"
"147",146,0.2316,0.00065,0.00125,0.7665,"Netlogo_H_5","Net_H"
"148",147,0.23375,0.00065,0.0013,0.7643,"Netlogo_H_5","Net_H"
"149",148,0.23545,0.00085,0.0013,0.7624,"Netlogo_H_5","Net_H"
"150",149,0.23785,0.00095,0.00145,0.75975,"Netlogo_H_5","Net_H"
"151",150,0.23985,0.00095,0.0015,0.7577,"Netlogo_H_5","Net_H"
"152",151,0.24205,0.00105,0.0014,0.7555,"Netlogo_H_5","Net_H"
"153",152,0.2441,0.0013,0.00145,0.75315,"Netlogo_H_5","Net_H"
"154",153,0.24585,0.00135,0.00155,0.75125,"Netlogo_H_5","Net_H"
"155",154,0.24905,0.0013,0.0017,0.74795,"Netlogo_H_5","Net_H"
"156",155,0.2505,0.0012,0.00195,0.74635,"Netlogo_H_5","Net_H"
"157",156,0.25185,0.0016,0.00205,0.7445,"Netlogo_H_5","Net_H"
"158",157,0.25355,0.0019,0.00215,0.7424,"Netlogo_H_5","Net_H"
"159",158,0.2553,0.0021,0.002,0.7406,"Netlogo_H_5","Net_H"
"160",159,0.25735,0.0021,0.00215,0.7384,"Netlogo_H_5","Net_H"
"161",160,0.259,0.0019,0.00245,0.73665,"Netlogo_H_5","Net_H"
"162",161,0.2606,0.002,0.00275,0.73465,"Netlogo_H_5","Net_H"
"163",162,0.2623,0.0019,0.00285,0.73295,"Netlogo_H_5","Net_H"
"164",163,0.2645,0.0022,0.0027,0.7306,"Netlogo_H_5","Net_H"
"165",164,0.26625,0.00215,0.0027,0.7289,"Netlogo_H_5","Net_H"
"166",165,0.2677,0.00215,0.0028,0.72735,"Netlogo_H_5","Net_H"
"167",166,0.2694,0.00215,0.00305,0.7254,"Netlogo_H_5","Net_H"
"168",167,0.2707,0.00225,0.00305,0.724,"Netlogo_H_5","Net_H"
"169",168,0.2724,0.0022,0.00315,0.72225,"Netlogo_H_5","Net_H"
"170",169,0.27465,0.0024,0.00315,0.7198,"Netlogo_H_5","Net_H"
"171",170,0.27605,0.0024,0.00355,0.718,"Netlogo_H_5","Net_H"
"172",171,0.27755,0.00265,0.00365,0.71615,"Netlogo_H_5","Net_H"
"173",172,0.27905,0.0026,0.0038,0.71455,"Netlogo_H_5","Net_H"
"174",173,0.2812,0.0025,0.004,0.7123,"Netlogo_H_5","Net_H"
"175",174,0.28315,0.0026,0.00405,0.7102,"Netlogo_H_5","Net_H"
"176",175,0.2845,0.00325,0.004,0.70825,"Netlogo_H_5","Net_H"
"177",176,0.28605,0.0037,0.00405,0.7062,"Netlogo_H_5","Net_H"
"178",177,0.28765,0.0038,0.0044,0.70415,"Netlogo_H_5","Net_H"
"179",178,0.28905,0.0038,0.0048,0.70235,"Netlogo_H_5","Net_H"
"180",179,0.29025,0.00355,0.00545,0.70075,"Netlogo_H_5","Net_H"
"181",180,0.29085,0.00405,0.00545,0.69965,"Netlogo_H_5","Net_H"
"182",181,0.2919,0.00385,0.00535,0.6989,"Netlogo_H_5","Net_H"
"183",182,0.2923,0.0043,0.0056,0.6978,"Netlogo_H_5","Net_H"
"184",183,0.2934,0.0047,0.0055,0.6964,"Netlogo_H_5","Net_H"
"185",184,0.2942,0.00485,0.0057,0.69525,"Netlogo_H_5","Net_H"
"186",185,0.29515,0.00465,0.0061,0.6941,"Netlogo_H_5","Net_H"
"187",186,0.2964,0.0049,0.0063,0.6924,"Netlogo_H_5","Net_H"
"188",187,0.29745,0.005,0.00655,0.691,"Netlogo_H_5","Net_H"
"189",188,0.29815,0.0049,0.00665,0.6903,"Netlogo_H_5","Net_H"
"190",189,0.2991,0.0043,0.008,0.6886,"Netlogo_H_5","Net_H"
"191",190,0.2997,0.00485,0.00845,0.687,"Netlogo_H_5","Net_H"
"192",191,0.29975,0.0058,0.00865,0.6858,"Netlogo_H_5","Net_H"
"193",192,0.2998,0.00685,0.00895,0.6844,"Netlogo_H_5","Net_H"
"194",193,0.30015,0.007,0.00905,0.6838,"Netlogo_H_5","Net_H"
"195",194,0.3001,0.0073,0.0093,0.6833,"Netlogo_H_5","Net_H"
"196",195,0.2993,0.00815,0.0101,0.68245,"Netlogo_H_5","Net_H"
"197",196,0.29965,0.0083,0.0108,0.68125,"Netlogo_H_5","Net_H"
"198",197,0.2993,0.00865,0.01165,0.6804,"Netlogo_H_5","Net_H"
"199",198,0.2989,0.00995,0.01175,0.6794,"Netlogo_H_5","Net_H"
"200",199,0.29785,0.0106,0.0125,0.67905,"Netlogo_H_5","Net_H"
"201",200,0.2973,0.0106,0.0133,0.6788,"Netlogo_H_5","Net_H"
"202",201,0.29705,0.01005,0.0148,0.6781,"Netlogo_H_5","Net_H"
"203",202,0.29545,0.01115,0.0156,0.6778,"Netlogo_H_5","Net_H"
"204",203,0.2939,0.01185,0.0155,0.67875,"Netlogo_H_5","Net_H"
"205",204,0.29245,0.0124,0.0161,0.67905,"Netlogo_H_5","Net_H"
"206",205,0.29135,0.0123,0.01775,0.6786,"Netlogo_H_5","Net_H"
"207",206,0.29065,0.01295,0.01855,0.67785,"Netlogo_H_5","Net_H"
"208",207,0.2886,0.0142,0.019,0.6782,"Netlogo_H_5","Net_H"
"209",208,0.28625,0.01575,0.01995,0.67805,"Netlogo_H_5","Net_H"
"210",209,0.2846,0.0162,0.0209,0.6783,"Netlogo_H_5","Net_H"
"211",210,0.28275,0.01695,0.02135,0.67895,"Netlogo_H_5","Net_H"
"212",211,0.28055,0.01695,0.02245,0.68005,"Netlogo_H_5","Net_H"
"213",212,0.27805,0.01725,0.02385,0.68085,"Netlogo_H_5","Net_H"
"214",213,0.2751,0.0183,0.02455,0.68205,"Netlogo_H_5","Net_H"
"215",214,0.2722,0.0192,0.0259,0.6827,"Netlogo_H_5","Net_H"
"216",215,0.26885,0.0208,0.0271,0.68325,"Netlogo_H_5","Net_H"
"217",216,0.26635,0.0208,0.0289,0.68395,"Netlogo_H_5","Net_H"
"218",217,0.26345,0.0218,0.02975,0.685,"Netlogo_H_5","Net_H"
"219",218,0.2603,0.02215,0.0311,0.68645,"Netlogo_H_5","Net_H"
"220",219,0.25765,0.02265,0.0321,0.6876,"Netlogo_H_5","Net_H"
"221",220,0.2539,0.0237,0.03305,0.68935,"Netlogo_H_5","Net_H"
"222",221,0.25055,0.02485,0.0334,0.6912,"Netlogo_H_5","Net_H"
"223",222,0.24625,0.0261,0.03515,0.6925,"Netlogo_H_5","Net_H"
"224",223,0.24325,0.02575,0.03675,0.69425,"Netlogo_H_5","Net_H"
"225",224,0.2383,0.02685,0.03845,0.6964,"Netlogo_H_5","Net_H"
"226",225,0.2335,0.02795,0.0401,0.69845,"Netlogo_H_5","Net_H"
"227",226,0.22915,0.0286,0.0416,0.70065,"Netlogo_H_5","Net_H"
"228",227,0.22485,0.0292,0.04265,0.7033,"Netlogo_H_5","Net_H"
"229",228,0.22015,0.02985,0.0442,0.7058,"Netlogo_H_5","Net_H"
"230",229,0.21465,0.031,0.0449,0.70945,"Netlogo_H_5","Net_H"
"231",230,0.2108,0.03015,0.0465,0.71255,"Netlogo_H_5","Net_H"
"232",231,0.2069,0.03035,0.04815,0.7146,"Netlogo_H_5","Net_H"
"233",232,0.2038,0.03095,0.04855,0.7167,"Netlogo_H_5","Net_H"
"234",233,0.19855,0.0317,0.04995,0.7198,"Netlogo_H_5","Net_H"
"235",234,0.1946,0.03005,0.0528,0.72255,"Netlogo_H_5","Net_H"
"236",235,0.19075,0.0297,0.0546,0.72495,"Netlogo_H_5","Net_H"
"237",236,0.18575,0.0305,0.05695,0.7268,"Netlogo_H_5","Net_H"
"238",237,0.1822,0.031,0.0553,0.7315,"Netlogo_H_5","Net_H"
"239",238,0.1783,0.0314,0.05365,0.73665,"Netlogo_H_5","Net_H"
"240",239,0.17495,0.03095,0.05415,0.73995,"Netlogo_H_5","Net_H"
"241",240,0.1718,0.0297,0.05485,0.74365,"Netlogo_H_5","Net_H"
"242",241,0.1691,0.02865,0.0542,0.74805,"Netlogo_H_5","Net_H"
"243",242,0.16645,0.0273,0.05485,0.7514,"Netlogo_H_5","Net_H"
"244",243,0.16445,0.0272,0.0533,0.75505,"Netlogo_H_5","Net_H"
"245",244,0.1616,0.0268,0.05315,0.75845,"Netlogo_H_5","Net_H"
"246",245,0.15925,0.02555,0.05375,0.76145,"Netlogo_H_5","Net_H"
"247",246,0.1574,0.0245,0.05215,0.76595,"Netlogo_H_5","Net_H"
"248",247,0.15405,0.0248,0.05185,0.7693,"Netlogo_H_5","Net_H"
"249",248,0.1515,0.0249,0.05175,0.77185,"Netlogo_H_5","Net_H"
"250",249,0.1489,0.02515,0.05105,0.7749,"Netlogo_H_5","Net_H"
"251",250,0.14805,0.02535,0.0507,0.7759,"Netlogo_H_5","Net_H"
"252",251,0.14575,0.0254,0.05115,0.7777,"Netlogo_H_5","Net_H"
"253",252,0.1436,0.02495,0.051,0.78045,"Netlogo_H_5","Net_H"
"254",253,0.1424,0.02475,0.05005,0.7828,"Netlogo_H_5","Net_H"
"255",254,0.1413,0.02445,0.0499,0.78435,"Netlogo_H_5","Net_H"
"256",255,0.14125,0.0235,0.04865,0.7866,"Netlogo_H_5","Net_H"
"257",256,0.14055,0.0218,0.0479,0.78975,"Netlogo_H_5","Net_H"
"258",257,0.1404,0.02085,0.047,0.79175,"Netlogo_H_5","Net_H"
"259",258,0.1393,0.02175,0.045,0.79395,"Netlogo_H_5","Net_H"
"260",259,0.13895,0.02145,0.0443,0.7953,"Netlogo_H_5","Net_H"
"261",260,0.1387,0.0197,0.0446,0.797,"Netlogo_H_5","Net_H"
"262",261,0.1389,0.0192,0.04445,0.79745,"Netlogo_H_5","Net_H"
"263",262,0.13835,0.0194,0.04315,0.7991,"Netlogo_H_5","Net_H"
"264",263,0.13845,0.01925,0.0418,0.8005,"Netlogo_H_5","Net_H"
"265",264,0.1381,0.01815,0.04185,0.8019,"Netlogo_H_5","Net_H"
"266",265,0.13815,0.0176,0.04085,0.8034,"Netlogo_H_5","Net_H"
"267",266,0.13775,0.0181,0.03915,0.805,"Netlogo_H_5","Net_H"
"268",267,0.13855,0.0179,0.0386,0.80495,"Netlogo_H_5","Net_H"
"269",268,0.1387,0.0175,0.0374,0.8064,"Netlogo_H_5","Net_H"
"270",269,0.13965,0.01715,0.0368,0.8064,"Netlogo_H_5","Net_H"
"271",270,0.1395,0.017,0.0362,0.8073,"Netlogo_H_5","Net_H"
"272",271,0.13945,0.01675,0.03525,0.80855,"Netlogo_H_5","Net_H"
"273",272,0.13915,0.01705,0.0332,0.8106,"Netlogo_H_5","Net_H"
"274",273,0.13985,0.0166,0.0322,0.81135,"Netlogo_H_5","Net_H"
"275",274,0.14185,0.0157,0.0328,0.80965,"Netlogo_H_5","Net_H"
"276",275,0.1416,0.01585,0.03215,0.8104,"Netlogo_H_5","Net_H"
"277",276,0.14285,0.0165,0.0309,0.80975,"Netlogo_H_5","Net_H"
"278",277,0.14315,0.01615,0.03,0.8107,"Netlogo_H_5","Net_H"
"279",278,0.1439,0.01545,0.0295,0.81115,"Netlogo_H_5","Net_H"
"280",279,0.1447,0.01455,0.0296,0.81115,"Netlogo_H_5","Net_H"
"281",280,0.1452,0.0139,0.029,0.8119,"Netlogo_H_5","Net_H"
"282",281,0.14625,0.0132,0.0291,0.81145,"Netlogo_H_5","Net_H"
"283",282,0.14785,0.01415,0.0272,0.8108,"Netlogo_H_5","Net_H"
"284",283,0.14875,0.0135,0.02645,0.8113,"Netlogo_H_5","Net_H"
"285",284,0.14985,0.01335,0.0261,0.8107,"Netlogo_H_5","Net_H"
"286",285,0.15075,0.01355,0.0257,0.81,"Netlogo_H_5","Net_H"
"287",286,0.15255,0.0126,0.02535,0.8095,"Netlogo_H_5","Net_H"
"288",287,0.1546,0.01225,0.02545,0.8077,"Netlogo_H_5","Net_H"
"289",288,0.1557,0.0118,0.0258,0.8067,"Netlogo_H_5","Net_H"
"290",289,0.15635,0.0123,0.02465,0.8067,"Netlogo_H_5","Net_H"
"291",290,0.15715,0.01275,0.0244,0.8057,"Netlogo_H_5","Net_H"
"292",291,0.159,0.01185,0.02455,0.8046,"Netlogo_H_5","Net_H"
"293",292,0.15885,0.0121,0.02485,0.8042,"Netlogo_H_5","Net_H"
"294",293,0.1595,0.01245,0.02475,0.8033,"Netlogo_H_5","Net_H"
"295",294,0.16125,0.01285,0.02405,0.80185,"Netlogo_H_5","Net_H"
"296",295,0.1639,0.01195,0.0238,0.80035,"Netlogo_H_5","Net_H"
"297",296,0.16735,0.01105,0.0232,0.7984,"Netlogo_H_5","Net_H"
"298",297,0.1695,0.011,0.02265,0.79685,"Netlogo_H_5","Net_H"
"299",298,0.1713,0.01065,0.0232,0.79485,"Netlogo_H_5","Net_H"
"300",299,0.1737,0.0106,0.0233,0.7924,"Netlogo_H_5","Net_H"
"301",300,0.17505,0.01075,0.0227,0.7915,"Netlogo_H_5","Net_H"
"302",301,0.1763,0.0112,0.0225,0.79,"Netlogo_H_5","Net_H"
"303",302,0.17735,0.01175,0.02265,0.78825,"Netlogo_H_5","Net_H"
"304",303,0.17925,0.01175,0.02235,0.78665,"Netlogo_H_5","Net_H"
"305",304,0.18095,0.0118,0.02155,0.7857,"Netlogo_H_5","Net_H"
"306",305,0.1835,0.01155,0.0218,0.78315,"Netlogo_H_5","Net_H"
"307",306,0.18475,0.0122,0.0216,0.78145,"Netlogo_H_5","Net_H"
"308",307,0.1859,0.01195,0.02205,0.7801,"Netlogo_H_5","Net_H"
"309",308,0.1874,0.01245,0.0215,0.77865,"Netlogo_H_5","Net_H"
"310",309,0.1877,0.0128,0.02145,0.77805,"Netlogo_H_5","Net_H"
"311",310,0.1895,0.013,0.0216,0.7759,"Netlogo_H_5","Net_H"
"312",311,0.19075,0.0129,0.022,0.77435,"Netlogo_H_5","Net_H"
"313",312,0.19245,0.0125,0.02225,0.7728,"Netlogo_H_5","Net_H"
"314",313,0.1941,0.01285,0.02195,0.7711,"Netlogo_H_5","Net_H"
"315",314,0.19615,0.0128,0.0218,0.76925,"Netlogo_H_5","Net_H"
"316",315,0.1971,0.0131,0.0221,0.7677,"Netlogo_H_5","Net_H"
"317",316,0.19875,0.0131,0.02295,0.7652,"Netlogo_H_5","Net_H"
"318",317,0.19965,0.01305,0.02355,0.76375,"Netlogo_H_5","Net_H"
"319",318,0.2007,0.0138,0.0237,0.7618,"Netlogo_H_5","Net_H"
"320",319,0.2017,0.01375,0.02365,0.7609,"Netlogo_H_5","Net_H"
"321",320,0.20215,0.014,0.0234,0.76045,"Netlogo_H_5","Net_H"
"322",321,0.20285,0.01415,0.0237,0.7593,"Netlogo_H_5","Net_H"
"323",322,0.2042,0.01445,0.02325,0.7581,"Netlogo_H_5","Net_H"
"324",323,0.2059,0.01375,0.0239,0.75645,"Netlogo_H_5","Net_H"
"325",324,0.207,0.0142,0.0239,0.7549,"Netlogo_H_5","Net_H"
"326",325,0.2077,0.0147,0.0241,0.7535,"Netlogo_H_5","Net_H"
"327",326,0.20875,0.01495,0.0238,0.7525,"Netlogo_H_5","Net_H"
"328",327,0.2088,0.01535,0.02435,0.7515,"Netlogo_H_5","Net_H"
"329",328,0.20975,0.01505,0.02495,0.75025,"Netlogo_H_5","Net_H"
"330",329,0.21075,0.0153,0.0249,0.74905,"Netlogo_H_5","Net_H"
"331",330,0.21105,0.01575,0.0254,0.7478,"Netlogo_H_5","Net_H"
"332",331,0.2118,0.01605,0.02555,0.7466,"Netlogo_H_5","Net_H"
"333",332,0.2123,0.01605,0.02655,0.7451,"Netlogo_H_5","Net_H"
"334",333,0.21245,0.01665,0.02745,0.74345,"Netlogo_H_5","Net_H"
"335",334,0.2122,0.0173,0.0275,0.743,"Netlogo_H_5","Net_H"
"336",335,0.2128,0.0169,0.02775,0.74255,"Netlogo_H_5","Net_H"
"337",336,0.2143,0.0161,0.0282,0.7414,"Netlogo_H_5","Net_H"
"338",337,0.21555,0.01615,0.02785,0.74045,"Netlogo_H_5","Net_H"
"339",338,0.21585,0.01645,0.0277,0.74,"Netlogo_H_5","Net_H"
"340",339,0.2162,0.0165,0.02795,0.73935,"Netlogo_H_5","Net_H"
"341",340,0.21565,0.0163,0.0292,0.73885,"Netlogo_H_5","Net_H"
"342",341,0.21535,0.01805,0.0287,0.7379,"Netlogo_H_5","Net_H"
"343",342,0.2153,0.01835,0.0289,0.73745,"Netlogo_H_5","Net_H"
"344",343,0.21515,0.01925,0.02985,0.73575,"Netlogo_H_5","Net_H"
"345",344,0.21545,0.01925,0.02995,0.73535,"Netlogo_H_5","Net_H"
"346",345,0.21545,0.0191,0.0307,0.73475,"Netlogo_H_5","Net_H"
"347",346,0.2152,0.01925,0.0316,0.73395,"Netlogo_H_5","Net_H"
"348",347,0.2129,0.0211,0.0313,0.7347,"Netlogo_H_5","Net_H"
"349",348,0.21245,0.02115,0.0316,0.7348,"Netlogo_H_5","Net_H"
"350",349,0.212,0.0215,0.03215,0.73435,"Netlogo_H_5","Net_H"
"351",350,0.21105,0.02135,0.03265,0.73495,"Netlogo_H_5","Net_H"
"352",351,0.2106,0.0208,0.0341,0.7345,"Netlogo_H_5","Net_H"
"353",352,0.2118,0.0205,0.03445,0.73325,"Netlogo_H_5","Net_H"
"354",353,0.21075,0.0213,0.03485,0.7331,"Netlogo_H_5","Net_H"
"355",354,0.21035,0.02205,0.0351,0.7325,"Netlogo_H_5","Net_H"
"356",355,0.2109,0.02245,0.0351,0.73155,"Netlogo_H_5","Net_H"
"357",356,0.2109,0.02185,0.03665,0.7306,"Netlogo_H_5","Net_H"
"358",357,0.20945,0.02295,0.037,0.7306,"Netlogo_H_5","Net_H"
"359",358,0.2081,0.0236,0.0379,0.7304,"Netlogo_H_5","Net_H"
"360",359,0.20725,0.02285,0.039,0.7309,"Netlogo_H_5","Net_H"
"361",360,0.2056,0.0241,0.03935,0.73095,"Netlogo_H_5","Net_H"
"362",361,0.2033,0.02525,0.03995,0.7315,"Netlogo_H_5","Net_H"
"363",362,0.2011,0.02495,0.04115,0.7328,"Netlogo_H_5","Net_H"
"364",363,0.19955,0.02515,0.0418,0.7335,"Netlogo_H_5","Net_H"
"365",364,0.1986,0.02405,0.04295,0.7344,"Netlogo_H_5","Net_H"
"366",365,0.1977,0.0242,0.0445,0.7336,"Netlogo_H_5","Net_H"
"367",366,0.19675,0.0255,0.04355,0.7342,"Netlogo_H_5","Net_H"
"368",367,0.1964,0.02445,0.0432,0.73595,"Netlogo_H_5","Net_H"
"369",368,0.1957,0.0246,0.0439,0.7358,"Netlogo_H_5","Net_H"
"370",369,0.19475,0.02475,0.04385,0.73665,"Netlogo_H_5","Net_H"
"371",370,0.19375,0.02555,0.0446,0.7361,"Netlogo_H_5","Net_H"
"372",371,0.19255,0.02515,0.04495,0.73735,"Netlogo_H_5","Net_H"
"373",372,0.1918,0.02475,0.04475,0.7387,"Netlogo_H_5","Net_H"
"374",373,0.19075,0.02445,0.0461,0.7387,"Netlogo_H_5","Net_H"
"375",374,0.1888,0.02565,0.0457,0.73985,"Netlogo_H_5","Net_H"
"376",375,0.18815,0.0245,0.04585,0.7415,"Netlogo_H_5","Net_H"
"377",376,0.18565,0.02575,0.047,0.7416,"Netlogo_H_5","Net_H"
"378",377,0.18465,0.02505,0.04755,0.74275,"Netlogo_H_5","Net_H"
"379",378,0.1815,0.0261,0.0478,0.7446,"Netlogo_H_5","Net_H"
"380",379,0.18085,0.0265,0.04765,0.745,"Netlogo_H_5","Net_H"
"381",380,0.18005,0.02545,0.0488,0.7457,"Netlogo_H_5","Net_H"
"382",381,0.17725,0.027,0.04985,0.7459,"Netlogo_H_5","Net_H"
"383",382,0.176,0.0276,0.0489,0.7475,"Netlogo_H_5","Net_H"
"384",383,0.17515,0.02705,0.0503,0.7475,"Netlogo_H_5","Net_H"
"385",384,0.173,0.02705,0.05005,0.7499,"Netlogo_H_5","Net_H"
"386",385,0.1734,0.02555,0.0504,0.75065,"Netlogo_H_5","Net_H"
"387",386,0.1709,0.0264,0.0502,0.7525,"Netlogo_H_5","Net_H"
"388",387,0.1702,0.0271,0.04945,0.75325,"Netlogo_H_5","Net_H"
"389",388,0.1691,0.0265,0.04965,0.75475,"Netlogo_H_5","Net_H"
"390",389,0.1676,0.0264,0.0505,0.7555,"Netlogo_H_5","Net_H"
"391",390,0.1663,0.0267,0.05095,0.75605,"Netlogo_H_5","Net_H"
"392",391,0.16515,0.02675,0.0493,0.7588,"Netlogo_H_5","Net_H"
"393",392,0.16465,0.02685,0.04835,0.76015,"Netlogo_H_5","Net_H"
"394",393,0.1638,0.0264,0.0491,0.7607,"Netlogo_H_5","Net_H"
"395",394,0.1636,0.02495,0.04985,0.7616,"Netlogo_H_5","Net_H"
"396",395,0.1628,0.0254,0.0491,0.7627,"Netlogo_H_5","Net_H"
"397",396,0.1623,0.0252,0.04855,0.76395,"Netlogo_H_5","Net_H"
"398",397,0.16175,0.0247,0.04895,0.7646,"Netlogo_H_5","Net_H"
"399",398,0.16165,0.0232,0.04975,0.7654,"Netlogo_H_5","Net_H"
"400",399,0.1611,0.0231,0.04825,0.76755,"Netlogo_H_5","Net_H"
"401",400,0.1613,0.02245,0.04705,0.7692,"Netlogo_H_5","Net_H"
"402",401,0.1607,0.02245,0.04595,0.7709,"Netlogo_H_5","Net_H"
"403",402,0.16,0.0229,0.0454,0.7717,"Netlogo_H_5","Net_H"
"404",403,0.1604,0.0227,0.0438,0.7731,"Netlogo_H_5","Net_H"
"405",404,0.16075,0.02165,0.0439,0.7737,"Netlogo_H_5","Net_H"
"406",405,0.16135,0.02185,0.0433,0.7735,"Netlogo_H_5","Net_H"
"407",406,0.16095,0.02265,0.04265,0.77375,"Netlogo_H_5","Net_H"
"408",407,0.1608,0.02165,0.0428,0.77475,"Netlogo_H_5","Net_H"
"409",408,0.16115,0.0209,0.04375,0.7742,"Netlogo_H_5","Net_H"
"410",409,0.16165,0.0203,0.0441,0.77395,"Netlogo_H_5","Net_H"
"411",410,0.1616,0.0204,0.04275,0.77525,"Netlogo_H_5","Net_H"
"412",411,0.161,0.0211,0.0407,0.7772,"Netlogo_H_5","Net_H"
"413",412,0.16075,0.02095,0.0403,0.778,"Netlogo_H_5","Net_H"
"414",413,0.16065,0.0214,0.039,0.77895,"Netlogo_H_5","Net_H"
"415",414,0.1615,0.0211,0.03915,0.77825,"Netlogo_H_5","Net_H"
"416",415,0.16275,0.0199,0.03925,0.7781,"Netlogo_H_5","Net_H"
"417",416,0.16345,0.01965,0.03895,0.77795,"Netlogo_H_5","Net_H"
"418",417,0.1639,0.01885,0.0389,0.77835,"Netlogo_H_5","Net_H"
"419",418,0.1647,0.01885,0.03815,0.7783,"Netlogo_H_5","Net_H"
"420",419,0.16455,0.01855,0.03875,0.77815,"Netlogo_H_5","Net_H"
"421",420,0.16525,0.0193,0.03735,0.7781,"Netlogo_H_5","Net_H"
"422",421,0.1655,0.01885,0.03675,0.7789,"Netlogo_H_5","Net_H"
"423",422,0.16595,0.01855,0.03715,0.77835,"Netlogo_H_5","Net_H"
"424",423,0.16645,0.01845,0.03665,0.77845,"Netlogo_H_5","Net_H"
"425",424,0.16705,0.01905,0.03605,0.77785,"Netlogo_H_5","Net_H"
"426",425,0.16815,0.01935,0.03585,0.77665,"Netlogo_H_5","Net_H"
"427",426,0.16755,0.01975,0.03615,0.77655,"Netlogo_H_5","Net_H"
"428",427,0.16805,0.0193,0.0357,0.77695,"Netlogo_H_5","Net_H"
"429",428,0.16825,0.02005,0.0348,0.7769,"Netlogo_H_5","Net_H"
"430",429,0.16975,0.019,0.035,0.77625,"Netlogo_H_5","Net_H"
"431",430,0.16965,0.0186,0.0359,0.77585,"Netlogo_H_5","Net_H"
"432",431,0.17095,0.0178,0.03695,0.7743,"Netlogo_H_5","Net_H"
"433",432,0.1726,0.018,0.03665,0.77275,"Netlogo_H_5","Net_H"
"434",433,0.1739,0.0179,0.0382,0.77,"Netlogo_H_5","Net_H"
"435",434,0.17285,0.01805,0.03785,0.77125,"Netlogo_H_5","Net_H"
"436",435,0.17325,0.0194,0.0367,0.77065,"Netlogo_H_5","Net_H"
"437",436,0.1748,0.0204,0.0356,0.7692,"Netlogo_H_5","Net_H"
"438",437,0.1755,0.0204,0.03415,0.76995,"Netlogo_H_5","Net_H"
"439",438,0.1765,0.01915,0.036,0.76835,"Netlogo_H_5","Net_H"
"440",439,0.17675,0.0181,0.0362,0.76895,"Netlogo_H_5","Net_H"
"441",440,0.17665,0.0192,0.0354,0.76875,"Netlogo_H_5","Net_H"
"442",441,0.178,0.01805,0.0352,0.76875,"Netlogo_H_5","Net_H"
"443",442,0.17865,0.0188,0.0349,0.76765,"Netlogo_H_5","Net_H"
"444",443,0.1784,0.0188,0.03475,0.76805,"Netlogo_H_5","Net_H"
"445",444,0.1786,0.01875,0.035,0.76765,"Netlogo_H_5","Net_H"
"446",445,0.178,0.01965,0.03495,0.7674,"Netlogo_H_5","Net_H"
"447",446,0.1769,0.0203,0.0348,0.768,"Netlogo_H_5","Net_H"
"448",447,0.1779,0.0195,0.03565,0.76695,"Netlogo_H_5","Net_H"
"449",448,0.1783,0.0191,0.03625,0.76635,"Netlogo_H_5","Net_H"
"450",449,0.17955,0.019,0.03585,0.7656,"Netlogo_H_5","Net_H"
"451",450,0.1793,0.0197,0.03565,0.76535,"Netlogo_H_5","Net_H"
"452",451,0.1794,0.0186,0.03705,0.76495,"Netlogo_H_5","Net_H"
"453",452,0.179,0.0188,0.037,0.7652,"Netlogo_H_5","Net_H"
"454",453,0.1789,0.01965,0.0355,0.76595,"Netlogo_H_5","Net_H"
"455",454,0.17885,0.0192,0.03575,0.7662,"Netlogo_H_5","Net_H"
"456",455,0.17995,0.01945,0.03565,0.76495,"Netlogo_H_5","Net_H"
"457",456,0.1796,0.0189,0.03525,0.76625,"Netlogo_H_5","Net_H"
"458",457,0.17985,0.01915,0.03515,0.76585,"Netlogo_H_5","Net_H"
"459",458,0.17995,0.0193,0.0352,0.76555,"Netlogo_H_5","Net_H"
"460",459,0.1806,0.01925,0.03445,0.7657,"Netlogo_H_5","Net_H"
"461",460,0.1804,0.01955,0.0345,0.76555,"Netlogo_H_5","Net_H"
"462",461,0.18055,0.01945,0.03435,0.76565,"Netlogo_H_5","Net_H"
"463",462,0.1809,0.0198,0.03375,0.76555,"Netlogo_H_5","Net_H"
"464",463,0.1815,0.01975,0.03475,0.764,"Netlogo_H_5","Net_H"
"465",464,0.1815,0.01965,0.03545,0.7634,"Netlogo_H_5","Net_H"
"466",465,0.1813,0.02,0.03605,0.76265,"Netlogo_H_5","Net_H"
"467",466,0.1812,0.0199,0.0362,0.7627,"Netlogo_H_5","Net_H"
"468",467,0.1813,0.0208,0.0363,0.7616,"Netlogo_H_5","Net_H"
"469",468,0.18215,0.0208,0.03645,0.7606,"Netlogo_H_5","Net_H"
"470",469,0.18145,0.02105,0.03685,0.76065,"Netlogo_H_5","Net_H"
"471",470,0.18165,0.0217,0.0368,0.75985,"Netlogo_H_5","Net_H"
"472",471,0.1813,0.0217,0.037,0.76,"Netlogo_H_5","Net_H"
"473",472,0.1813,0.0213,0.0369,0.7605,"Netlogo_H_5","Net_H"
"474",473,0.1814,0.02075,0.0377,0.76015,"Netlogo_H_5","Net_H"
"475",474,0.18215,0.02045,0.03835,0.75905,"Netlogo_H_5","Net_H"
"476",475,0.18145,0.0214,0.0381,0.75905,"Netlogo_H_5","Net_H"
"477",476,0.1811,0.02235,0.03665,0.7599,"Netlogo_H_5","Net_H"
"478",477,0.18075,0.0214,0.03765,0.7602,"Netlogo_H_5","Net_H"
"479",478,0.18115,0.0212,0.0376,0.76005,"Netlogo_H_5","Net_H"
"480",479,0.181,0.02025,0.0379,0.76085,"Netlogo_H_5","Net_H"
"481",480,0.18075,0.02125,0.03835,0.75965,"Netlogo_H_5","Net_H"
"482",481,0.18115,0.0209,0.03865,0.7593,"Netlogo_H_5","Net_H"
"483",482,0.1806,0.0211,0.0382,0.7601,"Netlogo_H_5","Net_H"
"484",483,0.1802,0.02125,0.03775,0.7608,"Netlogo_H_5","Net_H"
"485",484,0.18125,0.02055,0.03815,0.76005,"Netlogo_H_5","Net_H"
"486",485,0.18125,0.02125,0.0381,0.7594,"Netlogo_H_5","Net_H"
"487",486,0.18075,0.0216,0.038,0.75965,"Netlogo_H_5","Net_H"
"488",487,0.1807,0.0212,0.0377,0.7604,"Netlogo_H_5","Net_H"
"489",488,0.18095,0.02135,0.0376,0.7601,"Netlogo_H_5","Net_H"
"490",489,0.18075,0.02185,0.03795,0.75945,"Netlogo_H_5","Net_H"
"491",490,0.17985,0.02175,0.0388,0.7596,"Netlogo_H_5","Net_H"
"492",491,0.17945,0.02175,0.03885,0.75995,"Netlogo_H_5","Net_H"
"493",492,0.17885,0.02155,0.03955,0.76005,"Netlogo_H_5","Net_H"
"494",493,0.17765,0.0218,0.039,0.76155,"Netlogo_H_5","Net_H"
"495",494,0.17725,0.0218,0.03875,0.7622,"Netlogo_H_5","Net_H"
"496",495,0.1772,0.02175,0.03845,0.7626,"Netlogo_H_5","Net_H"
"497",496,0.1778,0.02005,0.0391,0.76305,"Netlogo_H_5","Net_H"
"498",497,0.1778,0.02055,0.04,0.76165,"Netlogo_H_5","Net_H"
"499",498,0.1778,0.02055,0.0398,0.76185,"Netlogo_H_5","Net_H"
"500",499,0.17725,0.02075,0.03975,0.76225,"Netlogo_H_5","Net_H"
"501",500,0.1767,0.02165,0.038,0.76365,"Netlogo_H_5","Net_H"
"502",501,0.177,0.0219,0.03885,0.76225,"Netlogo_H_5","Net_H"
"503",502,0.17585,0.02295,0.0387,0.7625,"Netlogo_H_5","Net_H"
"504",503,0.1756,0.02235,0.0394,0.76265,"Netlogo_H_5","Net_H"
"505",504,0.17565,0.02205,0.03975,0.76255,"Netlogo_H_5","Net_H"
"506",505,0.1768,0.02215,0.03995,0.7611,"Netlogo_H_5","Net_H"
"507",506,0.17685,0.02205,0.03965,0.76145,"Netlogo_H_5","Net_H"
"508",507,0.17665,0.0215,0.0399,0.76195,"Netlogo_H_5","Net_H"
"509",508,0.17545,0.0223,0.0404,0.76185,"Netlogo_H_5","Net_H"
"510",509,0.17555,0.0218,0.04035,0.7623,"Netlogo_H_5","Net_H"
"511",510,0.1755,0.0222,0.0393,0.763,"Netlogo_H_5","Net_H"
"512",511,0.17475,0.0226,0.03915,0.7635,"Netlogo_H_5","Net_H"
"513",512,0.1756,0.02215,0.0396,0.76265,"Netlogo_H_5","Net_H"
"514",513,0.1754,0.02235,0.0393,0.76295,"Netlogo_H_5","Net_H"
"515",514,0.1755,0.0225,0.03925,0.76275,"Netlogo_H_5","Net_H"
"516",515,0.17485,0.02165,0.04015,0.76335,"Netlogo_H_5","Net_H"
"517",516,0.1741,0.02135,0.0403,0.76425,"Netlogo_H_5","Net_H"
"518",517,0.1737,0.02115,0.04035,0.7648,"Netlogo_H_5","Net_H"
"519",518,0.1728,0.02195,0.0397,0.76555,"Netlogo_H_5","Net_H"
"520",519,0.1727,0.02195,0.03925,0.7661,"Netlogo_H_5","Net_H"
"521",520,0.17295,0.0212,0.0402,0.76565,"Netlogo_H_5","Net_H"
"522",521,0.17285,0.0202,0.0397,0.76725,"Netlogo_H_5","Net_H"
"523",522,0.1723,0.0206,0.0396,0.7675,"Netlogo_H_5","Net_H"
"524",523,0.1717,0.02025,0.0396,0.76845,"Netlogo_H_5","Net_H"
"525",524,0.1715,0.0205,0.0399,0.7681,"Netlogo_H_5","Net_H"
"526",525,0.17195,0.02045,0.0396,0.768,"Netlogo_H_5","Net_H"
"527",526,0.1727,0.01935,0.03905,0.7689,"Netlogo_H_5","Net_H"
"528",527,0.17265,0.0188,0.0401,0.76845,"Netlogo_H_5","Net_H"
"529",528,0.1731,0.0191,0.03945,0.76835,"Netlogo_H_5","Net_H"
"530",529,0.1733,0.01975,0.03795,0.769,"Netlogo_H_5","Net_H"
"531",530,0.17355,0.0198,0.03655,0.7701,"Netlogo_H_5","Net_H"
"532",531,0.17355,0.02025,0.03585,0.77035,"Netlogo_H_5","Net_H"
"533",532,0.17385,0.02055,0.036,0.7696,"Netlogo_H_5","Net_H"
"534",533,0.1731,0.0212,0.036,0.7697,"Netlogo_H_5","Net_H"
"535",534,0.1726,0.02115,0.0363,0.76995,"Netlogo_H_5","Net_H"
"536",535,0.17275,0.0201,0.0376,0.76955,"Netlogo_H_5","Net_H"
"537",536,0.1726,0.02005,0.0386,0.76875,"Netlogo_H_5","Net_H"
"538",537,0.17225,0.0205,0.03805,0.7692,"Netlogo_H_5","Net_H"
"539",538,0.1713,0.021,0.0377,0.77,"Netlogo_H_5","Net_H"
"540",539,0.171,0.0221,0.03765,0.76925,"Netlogo_H_5","Net_H"
"541",540,0.1721,0.02125,0.0385,0.76815,"Netlogo_H_5","Net_H"
"542",541,0.171,0.0214,0.03905,0.76855,"Netlogo_H_5","Net_H"
"543",542,0.17145,0.0215,0.0388,0.76825,"Netlogo_H_5","Net_H"
"544",543,0.17015,0.0218,0.0393,0.76875,"Netlogo_H_5","Net_H"
"545",544,0.1698,0.0213,0.03865,0.77025,"Netlogo_H_5","Net_H"
"546",545,0.16895,0.02165,0.0392,0.7702,"Netlogo_H_5","Net_H"
"547",546,0.16915,0.02085,0.03935,0.77065,"Netlogo_H_5","Net_H"
"548",547,0.1697,0.0201,0.0392,0.771,"Netlogo_H_5","Net_H"
"549",548,0.16815,0.0206,0.0393,0.77195,"Netlogo_H_5","Net_H"
"550",549,0.16795,0.02095,0.039,0.7721,"Netlogo_H_5","Net_H"
"551",550,0.1681,0.02095,0.03945,0.7715,"Netlogo_H_5","Net_H"
"552",551,0.16765,0.02045,0.0398,0.7721,"Netlogo_H_5","Net_H"
"553",552,0.1676,0.0202,0.04,0.7722,"Netlogo_H_5","Net_H"
"554",553,0.1671,0.02085,0.0399,0.77215,"Netlogo_H_5","Net_H"
"555",554,0.16765,0.02,0.04015,0.7722,"Netlogo_H_5","Net_H"
"556",555,0.16835,0.01965,0.0398,0.7722,"Netlogo_H_5","Net_H"
"557",556,0.1686,0.01895,0.03885,0.7736,"Netlogo_H_5","Net_H"
"558",557,0.16925,0.01795,0.03945,0.77335,"Netlogo_H_5","Net_H"
"559",558,0.1693,0.018,0.0398,0.7729,"Netlogo_H_5","Net_H"
"560",559,0.16945,0.019,0.03855,0.773,"Netlogo_H_5","Net_H"
"561",560,0.17005,0.01945,0.0384,0.7721,"Netlogo_H_5","Net_H"
"562",561,0.1703,0.02035,0.03735,0.772,"Netlogo_H_5","Net_H"
"563",562,0.17075,0.01955,0.03775,0.77195,"Netlogo_H_5","Net_H"
"564",563,0.1711,0.01945,0.03845,0.771,"Netlogo_H_5","Net_H"
"565",564,0.17135,0.01945,0.03785,0.77135,"Netlogo_H_5","Net_H"
"566",565,0.17215,0.0202,0.0367,0.77095,"Netlogo_H_5","Net_H"
"567",566,0.1723,0.01935,0.03655,0.7718,"Netlogo_H_5","Net_H"
"568",567,0.17305,0.0184,0.03725,0.7713,"Netlogo_H_5","Net_H"
"569",568,0.1731,0.01905,0.03635,0.7715,"Netlogo_H_5","Net_H"
"570",569,0.1737,0.0191,0.0355,0.7717,"Netlogo_H_5","Net_H"
"571",570,0.1738,0.02015,0.0345,0.77155,"Netlogo_H_5","Net_H"
"572",571,0.17525,0.02045,0.03395,0.77035,"Netlogo_H_5","Net_H"
"573",572,0.17605,0.0199,0.0338,0.77025,"Netlogo_H_5","Net_H"
"574",573,0.17675,0.0187,0.0352,0.76935,"Netlogo_H_5","Net_H"
"575",574,0.17745,0.01805,0.0363,0.7682,"Netlogo_H_5","Net_H"
"576",575,0.1781,0.01735,0.0367,0.76785,"Netlogo_H_5","Net_H"
"577",576,0.1785,0.01935,0.0352,0.76695,"Netlogo_H_5","Net_H"
"578",577,0.17955,0.0196,0.03445,0.7664,"Netlogo_H_5","Net_H"
"579",578,0.18015,0.01815,0.03475,0.76695,"Netlogo_H_5","Net_H"
"580",579,0.18055,0.0183,0.03545,0.7657,"Netlogo_H_5","Net_H"
"581",580,0.1804,0.02,0.034,0.7656,"Netlogo_H_5","Net_H"
"582",581,0.17975,0.02065,0.0345,0.7651,"Netlogo_H_5","Net_H"
"583",582,0.18025,0.0208,0.03485,0.7641,"Netlogo_H_5","Net_H"
"584",583,0.18045,0.01905,0.03565,0.76485,"Netlogo_H_5","Net_H"
"585",584,0.18075,0.01875,0.0361,0.7644,"Netlogo_H_5","Net_H"
"586",585,0.18075,0.01865,0.0358,0.7648,"Netlogo_H_5","Net_H"
"587",586,0.182,0.0183,0.03595,0.76375,"Netlogo_H_5","Net_H"
"588",587,0.1835,0.0187,0.03475,0.76305,"Netlogo_H_5","Net_H"
"589",588,0.18365,0.01935,0.03415,0.76285,"Netlogo_H_5","Net_H"
"590",589,0.1839,0.0193,0.03335,0.76345,"Netlogo_H_5","Net_H"
"591",590,0.18345,0.0198,0.0338,0.76295,"Netlogo_H_5","Net_H"
"592",591,0.18575,0.0188,0.03415,0.7613,"Netlogo_H_5","Net_H"
"593",592,0.1856,0.0182,0.0347,0.7615,"Netlogo_H_5","Net_H"
"594",593,0.18765,0.01755,0.03575,0.75905,"Netlogo_H_5","Net_H"
"595",594,0.1878,0.01725,0.03545,0.7595,"Netlogo_H_5","Net_H"
"596",595,0.1886,0.018,0.03525,0.75815,"Netlogo_H_5","Net_H"
"597",596,0.18865,0.01815,0.0348,0.7584,"Netlogo_H_5","Net_H"
"598",597,0.1895,0.0194,0.03425,0.75685,"Netlogo_H_5","Net_H"
"599",598,0.1893,0.01855,0.03525,0.7569,"Netlogo_H_5","Net_H"
"600",599,0.1891,0.01915,0.0354,0.75635,"Netlogo_H_5","Net_H"
"601",600,0.1894,0.01865,0.0358,0.75615,"Netlogo_H_5","Net_H"
"602",601,0.1894,0.01985,0.03525,0.7555,"Netlogo_H_5","Net_H"
"603",602,0.18975,0.01995,0.0343,0.756,"Netlogo_H_5","Net_H"
"604",603,0.19035,0.02,0.03455,0.7551,"Netlogo_H_5","Net_H"
"605",604,0.1903,0.0206,0.0354,0.7537,"Netlogo_H_5","Net_H"
"606",605,0.189,0.0224,0.03495,0.75365,"Netlogo_H_5","Net_H"
"607",606,0.1878,0.02355,0.0352,0.75345,"Netlogo_H_5","Net_H"
"608",607,0.18725,0.02295,0.0357,0.7541,"Netlogo_H_5","Net_H"
"609",608,0.18765,0.02165,0.0361,0.7546,"Netlogo_H_5","Net_H"
"610",609,0.18625,0.0215,0.03675,0.7555,"Netlogo_H_5","Net_H"
"611",610,0.1853,0.02175,0.03745,0.7555,"Netlogo_H_5","Net_H"
"612",611,0.1833,0.02295,0.0372,0.75655,"Netlogo_H_5","Net_H"
"613",612,0.18315,0.0236,0.03735,0.7559,"Netlogo_H_5","Net_H"
"614",613,0.1831,0.0226,0.0381,0.7562,"Netlogo_H_5","Net_H"
"615",614,0.1835,0.02205,0.0391,0.75535,"Netlogo_H_5","Net_H"
"616",615,0.18275,0.02245,0.0398,0.755,"Netlogo_H_5","Net_H"
"617",616,0.18255,0.0226,0.0406,0.75425,"Netlogo_H_5","Net_H"
"618",617,0.18255,0.02215,0.0402,0.7551,"Netlogo_H_5","Net_H"
"619",618,0.1825,0.02255,0.0399,0.75505,"Netlogo_H_5","Net_H"
"620",619,0.1827,0.0225,0.03865,0.75615,"Netlogo_H_5","Net_H"
"621",620,0.1826,0.02255,0.0386,0.75625,"Netlogo_H_5","Net_H"
"622",621,0.1845,0.02125,0.03865,0.7556,"Netlogo_H_5","Net_H"
"623",622,0.18405,0.0213,0.0383,0.75635,"Netlogo_H_5","Net_H"
"624",623,0.1838,0.02105,0.038,0.75715,"Netlogo_H_5","Net_H"
"625",624,0.1847,0.0204,0.03825,0.75665,"Netlogo_H_5","Net_H"
"626",625,0.18495,0.0216,0.038,0.75545,"Netlogo_H_5","Net_H"
"627",626,0.18585,0.0212,0.03845,0.7545,"Netlogo_H_5","Net_H"
"628",627,0.1864,0.02145,0.0381,0.75405,"Netlogo_H_5","Net_H"
"629",628,0.18565,0.02145,0.03905,0.75385,"Netlogo_H_5","Net_H"
"630",629,0.1852,0.0217,0.0393,0.7538,"Netlogo_H_5","Net_H"
"631",630,0.18585,0.0217,0.03885,0.7536,"Netlogo_H_5","Net_H"
"632",631,0.1856,0.0207,0.0388,0.7549,"Netlogo_H_5","Net_H"
"633",632,0.18545,0.02065,0.03945,0.75445,"Netlogo_H_5","Net_H"
"634",633,0.18435,0.02115,0.03985,0.75465,"Netlogo_H_5","Net_H"
"635",634,0.1846,0.0217,0.0401,0.7536,"Netlogo_H_5","Net_H"
"636",635,0.1839,0.0226,0.03985,0.75365,"Netlogo_H_5","Net_H"
"637",636,0.1834,0.0225,0.0403,0.7538,"Netlogo_H_5","Net_H"
"638",637,0.1818,0.02385,0.0404,0.75395,"Netlogo_H_5","Net_H"
"639",638,0.18185,0.02395,0.04185,0.75235,"Netlogo_H_5","Net_H"
"640",639,0.1813,0.0238,0.04215,0.75275,"Netlogo_H_5","Net_H"
