"","step","S","E","I","R","simu","Langage"
"1",0,0.999,0,0.001,0,"Netlogo_H_11","Net_H"
"2",1,0.9984,6e-04,0.001,0,"Netlogo_H_11","Net_H"
"3",2,0.9979,0.0011,0.00085,0.00015,"Netlogo_H_11","Net_H"
"4",3,0.99725,0.00165,0.00085,0.00025,"Netlogo_H_11","Net_H"
"5",4,0.99665,0.0019,0.00115,3e-04,"Netlogo_H_11","Net_H"
"6",5,0.99545,0.00295,0.0013,3e-04,"Netlogo_H_11","Net_H"
"7",6,0.9951,0.0027,0.0017,5e-04,"Netlogo_H_11","Net_H"
"8",7,0.99365,0.00335,0.00235,0.00065,"Netlogo_H_11","Net_H"
"9",8,0.99125,0.0052,0.00265,9e-04,"Netlogo_H_11","Net_H"
"10",9,0.9893,0.0064,0.00315,0.00115,"Netlogo_H_11","Net_H"
"11",10,0.9872,0.00715,0.00405,0.0016,"Netlogo_H_11","Net_H"
"12",11,0.9843,0.0085,0.00505,0.00215,"Netlogo_H_11","Net_H"
"13",12,0.98115,0.01025,0.00585,0.00275,"Netlogo_H_11","Net_H"
"14",13,0.97755,0.0121,0.0071,0.00325,"Netlogo_H_11","Net_H"
"15",14,0.9731,0.01405,0.0089,0.00395,"Netlogo_H_11","Net_H"
"16",15,0.9659,0.0191,0.00985,0.00515,"Netlogo_H_11","Net_H"
"17",16,0.95915,0.0224,0.01245,0.006,"Netlogo_H_11","Net_H"
"18",17,0.9507,0.02685,0.0156,0.00685,"Netlogo_H_11","Net_H"
"19",18,0.9405,0.0321,0.01915,0.00825,"Netlogo_H_11","Net_H"
"20",19,0.92745,0.0394,0.0234,0.00975,"Netlogo_H_11","Net_H"
"21",20,0.9131,0.04655,0.0287,0.01165,"Netlogo_H_11","Net_H"
"22",21,0.89585,0.05405,0.03485,0.01525,"Netlogo_H_11","Net_H"
"23",22,0.87215,0.0685,0.04075,0.0186,"Netlogo_H_11","Net_H"
"24",23,0.84715,0.0817,0.04825,0.0229,"Netlogo_H_11","Net_H"
"25",24,0.8167,0.09625,0.05965,0.0274,"Netlogo_H_11","Net_H"
"26",25,0.78235,0.1111,0.07325,0.0333,"Netlogo_H_11","Net_H"
"27",26,0.74345,0.1283,0.0874,0.04085,"Netlogo_H_11","Net_H"
"28",27,0.7009,0.14625,0.1031,0.04975,"Netlogo_H_11","Net_H"
"29",28,0.65245,0.16605,0.12095,0.06055,"Netlogo_H_11","Net_H"
"30",29,0.5994,0.18735,0.14065,0.0726,"Netlogo_H_11","Net_H"
"31",30,0.54135,0.2058,0.16625,0.0866,"Netlogo_H_11","Net_H"
"32",31,0.48235,0.22415,0.1892,0.1043,"Netlogo_H_11","Net_H"
"33",32,0.4201,0.2409,0.21625,0.12275,"Netlogo_H_11","Net_H"
"34",33,0.36225,0.24685,0.24625,0.14465,"Netlogo_H_11","Net_H"
"35",34,0.30445,0.25095,0.27575,0.16885,"Netlogo_H_11","Net_H"
"36",35,0.2516,0.2483,0.30135,0.19875,"Netlogo_H_11","Net_H"
"37",36,0.2053,0.2417,0.32505,0.22795,"Netlogo_H_11","Net_H"
"38",37,0.1613,0.23355,0.34205,0.2631,"Netlogo_H_11","Net_H"
"39",38,0.12925,0.2115,0.35955,0.2997,"Netlogo_H_11","Net_H"
"40",39,0.102,0.1894,0.36855,0.34005,"Netlogo_H_11","Net_H"
"41",40,0.07985,0.16585,0.3733,0.381,"Netlogo_H_11","Net_H"
"42",41,0.062,0.14365,0.37255,0.4218,"Netlogo_H_11","Net_H"
"43",42,0.05025,0.1216,0.3651,0.46305,"Netlogo_H_11","Net_H"
"44",43,0.03935,0.10195,0.3539,0.5048,"Netlogo_H_11","Net_H"
"45",44,0.03145,0.0855,0.3359,0.54715,"Netlogo_H_11","Net_H"
"46",45,0.0273,0.0697,0.31705,0.58595,"Netlogo_H_11","Net_H"
"47",46,0.0237,0.05645,0.29665,0.6232,"Netlogo_H_11","Net_H"
"48",47,0.02135,0.0451,0.2742,0.65935,"Netlogo_H_11","Net_H"
"49",48,0.01935,0.037,0.25235,0.6913,"Netlogo_H_11","Net_H"
"50",49,0.0178,0.0295,0.2307,0.722,"Netlogo_H_11","Net_H"
"51",50,0.0175,0.02455,0.20895,0.749,"Netlogo_H_11","Net_H"
"52",51,0.01805,0.02005,0.18985,0.77205,"Netlogo_H_11","Net_H"
"53",52,0.0177,0.01745,0.169,0.79585,"Netlogo_H_11","Net_H"
"54",53,0.01785,0.01435,0.15225,0.81555,"Netlogo_H_11","Net_H"
"55",54,0.0184,0.0131,0.13395,0.83455,"Netlogo_H_11","Net_H"
"56",55,0.01905,0.01175,0.1194,0.8498,"Netlogo_H_11","Net_H"
"57",56,0.02025,0.01015,0.1061,0.8635,"Netlogo_H_11","Net_H"
"58",57,0.0219,0.009,0.09475,0.87435,"Netlogo_H_11","Net_H"
"59",58,0.02365,0.00765,0.0825,0.8862,"Netlogo_H_11","Net_H"
"60",59,0.02575,0.0068,0.0727,0.89475,"Netlogo_H_11","Net_H"
"61",60,0.02675,0.0062,0.0652,0.90185,"Netlogo_H_11","Net_H"
"62",61,0.0294,0.0056,0.05665,0.90835,"Netlogo_H_11","Net_H"
"63",62,0.031,0.00565,0.0498,0.91355,"Netlogo_H_11","Net_H"
"64",63,0.03335,0.00535,0.0451,0.9162,"Netlogo_H_11","Net_H"
"65",64,0.0358,0.00505,0.0388,0.92035,"Netlogo_H_11","Net_H"
"66",65,0.0374,0.0048,0.03535,0.92245,"Netlogo_H_11","Net_H"
"67",66,0.0395,0.00455,0.03245,0.9235,"Netlogo_H_11","Net_H"
"68",67,0.04235,0.0048,0.0283,0.92455,"Netlogo_H_11","Net_H"
"69",68,0.0441,0.0048,0.0257,0.9254,"Netlogo_H_11","Net_H"
"70",69,0.0463,0.00455,0.0241,0.92505,"Netlogo_H_11","Net_H"
"71",70,0.0487,0.0039,0.02185,0.92555,"Netlogo_H_11","Net_H"
"72",71,0.0513,0.0033,0.0199,0.9255,"Netlogo_H_11","Net_H"
"73",72,0.0533,0.0036,0.0181,0.925,"Netlogo_H_11","Net_H"
"74",73,0.05525,0.00335,0.01645,0.92495,"Netlogo_H_11","Net_H"
"75",74,0.0582,0.00295,0.0151,0.92375,"Netlogo_H_11","Net_H"
"76",75,0.0613,0.0028,0.0135,0.9224,"Netlogo_H_11","Net_H"
"77",76,0.06385,0.003,0.0123,0.92085,"Netlogo_H_11","Net_H"
"78",77,0.0666,0.00295,0.01115,0.9193,"Netlogo_H_11","Net_H"
"79",78,0.0694,0.0027,0.0103,0.9176,"Netlogo_H_11","Net_H"
"80",79,0.07215,0.0025,0.00955,0.9158,"Netlogo_H_11","Net_H"
"81",80,0.07525,0.002,0.009,0.91375,"Netlogo_H_11","Net_H"
"82",81,0.0782,0.00215,0.00855,0.9111,"Netlogo_H_11","Net_H"
"83",82,0.0804,0.00245,0.00785,0.9093,"Netlogo_H_11","Net_H"
"84",83,0.0825,0.0025,0.00725,0.90775,"Netlogo_H_11","Net_H"
"85",84,0.08485,0.0022,0.0068,0.90615,"Netlogo_H_11","Net_H"
"86",85,0.0879,0.00185,0.0065,0.90375,"Netlogo_H_11","Net_H"
"87",86,0.09055,0.00185,0.0058,0.9018,"Netlogo_H_11","Net_H"
"88",87,0.0934,0.00185,0.0057,0.89905,"Netlogo_H_11","Net_H"
"89",88,0.0967,0.00215,0.0054,0.89575,"Netlogo_H_11","Net_H"
"90",89,0.0994,0.0019,0.0052,0.8935,"Netlogo_H_11","Net_H"
"91",90,0.10225,0.00215,0.0052,0.8904,"Netlogo_H_11","Net_H"
"92",91,0.1047,0.00215,0.0047,0.88845,"Netlogo_H_11","Net_H"
"93",92,0.10765,0.002,0.0046,0.88575,"Netlogo_H_11","Net_H"
"94",93,0.11065,0.00155,0.00445,0.88335,"Netlogo_H_11","Net_H"
"95",94,0.11295,0.00165,0.0043,0.8811,"Netlogo_H_11","Net_H"
"96",95,0.1156,0.0015,0.00385,0.87905,"Netlogo_H_11","Net_H"
"97",96,0.1184,0.0015,0.0036,0.8765,"Netlogo_H_11","Net_H"
"98",97,0.12145,0.00125,0.00335,0.87395,"Netlogo_H_11","Net_H"
"99",98,0.1239,0.0011,0.0033,0.8717,"Netlogo_H_11","Net_H"
"100",99,0.127,0.00105,0.00285,0.8691,"Netlogo_H_11","Net_H"
"101",100,0.12905,0.001,0.00275,0.8672,"Netlogo_H_11","Net_H"
"102",101,0.13155,0.00115,0.00255,0.86475,"Netlogo_H_11","Net_H"
"103",102,0.13515,0.001,0.00255,0.8613,"Netlogo_H_11","Net_H"
"104",103,0.1377,0.00085,0.0025,0.85895,"Netlogo_H_11","Net_H"
"105",104,0.13995,8e-04,0.0021,0.85715,"Netlogo_H_11","Net_H"
"106",105,0.1432,7e-04,0.00195,0.85415,"Netlogo_H_11","Net_H"
"107",106,0.1453,0.00095,0.0018,0.85195,"Netlogo_H_11","Net_H"
"108",107,0.14785,9e-04,0.0017,0.84955,"Netlogo_H_11","Net_H"
"109",108,0.15065,0.00095,0.0016,0.8468,"Netlogo_H_11","Net_H"
"110",109,0.1532,0.00075,0.0018,0.84425,"Netlogo_H_11","Net_H"
"111",110,0.1556,0.00055,0.00155,0.8423,"Netlogo_H_11","Net_H"
"112",111,0.15845,0.00055,0.00145,0.83955,"Netlogo_H_11","Net_H"
"113",112,0.16055,5e-04,0.0016,0.83735,"Netlogo_H_11","Net_H"
"114",113,0.16265,0.00065,0.00145,0.83525,"Netlogo_H_11","Net_H"
"115",114,0.1656,7e-04,0.00135,0.83235,"Netlogo_H_11","Net_H"
"116",115,0.16855,0.00075,0.0014,0.8293,"Netlogo_H_11","Net_H"
"117",116,0.17085,9e-04,0.0013,0.82695,"Netlogo_H_11","Net_H"
"118",117,0.17325,9e-04,0.0014,0.82445,"Netlogo_H_11","Net_H"
"119",118,0.176,0.00075,0.0014,0.82185,"Netlogo_H_11","Net_H"
"120",119,0.1785,8e-04,0.00135,0.81935,"Netlogo_H_11","Net_H"
"121",120,0.18085,0.00075,0.00145,0.81695,"Netlogo_H_11","Net_H"
"122",121,0.18275,8e-04,0.0015,0.81495,"Netlogo_H_11","Net_H"
"123",122,0.18445,0.001,0.00145,0.8131,"Netlogo_H_11","Net_H"
"124",123,0.1865,0.001,0.0017,0.8108,"Netlogo_H_11","Net_H"
"125",124,0.18835,0.00105,0.0017,0.8089,"Netlogo_H_11","Net_H"
"126",125,0.19035,9e-04,0.00195,0.8068,"Netlogo_H_11","Net_H"
"127",126,0.19285,0.00095,0.002,0.8042,"Netlogo_H_11","Net_H"
"128",127,0.195,0.0011,0.002,0.8019,"Netlogo_H_11","Net_H"
"129",128,0.19735,0.00125,0.00205,0.79935,"Netlogo_H_11","Net_H"
"130",129,0.19965,0.00125,0.00185,0.79725,"Netlogo_H_11","Net_H"
"131",130,0.2014,0.0012,0.00215,0.79525,"Netlogo_H_11","Net_H"
"132",131,0.2033,0.00155,0.0022,0.79295,"Netlogo_H_11","Net_H"
"133",132,0.205,0.0018,0.00215,0.79105,"Netlogo_H_11","Net_H"
"134",133,0.20685,0.0018,0.00215,0.7892,"Netlogo_H_11","Net_H"
"135",134,0.2088,0.00225,0.00195,0.787,"Netlogo_H_11","Net_H"
"136",135,0.2107,0.0024,0.00205,0.78485,"Netlogo_H_11","Net_H"
"137",136,0.21315,0.0021,0.0024,0.78235,"Netlogo_H_11","Net_H"
"138",137,0.2155,0.00195,0.00275,0.7798,"Netlogo_H_11","Net_H"
"139",138,0.21795,0.00175,0.00285,0.77745,"Netlogo_H_11","Net_H"
"140",139,0.22,0.0017,0.003,0.7753,"Netlogo_H_11","Net_H"
"141",140,0.2218,0.0017,0.0029,0.7736,"Netlogo_H_11","Net_H"
"142",141,0.2239,0.0018,0.00285,0.77145,"Netlogo_H_11","Net_H"
"143",142,0.226,0.00155,0.00315,0.7693,"Netlogo_H_11","Net_H"
"144",143,0.2271,0.00165,0.00325,0.768,"Netlogo_H_11","Net_H"
"145",144,0.2284,0.0019,0.0033,0.7664,"Netlogo_H_11","Net_H"
"146",145,0.2299,0.0024,0.00325,0.76445,"Netlogo_H_11","Net_H"
"147",146,0.232,0.00235,0.00315,0.7625,"Netlogo_H_11","Net_H"
"148",147,0.23355,0.00275,0.0034,0.7603,"Netlogo_H_11","Net_H"
"149",148,0.23505,0.00275,0.0036,0.7586,"Netlogo_H_11","Net_H"
"150",149,0.2364,0.0027,0.00415,0.75675,"Netlogo_H_11","Net_H"
"151",150,0.23745,0.0029,0.00455,0.7551,"Netlogo_H_11","Net_H"
"152",151,0.2387,0.0033,0.00465,0.75335,"Netlogo_H_11","Net_H"
"153",152,0.2399,0.0031,0.00515,0.75185,"Netlogo_H_11","Net_H"
"154",153,0.24135,0.00385,0.0051,0.7497,"Netlogo_H_11","Net_H"
"155",154,0.2423,0.004,0.00515,0.74855,"Netlogo_H_11","Net_H"
"156",155,0.244,0.0035,0.0057,0.7468,"Netlogo_H_11","Net_H"
"157",156,0.24525,0.00335,0.006,0.7454,"Netlogo_H_11","Net_H"
"158",157,0.24615,0.00415,0.00585,0.74385,"Netlogo_H_11","Net_H"
"159",158,0.24725,0.00435,0.006,0.7424,"Netlogo_H_11","Net_H"
"160",159,0.24845,0.0046,0.0058,0.74115,"Netlogo_H_11","Net_H"
"161",160,0.24985,0.0046,0.0056,0.73995,"Netlogo_H_11","Net_H"
"162",161,0.25085,0.0044,0.0066,0.73815,"Netlogo_H_11","Net_H"
"163",162,0.25215,0.00445,0.00705,0.73635,"Netlogo_H_11","Net_H"
"164",163,0.25315,0.0051,0.00715,0.7346,"Netlogo_H_11","Net_H"
"165",164,0.25385,0.00535,0.0073,0.7335,"Netlogo_H_11","Net_H"
"166",165,0.25505,0.00545,0.0077,0.7318,"Netlogo_H_11","Net_H"
"167",166,0.2557,0.00575,0.00795,0.7306,"Netlogo_H_11","Net_H"
"168",167,0.2557,0.0061,0.00805,0.73015,"Netlogo_H_11","Net_H"
"169",168,0.2567,0.00565,0.0085,0.72915,"Netlogo_H_11","Net_H"
"170",169,0.25745,0.00525,0.0091,0.7282,"Netlogo_H_11","Net_H"
"171",170,0.25805,0.0051,0.00965,0.7272,"Netlogo_H_11","Net_H"
"172",171,0.25865,0.0058,0.00935,0.7262,"Netlogo_H_11","Net_H"
"173",172,0.25965,0.00615,0.00945,0.72475,"Netlogo_H_11","Net_H"
"174",173,0.25985,0.00695,0.00985,0.72335,"Netlogo_H_11","Net_H"
"175",174,0.26085,0.00745,0.0097,0.722,"Netlogo_H_11","Net_H"
"176",175,0.2618,0.0076,0.0095,0.7211,"Netlogo_H_11","Net_H"
"177",176,0.26255,0.0077,0.01005,0.7197,"Netlogo_H_11","Net_H"
"178",177,0.2621,0.0089,0.00965,0.71935,"Netlogo_H_11","Net_H"
"179",178,0.2628,0.0084,0.01015,0.71865,"Netlogo_H_11","Net_H"
"180",179,0.2632,0.00845,0.01115,0.7172,"Netlogo_H_11","Net_H"
"181",180,0.2623,0.00865,0.01255,0.7165,"Netlogo_H_11","Net_H"
"182",181,0.2619,0.00945,0.0132,0.71545,"Netlogo_H_11","Net_H"
"183",182,0.2614,0.01005,0.01345,0.7151,"Netlogo_H_11","Net_H"
"184",183,0.26135,0.0102,0.01435,0.7141,"Netlogo_H_11","Net_H"
"185",184,0.261,0.01005,0.01515,0.7138,"Netlogo_H_11","Net_H"
"186",185,0.26095,0.0106,0.0156,0.71285,"Netlogo_H_11","Net_H"
"187",186,0.26035,0.01105,0.0163,0.7123,"Netlogo_H_11","Net_H"
"188",187,0.2589,0.0118,0.01695,0.71235,"Netlogo_H_11","Net_H"
"189",188,0.2576,0.0123,0.01745,0.71265,"Netlogo_H_11","Net_H"
"190",189,0.25675,0.0134,0.01755,0.7123,"Netlogo_H_11","Net_H"
"191",190,0.2561,0.01315,0.01885,0.7119,"Netlogo_H_11","Net_H"
"192",191,0.2544,0.01425,0.0198,0.71155,"Netlogo_H_11","Net_H"
"193",192,0.25275,0.0152,0.0205,0.71155,"Netlogo_H_11","Net_H"
"194",193,0.25205,0.0153,0.0202,0.71245,"Netlogo_H_11","Net_H"
"195",194,0.2512,0.0153,0.0222,0.7113,"Netlogo_H_11","Net_H"
"196",195,0.2494,0.01675,0.0227,0.71115,"Netlogo_H_11","Net_H"
"197",196,0.24825,0.017,0.02345,0.7113,"Netlogo_H_11","Net_H"
"198",197,0.2463,0.0172,0.02495,0.71155,"Netlogo_H_11","Net_H"
"199",198,0.2442,0.01715,0.0272,0.71145,"Netlogo_H_11","Net_H"
"200",199,0.24185,0.0174,0.0283,0.71245,"Netlogo_H_11","Net_H"
"201",200,0.2393,0.0196,0.0281,0.713,"Netlogo_H_11","Net_H"
"202",201,0.2375,0.02015,0.0288,0.71355,"Netlogo_H_11","Net_H"
"203",202,0.23445,0.02115,0.0302,0.7142,"Netlogo_H_11","Net_H"
"204",203,0.23195,0.0221,0.03145,0.7145,"Netlogo_H_11","Net_H"
"205",204,0.2282,0.02275,0.0328,0.71625,"Netlogo_H_11","Net_H"
"206",205,0.22565,0.0232,0.03355,0.7176,"Netlogo_H_11","Net_H"
"207",206,0.22255,0.0239,0.0341,0.71945,"Netlogo_H_11","Net_H"
"208",207,0.22025,0.0245,0.0342,0.72105,"Netlogo_H_11","Net_H"
"209",208,0.21765,0.02445,0.03655,0.72135,"Netlogo_H_11","Net_H"
"210",209,0.2148,0.0251,0.03725,0.72285,"Netlogo_H_11","Net_H"
"211",210,0.21135,0.02585,0.0374,0.7254,"Netlogo_H_11","Net_H"
"212",211,0.2089,0.0246,0.0387,0.7278,"Netlogo_H_11","Net_H"
"213",212,0.20635,0.02395,0.04045,0.72925,"Netlogo_H_11","Net_H"
"214",213,0.2044,0.02365,0.04085,0.7311,"Netlogo_H_11","Net_H"
"215",214,0.20145,0.02535,0.0409,0.7323,"Netlogo_H_11","Net_H"
"216",215,0.19895,0.02515,0.0426,0.7333,"Netlogo_H_11","Net_H"
"217",216,0.19545,0.02565,0.0432,0.7357,"Netlogo_H_11","Net_H"
"218",217,0.1927,0.0249,0.04375,0.73865,"Netlogo_H_11","Net_H"
"219",218,0.1894,0.02595,0.04385,0.7408,"Netlogo_H_11","Net_H"
"220",219,0.1869,0.026,0.0429,0.7442,"Netlogo_H_11","Net_H"
"221",220,0.18395,0.0253,0.0449,0.74585,"Netlogo_H_11","Net_H"
"222",221,0.1822,0.0251,0.04535,0.74735,"Netlogo_H_11","Net_H"
"223",222,0.17965,0.0246,0.04515,0.7506,"Netlogo_H_11","Net_H"
"224",223,0.1779,0.0241,0.0451,0.7529,"Netlogo_H_11","Net_H"
"225",224,0.1758,0.02345,0.0456,0.75515,"Netlogo_H_11","Net_H"
"226",225,0.17275,0.02395,0.04515,0.75815,"Netlogo_H_11","Net_H"
"227",226,0.171,0.0242,0.04475,0.76005,"Netlogo_H_11","Net_H"
"228",227,0.1689,0.0244,0.0448,0.7619,"Netlogo_H_11","Net_H"
"229",228,0.1676,0.02415,0.04455,0.7637,"Netlogo_H_11","Net_H"
"230",229,0.16535,0.02385,0.04415,0.76665,"Netlogo_H_11","Net_H"
"231",230,0.1636,0.0242,0.044,0.7682,"Netlogo_H_11","Net_H"
"232",231,0.1624,0.0242,0.04205,0.77135,"Netlogo_H_11","Net_H"
"233",232,0.1612,0.02395,0.042,0.77285,"Netlogo_H_11","Net_H"
"234",233,0.15955,0.0232,0.0427,0.77455,"Netlogo_H_11","Net_H"
"235",234,0.1578,0.02315,0.0426,0.77645,"Netlogo_H_11","Net_H"
"236",235,0.1577,0.0215,0.0437,0.7771,"Netlogo_H_11","Net_H"
"237",236,0.1569,0.022,0.0432,0.7779,"Netlogo_H_11","Net_H"
"238",237,0.15465,0.0222,0.04285,0.7803,"Netlogo_H_11","Net_H"
"239",238,0.1536,0.0217,0.0434,0.7813,"Netlogo_H_11","Net_H"
"240",239,0.1514,0.02175,0.0436,0.78325,"Netlogo_H_11","Net_H"
"241",240,0.15115,0.021,0.04335,0.7845,"Netlogo_H_11","Net_H"
"242",241,0.1504,0.021,0.04275,0.78585,"Netlogo_H_11","Net_H"
"243",242,0.14935,0.021,0.0414,0.78825,"Netlogo_H_11","Net_H"
"244",243,0.1486,0.0209,0.04055,0.78995,"Netlogo_H_11","Net_H"
"245",244,0.14865,0.0202,0.03945,0.7917,"Netlogo_H_11","Net_H"
"246",245,0.1486,0.01875,0.0403,0.79235,"Netlogo_H_11","Net_H"
"247",246,0.1487,0.01925,0.0408,0.79125,"Netlogo_H_11","Net_H"
"248",247,0.14785,0.01995,0.03975,0.79245,"Netlogo_H_11","Net_H"
"249",248,0.1486,0.01895,0.03995,0.7925,"Netlogo_H_11","Net_H"
"250",249,0.148,0.0197,0.0388,0.7935,"Netlogo_H_11","Net_H"
"251",250,0.14815,0.0198,0.0383,0.79375,"Netlogo_H_11","Net_H"
"252",251,0.14875,0.01875,0.03835,0.79415,"Netlogo_H_11","Net_H"
"253",252,0.14975,0.017,0.0376,0.79565,"Netlogo_H_11","Net_H"
"254",253,0.15,0.01655,0.03735,0.7961,"Netlogo_H_11","Net_H"
"255",254,0.1505,0.01605,0.0365,0.79695,"Netlogo_H_11","Net_H"
"256",255,0.1513,0.0143,0.037,0.7974,"Netlogo_H_11","Net_H"
"257",256,0.1519,0.0148,0.03665,0.79665,"Netlogo_H_11","Net_H"
"258",257,0.15195,0.01555,0.03555,0.79695,"Netlogo_H_11","Net_H"
"259",258,0.15195,0.01615,0.03485,0.79705,"Netlogo_H_11","Net_H"
"260",259,0.15175,0.01675,0.0337,0.7978,"Netlogo_H_11","Net_H"
"261",260,0.1519,0.0164,0.03295,0.79875,"Netlogo_H_11","Net_H"
"262",261,0.1532,0.01575,0.03335,0.7977,"Netlogo_H_11","Net_H"
"263",262,0.15365,0.01575,0.0321,0.7985,"Netlogo_H_11","Net_H"
"264",263,0.15465,0.01545,0.0326,0.7973,"Netlogo_H_11","Net_H"
"265",264,0.15545,0.0154,0.0315,0.79765,"Netlogo_H_11","Net_H"
"266",265,0.1569,0.0145,0.0308,0.7978,"Netlogo_H_11","Net_H"
"267",266,0.15745,0.01515,0.03005,0.79735,"Netlogo_H_11","Net_H"
"268",267,0.15895,0.01445,0.0306,0.796,"Netlogo_H_11","Net_H"
"269",268,0.1602,0.0146,0.03,0.7952,"Netlogo_H_11","Net_H"
"270",269,0.16115,0.01465,0.0302,0.794,"Netlogo_H_11","Net_H"
"271",270,0.1626,0.01505,0.02925,0.7931,"Netlogo_H_11","Net_H"
"272",271,0.1628,0.0146,0.0294,0.7932,"Netlogo_H_11","Net_H"
"273",272,0.16335,0.015,0.02895,0.7927,"Netlogo_H_11","Net_H"
"274",273,0.16435,0.0151,0.02815,0.7924,"Netlogo_H_11","Net_H"
"275",274,0.16605,0.0142,0.02795,0.7918,"Netlogo_H_11","Net_H"
"276",275,0.1674,0.0134,0.02875,0.79045,"Netlogo_H_11","Net_H"
"277",276,0.1698,0.01255,0.02885,0.7888,"Netlogo_H_11","Net_H"
"278",277,0.1715,0.01335,0.02775,0.7874,"Netlogo_H_11","Net_H"
"279",278,0.1736,0.01325,0.0273,0.78585,"Netlogo_H_11","Net_H"
"280",279,0.1745,0.0132,0.0269,0.7854,"Netlogo_H_11","Net_H"
"281",280,0.17505,0.01305,0.02725,0.78465,"Netlogo_H_11","Net_H"
"282",281,0.176,0.01435,0.026,0.78365,"Netlogo_H_11","Net_H"
"283",282,0.17545,0.0153,0.02575,0.7835,"Netlogo_H_11","Net_H"
"284",283,0.1769,0.01545,0.02505,0.7826,"Netlogo_H_11","Net_H"
"285",284,0.17845,0.0144,0.02555,0.7816,"Netlogo_H_11","Net_H"
"286",285,0.18,0.01375,0.0253,0.78095,"Netlogo_H_11","Net_H"
"287",286,0.18145,0.0135,0.02525,0.7798,"Netlogo_H_11","Net_H"
"288",287,0.18145,0.0142,0.02525,0.7791,"Netlogo_H_11","Net_H"
"289",288,0.18225,0.0143,0.0247,0.77875,"Netlogo_H_11","Net_H"
"290",289,0.18385,0.0142,0.0247,0.77725,"Netlogo_H_11","Net_H"
"291",290,0.18595,0.01325,0.0251,0.7757,"Netlogo_H_11","Net_H"
"292",291,0.18635,0.01445,0.02525,0.77395,"Netlogo_H_11","Net_H"
"293",292,0.1878,0.01445,0.0255,0.77225,"Netlogo_H_11","Net_H"
"294",293,0.1889,0.01495,0.02575,0.7704,"Netlogo_H_11","Net_H"
"295",294,0.19045,0.0145,0.02565,0.7694,"Netlogo_H_11","Net_H"
"296",295,0.19135,0.01475,0.02585,0.76805,"Netlogo_H_11","Net_H"
"297",296,0.19235,0.01535,0.02615,0.76615,"Netlogo_H_11","Net_H"
"298",297,0.19295,0.01555,0.0254,0.7661,"Netlogo_H_11","Net_H"
"299",298,0.1944,0.0148,0.02575,0.76505,"Netlogo_H_11","Net_H"
"300",299,0.19555,0.0153,0.0255,0.76365,"Netlogo_H_11","Net_H"
"301",300,0.1952,0.0168,0.02585,0.76215,"Netlogo_H_11","Net_H"
"302",301,0.1969,0.01685,0.025,0.76125,"Netlogo_H_11","Net_H"
"303",302,0.1978,0.01625,0.02585,0.7601,"Netlogo_H_11","Net_H"
"304",303,0.19845,0.0155,0.0268,0.75925,"Netlogo_H_11","Net_H"
"305",304,0.19865,0.016,0.02795,0.7574,"Netlogo_H_11","Net_H"
"306",305,0.19885,0.0163,0.0288,0.75605,"Netlogo_H_11","Net_H"
"307",306,0.19985,0.016,0.02895,0.7552,"Netlogo_H_11","Net_H"
"308",307,0.20035,0.01675,0.0289,0.754,"Netlogo_H_11","Net_H"
"309",308,0.2008,0.01735,0.02885,0.753,"Netlogo_H_11","Net_H"
"310",309,0.20075,0.017,0.03,0.75225,"Netlogo_H_11","Net_H"
"311",310,0.20105,0.0165,0.0312,0.75125,"Netlogo_H_11","Net_H"
"312",311,0.20095,0.0176,0.02995,0.7515,"Netlogo_H_11","Net_H"
"313",312,0.2024,0.0174,0.0294,0.7508,"Netlogo_H_11","Net_H"
"314",313,0.2022,0.01855,0.02955,0.7497,"Netlogo_H_11","Net_H"
"315",314,0.20365,0.01775,0.03015,0.74845,"Netlogo_H_11","Net_H"
"316",315,0.20465,0.01775,0.03045,0.74715,"Netlogo_H_11","Net_H"
"317",316,0.20385,0.0185,0.03135,0.7463,"Netlogo_H_11","Net_H"
"318",317,0.20295,0.0194,0.0316,0.74605,"Netlogo_H_11","Net_H"
"319",318,0.20295,0.01995,0.03155,0.74555,"Netlogo_H_11","Net_H"
"320",319,0.20255,0.0199,0.0322,0.74535,"Netlogo_H_11","Net_H"
"321",320,0.20275,0.0191,0.03325,0.7449,"Netlogo_H_11","Net_H"
"322",321,0.20285,0.0196,0.0328,0.74475,"Netlogo_H_11","Net_H"
"323",322,0.202,0.0207,0.0327,0.7446,"Netlogo_H_11","Net_H"
"324",323,0.20145,0.02055,0.03245,0.74555,"Netlogo_H_11","Net_H"
"325",324,0.20065,0.02155,0.0334,0.7444,"Netlogo_H_11","Net_H"
"326",325,0.20045,0.02235,0.0331,0.7441,"Netlogo_H_11","Net_H"
"327",326,0.2004,0.02195,0.034,0.74365,"Netlogo_H_11","Net_H"
"328",327,0.2003,0.021,0.03625,0.74245,"Netlogo_H_11","Net_H"
"329",328,0.1998,0.02115,0.0364,0.74265,"Netlogo_H_11","Net_H"
"330",329,0.1994,0.02105,0.03735,0.7422,"Netlogo_H_11","Net_H"
"331",330,0.19815,0.0218,0.0385,0.74155,"Netlogo_H_11","Net_H"
"332",331,0.1972,0.02245,0.0382,0.74215,"Netlogo_H_11","Net_H"
"333",332,0.1958,0.0228,0.0377,0.7437,"Netlogo_H_11","Net_H"
"334",333,0.19595,0.022,0.03895,0.7431,"Netlogo_H_11","Net_H"
"335",334,0.195,0.02255,0.03935,0.7431,"Netlogo_H_11","Net_H"
"336",335,0.1941,0.02195,0.0391,0.74485,"Netlogo_H_11","Net_H"
"337",336,0.19275,0.02275,0.0391,0.7454,"Netlogo_H_11","Net_H"
"338",337,0.19165,0.0233,0.0402,0.74485,"Netlogo_H_11","Net_H"
"339",338,0.19025,0.0232,0.0418,0.74475,"Netlogo_H_11","Net_H"
"340",339,0.1901,0.0243,0.041,0.7446,"Netlogo_H_11","Net_H"
"341",340,0.18865,0.02405,0.04085,0.74645,"Netlogo_H_11","Net_H"
"342",341,0.18795,0.0244,0.0419,0.74575,"Netlogo_H_11","Net_H"
"343",342,0.18765,0.0238,0.0415,0.74705,"Netlogo_H_11","Net_H"
"344",343,0.1874,0.023,0.04215,0.74745,"Netlogo_H_11","Net_H"
"345",344,0.1864,0.02335,0.04215,0.7481,"Netlogo_H_11","Net_H"
"346",345,0.18565,0.0232,0.04105,0.7501,"Netlogo_H_11","Net_H"
"347",346,0.18435,0.02355,0.0416,0.7505,"Netlogo_H_11","Net_H"
"348",347,0.1846,0.0228,0.04155,0.75105,"Netlogo_H_11","Net_H"
"349",348,0.1831,0.02365,0.04185,0.7514,"Netlogo_H_11","Net_H"
"350",349,0.18185,0.02445,0.0404,0.7533,"Netlogo_H_11","Net_H"
"351",350,0.18165,0.0239,0.04125,0.7532,"Netlogo_H_11","Net_H"
"352",351,0.1808,0.02465,0.04115,0.7534,"Netlogo_H_11","Net_H"
"353",352,0.1795,0.02475,0.0413,0.75445,"Netlogo_H_11","Net_H"
"354",353,0.1796,0.0251,0.04105,0.75425,"Netlogo_H_11","Net_H"
"355",354,0.179,0.02435,0.0421,0.75455,"Netlogo_H_11","Net_H"
"356",355,0.1775,0.02485,0.0418,0.75585,"Netlogo_H_11","Net_H"
"357",356,0.17705,0.024,0.04255,0.7564,"Netlogo_H_11","Net_H"
"358",357,0.1768,0.02325,0.04265,0.7573,"Netlogo_H_11","Net_H"
"359",358,0.1762,0.02405,0.04305,0.7567,"Netlogo_H_11","Net_H"
"360",359,0.17575,0.0237,0.0429,0.75765,"Netlogo_H_11","Net_H"
"361",360,0.1759,0.02305,0.04295,0.7581,"Netlogo_H_11","Net_H"
"362",361,0.17565,0.02335,0.04345,0.75755,"Netlogo_H_11","Net_H"
"363",362,0.1752,0.0223,0.0437,0.7588,"Netlogo_H_11","Net_H"
"364",363,0.1753,0.0227,0.04265,0.75935,"Netlogo_H_11","Net_H"
"365",364,0.17435,0.0232,0.043,0.75945,"Netlogo_H_11","Net_H"
"366",365,0.174,0.02415,0.04325,0.7586,"Netlogo_H_11","Net_H"
"367",366,0.1741,0.0241,0.04285,0.75895,"Netlogo_H_11","Net_H"
"368",367,0.1725,0.02375,0.04345,0.7603,"Netlogo_H_11","Net_H"
"369",368,0.1716,0.0242,0.04405,0.76015,"Netlogo_H_11","Net_H"
"370",369,0.17055,0.0245,0.04305,0.7619,"Netlogo_H_11","Net_H"
"371",370,0.1704,0.02345,0.04235,0.7638,"Netlogo_H_11","Net_H"
"372",371,0.1705,0.0216,0.04395,0.76395,"Netlogo_H_11","Net_H"
"373",372,0.1695,0.0222,0.0435,0.7648,"Netlogo_H_11","Net_H"
"374",373,0.1686,0.0224,0.04285,0.76615,"Netlogo_H_11","Net_H"
"375",374,0.16865,0.02115,0.04265,0.76755,"Netlogo_H_11","Net_H"
"376",375,0.1697,0.01985,0.0432,0.76725,"Netlogo_H_11","Net_H"
"377",376,0.1697,0.02065,0.0424,0.76725,"Netlogo_H_11","Net_H"
"378",377,0.16945,0.02095,0.04175,0.76785,"Netlogo_H_11","Net_H"
"379",378,0.17,0.02125,0.0418,0.76695,"Netlogo_H_11","Net_H"
"380",379,0.17065,0.0209,0.04145,0.767,"Netlogo_H_11","Net_H"
"381",380,0.17115,0.02135,0.0399,0.7676,"Netlogo_H_11","Net_H"
"382",381,0.17075,0.0209,0.04055,0.7678,"Netlogo_H_11","Net_H"
"383",382,0.17115,0.0215,0.0397,0.76765,"Netlogo_H_11","Net_H"
"384",383,0.17005,0.022,0.03975,0.7682,"Netlogo_H_11","Net_H"
"385",384,0.17025,0.02195,0.04055,0.76725,"Netlogo_H_11","Net_H"
"386",385,0.17025,0.0218,0.0408,0.76715,"Netlogo_H_11","Net_H"
"387",386,0.17055,0.02215,0.04145,0.76585,"Netlogo_H_11","Net_H"
"388",387,0.17095,0.02235,0.0409,0.7658,"Netlogo_H_11","Net_H"
"389",388,0.17055,0.02275,0.03995,0.76675,"Netlogo_H_11","Net_H"
"390",389,0.171,0.0224,0.0401,0.7665,"Netlogo_H_11","Net_H"
"391",390,0.1702,0.0226,0.0402,0.767,"Netlogo_H_11","Net_H"
"392",391,0.17055,0.0218,0.0394,0.76825,"Netlogo_H_11","Net_H"
"393",392,0.17,0.02215,0.0383,0.76955,"Netlogo_H_11","Net_H"
"394",393,0.1701,0.0217,0.0383,0.7699,"Netlogo_H_11","Net_H"
"395",394,0.16945,0.02145,0.0395,0.7696,"Netlogo_H_11","Net_H"
"396",395,0.16895,0.0221,0.0386,0.77035,"Netlogo_H_11","Net_H"
"397",396,0.1691,0.0224,0.0386,0.7699,"Netlogo_H_11","Net_H"
"398",397,0.17065,0.02135,0.0394,0.7686,"Netlogo_H_11","Net_H"
"399",398,0.1717,0.02155,0.03955,0.7672,"Netlogo_H_11","Net_H"
"400",399,0.1713,0.02185,0.0397,0.76715,"Netlogo_H_11","Net_H"
"401",400,0.1704,0.0222,0.0399,0.7675,"Netlogo_H_11","Net_H"
"402",401,0.17,0.0222,0.03965,0.76815,"Netlogo_H_11","Net_H"
"403",402,0.17105,0.02155,0.0399,0.7675,"Netlogo_H_11","Net_H"
"404",403,0.16965,0.02265,0.04025,0.76745,"Netlogo_H_11","Net_H"
"405",404,0.1687,0.02335,0.04145,0.7665,"Netlogo_H_11","Net_H"
"406",405,0.1685,0.0233,0.04125,0.76695,"Netlogo_H_11","Net_H"
"407",406,0.1696,0.0216,0.04125,0.76755,"Netlogo_H_11","Net_H"
"408",407,0.16945,0.02125,0.0412,0.7681,"Netlogo_H_11","Net_H"
"409",408,0.1699,0.02085,0.041,0.76825,"Netlogo_H_11","Net_H"
"410",409,0.1692,0.0223,0.04,0.7685,"Netlogo_H_11","Net_H"
"411",410,0.16885,0.0225,0.03975,0.7689,"Netlogo_H_11","Net_H"
"412",411,0.1687,0.0225,0.0407,0.7681,"Netlogo_H_11","Net_H"
"413",412,0.16895,0.02215,0.04075,0.76815,"Netlogo_H_11","Net_H"
"414",413,0.1686,0.02175,0.04135,0.7683,"Netlogo_H_11","Net_H"
"415",414,0.16855,0.02115,0.0423,0.768,"Netlogo_H_11","Net_H"
"416",415,0.1693,0.02135,0.0412,0.76815,"Netlogo_H_11","Net_H"
"417",416,0.169,0.02125,0.04165,0.7681,"Netlogo_H_11","Net_H"
"418",417,0.1672,0.0225,0.04105,0.76925,"Netlogo_H_11","Net_H"
"419",418,0.16725,0.02195,0.0414,0.7694,"Netlogo_H_11","Net_H"
"420",419,0.16645,0.02215,0.041,0.7704,"Netlogo_H_11","Net_H"
"421",420,0.1662,0.02315,0.0406,0.77005,"Netlogo_H_11","Net_H"
"422",421,0.16465,0.023,0.0411,0.77125,"Netlogo_H_11","Net_H"
"423",422,0.16485,0.02155,0.0411,0.7725,"Netlogo_H_11","Net_H"
"424",423,0.163,0.02305,0.0413,0.77265,"Netlogo_H_11","Net_H"
"425",424,0.16515,0.02265,0.04125,0.77095,"Netlogo_H_11","Net_H"
"426",425,0.1662,0.0209,0.0424,0.7705,"Netlogo_H_11","Net_H"
"427",426,0.1669,0.021,0.0419,0.7702,"Netlogo_H_11","Net_H"
"428",427,0.16625,0.02195,0.04085,0.77095,"Netlogo_H_11","Net_H"
"429",428,0.16755,0.02145,0.04045,0.77055,"Netlogo_H_11","Net_H"
"430",429,0.16835,0.02045,0.04025,0.77095,"Netlogo_H_11","Net_H"
"431",430,0.16835,0.0213,0.0401,0.77025,"Netlogo_H_11","Net_H"
"432",431,0.16775,0.02175,0.0393,0.7712,"Netlogo_H_11","Net_H"
"433",432,0.168,0.02115,0.0387,0.77215,"Netlogo_H_11","Net_H"
"434",433,0.16855,0.0203,0.0389,0.77225,"Netlogo_H_11","Net_H"
"435",434,0.16825,0.02085,0.03885,0.77205,"Netlogo_H_11","Net_H"
"436",435,0.16935,0.01955,0.0402,0.7709,"Netlogo_H_11","Net_H"
"437",436,0.17005,0.0187,0.0402,0.77105,"Netlogo_H_11","Net_H"
"438",437,0.16905,0.0189,0.0396,0.77245,"Netlogo_H_11","Net_H"
"439",438,0.1697,0.0187,0.03945,0.77215,"Netlogo_H_11","Net_H"
"440",439,0.1694,0.01895,0.0391,0.77255,"Netlogo_H_11","Net_H"
"441",440,0.1704,0.01925,0.0382,0.77215,"Netlogo_H_11","Net_H"
"442",441,0.1718,0.0185,0.03965,0.77005,"Netlogo_H_11","Net_H"
"443",442,0.17215,0.0194,0.03875,0.7697,"Netlogo_H_11","Net_H"
"444",443,0.17205,0.02015,0.0374,0.7704,"Netlogo_H_11","Net_H"
"445",444,0.17195,0.0202,0.0377,0.77015,"Netlogo_H_11","Net_H"
"446",445,0.17285,0.02015,0.03785,0.76915,"Netlogo_H_11","Net_H"
"447",446,0.17255,0.0208,0.03745,0.7692,"Netlogo_H_11","Net_H"
"448",447,0.17315,0.0208,0.03775,0.7683,"Netlogo_H_11","Net_H"
"449",448,0.17265,0.02035,0.0377,0.7693,"Netlogo_H_11","Net_H"
"450",449,0.17325,0.01985,0.03725,0.76965,"Netlogo_H_11","Net_H"
"451",450,0.1738,0.01935,0.03825,0.7686,"Netlogo_H_11","Net_H"
"452",451,0.17405,0.02,0.03735,0.7686,"Netlogo_H_11","Net_H"
"453",452,0.17435,0.0198,0.03745,0.7684,"Netlogo_H_11","Net_H"
"454",453,0.17345,0.02055,0.0374,0.7686,"Netlogo_H_11","Net_H"
"455",454,0.17415,0.01935,0.0376,0.7689,"Netlogo_H_11","Net_H"
"456",455,0.1745,0.02035,0.03645,0.7687,"Netlogo_H_11","Net_H"
"457",456,0.17375,0.02035,0.037,0.7689,"Netlogo_H_11","Net_H"
"458",457,0.17335,0.0209,0.03685,0.7689,"Netlogo_H_11","Net_H"
"459",458,0.1727,0.02195,0.03675,0.7686,"Netlogo_H_11","Net_H"
"460",459,0.1722,0.0224,0.03605,0.76935,"Netlogo_H_11","Net_H"
"461",460,0.17285,0.02055,0.0369,0.7697,"Netlogo_H_11","Net_H"
"462",461,0.1735,0.02005,0.03815,0.7683,"Netlogo_H_11","Net_H"
"463",462,0.17405,0.01975,0.0384,0.7678,"Netlogo_H_11","Net_H"
"464",463,0.17425,0.01985,0.0384,0.7675,"Netlogo_H_11","Net_H"
"465",464,0.17595,0.0193,0.03815,0.7666,"Netlogo_H_11","Net_H"
"466",465,0.1752,0.02025,0.0372,0.76735,"Netlogo_H_11","Net_H"
"467",466,0.1763,0.01985,0.03705,0.7668,"Netlogo_H_11","Net_H"
"468",467,0.1764,0.01935,0.0374,0.76685,"Netlogo_H_11","Net_H"
"469",468,0.1773,0.0187,0.0378,0.7662,"Netlogo_H_11","Net_H"
"470",469,0.17655,0.01965,0.03785,0.76595,"Netlogo_H_11","Net_H"
"471",470,0.17645,0.0205,0.0366,0.76645,"Netlogo_H_11","Net_H"
"472",471,0.176,0.02065,0.0368,0.76655,"Netlogo_H_11","Net_H"
"473",472,0.17625,0.02045,0.0372,0.7661,"Netlogo_H_11","Net_H"
"474",473,0.1757,0.02085,0.03755,0.7659,"Netlogo_H_11","Net_H"
"475",474,0.17495,0.02115,0.0377,0.7662,"Netlogo_H_11","Net_H"
"476",475,0.1746,0.022,0.0368,0.7666,"Netlogo_H_11","Net_H"
"477",476,0.1746,0.0215,0.0374,0.7665,"Netlogo_H_11","Net_H"
"478",477,0.17505,0.02015,0.0383,0.7665,"Netlogo_H_11","Net_H"
"479",478,0.17545,0.02005,0.0384,0.7661,"Netlogo_H_11","Net_H"
"480",479,0.1754,0.0193,0.0393,0.766,"Netlogo_H_11","Net_H"
"481",480,0.1745,0.0209,0.03895,0.76565,"Netlogo_H_11","Net_H"
"482",481,0.17475,0.0207,0.03825,0.7663,"Netlogo_H_11","Net_H"
"483",482,0.1749,0.02105,0.03765,0.7664,"Netlogo_H_11","Net_H"
"484",483,0.1749,0.022,0.03695,0.76615,"Netlogo_H_11","Net_H"
"485",484,0.1754,0.0219,0.0372,0.7655,"Netlogo_H_11","Net_H"
"486",485,0.176,0.02105,0.0374,0.76555,"Netlogo_H_11","Net_H"
"487",486,0.17675,0.0197,0.03755,0.766,"Netlogo_H_11","Net_H"
"488",487,0.17655,0.01965,0.03755,0.76625,"Netlogo_H_11","Net_H"
"489",488,0.17595,0.0197,0.03745,0.7669,"Netlogo_H_11","Net_H"
"490",489,0.17615,0.01955,0.03715,0.76715,"Netlogo_H_11","Net_H"
"491",490,0.1767,0.01985,0.0373,0.76615,"Netlogo_H_11","Net_H"
"492",491,0.17635,0.02085,0.03625,0.76655,"Netlogo_H_11","Net_H"
"493",492,0.1767,0.02015,0.0368,0.76635,"Netlogo_H_11","Net_H"
"494",493,0.17715,0.0196,0.0359,0.76735,"Netlogo_H_11","Net_H"
"495",494,0.17695,0.0199,0.0362,0.76695,"Netlogo_H_11","Net_H"
"496",495,0.17745,0.01985,0.0363,0.7664,"Netlogo_H_11","Net_H"
"497",496,0.1778,0.0192,0.0362,0.7668,"Netlogo_H_11","Net_H"
"498",497,0.17785,0.01965,0.03545,0.76705,"Netlogo_H_11","Net_H"
"499",498,0.17855,0.0195,0.0352,0.76675,"Netlogo_H_11","Net_H"
"500",499,0.1795,0.0183,0.03545,0.76675,"Netlogo_H_11","Net_H"
"501",500,0.1799,0.01805,0.03565,0.7664,"Netlogo_H_11","Net_H"
"502",501,0.18035,0.01825,0.0353,0.7661,"Netlogo_H_11","Net_H"
"503",502,0.18025,0.01845,0.03525,0.76605,"Netlogo_H_11","Net_H"
"504",503,0.18005,0.0199,0.0341,0.76595,"Netlogo_H_11","Net_H"
"505",504,0.18105,0.01925,0.0339,0.7658,"Netlogo_H_11","Net_H"
"506",505,0.18035,0.01955,0.03345,0.76665,"Netlogo_H_11","Net_H"
"507",506,0.18115,0.0198,0.03385,0.7652,"Netlogo_H_11","Net_H"
"508",507,0.18075,0.0198,0.0341,0.76535,"Netlogo_H_11","Net_H"
"509",508,0.18075,0.0199,0.0338,0.76555,"Netlogo_H_11","Net_H"
"510",509,0.18145,0.01995,0.03365,0.76495,"Netlogo_H_11","Net_H"
"511",510,0.18235,0.01835,0.0345,0.7648,"Netlogo_H_11","Net_H"
"512",511,0.1827,0.01835,0.0342,0.76475,"Netlogo_H_11","Net_H"
"513",512,0.183,0.01825,0.03425,0.7645,"Netlogo_H_11","Net_H"
"514",513,0.18475,0.01825,0.03405,0.76295,"Netlogo_H_11","Net_H"
"515",514,0.18615,0.0186,0.0336,0.76165,"Netlogo_H_11","Net_H"
"516",515,0.18575,0.0195,0.0337,0.76105,"Netlogo_H_11","Net_H"
"517",516,0.18665,0.01865,0.0341,0.7606,"Netlogo_H_11","Net_H"
"518",517,0.18645,0.01985,0.0345,0.7592,"Netlogo_H_11","Net_H"
"519",518,0.1875,0.01935,0.0343,0.75885,"Netlogo_H_11","Net_H"
"520",519,0.18765,0.01855,0.03505,0.75875,"Netlogo_H_11","Net_H"
"521",520,0.18715,0.01905,0.0345,0.7593,"Netlogo_H_11","Net_H"
"522",521,0.1886,0.01985,0.034,0.75755,"Netlogo_H_11","Net_H"
"523",522,0.1876,0.02035,0.03425,0.7578,"Netlogo_H_11","Net_H"
"524",523,0.18715,0.02095,0.03445,0.75745,"Netlogo_H_11","Net_H"
"525",524,0.1876,0.0206,0.03475,0.75705,"Netlogo_H_11","Net_H"
"526",525,0.1873,0.0221,0.0354,0.7552,"Netlogo_H_11","Net_H"
"527",526,0.18785,0.02135,0.0364,0.7544,"Netlogo_H_11","Net_H"
"528",527,0.1879,0.0204,0.03815,0.75355,"Netlogo_H_11","Net_H"
"529",528,0.1881,0.0207,0.03855,0.75265,"Netlogo_H_11","Net_H"
"530",529,0.18785,0.02195,0.03955,0.75065,"Netlogo_H_11","Net_H"
"531",530,0.18755,0.02235,0.03885,0.75125,"Netlogo_H_11","Net_H"
"532",531,0.18725,0.02225,0.03915,0.75135,"Netlogo_H_11","Net_H"
"533",532,0.1866,0.0232,0.0384,0.7518,"Netlogo_H_11","Net_H"
"534",533,0.18595,0.0229,0.03885,0.7523,"Netlogo_H_11","Net_H"
"535",534,0.18485,0.0229,0.03975,0.7525,"Netlogo_H_11","Net_H"
"536",535,0.1849,0.0228,0.0396,0.7527,"Netlogo_H_11","Net_H"
"537",536,0.185,0.02175,0.0399,0.75335,"Netlogo_H_11","Net_H"
"538",537,0.18495,0.0213,0.0406,0.75315,"Netlogo_H_11","Net_H"
"539",538,0.1837,0.0228,0.03955,0.75395,"Netlogo_H_11","Net_H"
"540",539,0.18305,0.023,0.04005,0.7539,"Netlogo_H_11","Net_H"
"541",540,0.1825,0.02265,0.0405,0.75435,"Netlogo_H_11","Net_H"
"542",541,0.1817,0.0226,0.03985,0.75585,"Netlogo_H_11","Net_H"
"543",542,0.1805,0.02215,0.0402,0.75715,"Netlogo_H_11","Net_H"
"544",543,0.18105,0.02215,0.03945,0.75735,"Netlogo_H_11","Net_H"
"545",544,0.18075,0.02195,0.0396,0.7577,"Netlogo_H_11","Net_H"
"546",545,0.18075,0.02195,0.04015,0.75715,"Netlogo_H_11","Net_H"
"547",546,0.18075,0.02145,0.04005,0.75775,"Netlogo_H_11","Net_H"
"548",547,0.18,0.02185,0.0407,0.75745,"Netlogo_H_11","Net_H"
"549",548,0.1796,0.0223,0.04115,0.75695,"Netlogo_H_11","Net_H"
"550",549,0.1802,0.02255,0.0407,0.75655,"Netlogo_H_11","Net_H"
"551",550,0.17985,0.02225,0.03975,0.75815,"Netlogo_H_11","Net_H"
"552",551,0.1799,0.02185,0.0395,0.75875,"Netlogo_H_11","Net_H"
"553",552,0.18,0.0218,0.0405,0.7577,"Netlogo_H_11","Net_H"
"554",553,0.1806,0.0218,0.04035,0.75725,"Netlogo_H_11","Net_H"
"555",554,0.1789,0.02195,0.04015,0.759,"Netlogo_H_11","Net_H"
"556",555,0.17855,0.0213,0.04085,0.7593,"Netlogo_H_11","Net_H"
"557",556,0.1788,0.021,0.0411,0.7591,"Netlogo_H_11","Net_H"
"558",557,0.1782,0.02225,0.0401,0.75945,"Netlogo_H_11","Net_H"
"559",558,0.1783,0.02205,0.04005,0.7596,"Netlogo_H_11","Net_H"
"560",559,0.17745,0.0217,0.04065,0.7602,"Netlogo_H_11","Net_H"
"561",560,0.177,0.02185,0.0402,0.76095,"Netlogo_H_11","Net_H"
"562",561,0.1773,0.0218,0.0407,0.7602,"Netlogo_H_11","Net_H"
"563",562,0.17745,0.02105,0.0402,0.7613,"Netlogo_H_11","Net_H"
"564",563,0.17725,0.0216,0.03955,0.7616,"Netlogo_H_11","Net_H"
"565",564,0.17775,0.02135,0.04005,0.76085,"Netlogo_H_11","Net_H"
"566",565,0.17815,0.02085,0.04055,0.76045,"Netlogo_H_11","Net_H"
"567",566,0.17725,0.02115,0.04015,0.76145,"Netlogo_H_11","Net_H"
"568",567,0.1773,0.02175,0.0402,0.76075,"Netlogo_H_11","Net_H"
"569",568,0.1776,0.02215,0.03915,0.7611,"Netlogo_H_11","Net_H"
"570",569,0.17735,0.0213,0.0395,0.76185,"Netlogo_H_11","Net_H"
"571",570,0.17595,0.02145,0.0398,0.7628,"Netlogo_H_11","Net_H"
"572",571,0.17605,0.02145,0.03995,0.76255,"Netlogo_H_11","Net_H"
"573",572,0.17515,0.0221,0.03985,0.7629,"Netlogo_H_11","Net_H"
"574",573,0.17535,0.02125,0.0403,0.7631,"Netlogo_H_11","Net_H"
"575",574,0.17635,0.0207,0.0406,0.76235,"Netlogo_H_11","Net_H"
"576",575,0.1778,0.0206,0.0407,0.7609,"Netlogo_H_11","Net_H"
"577",576,0.17685,0.0212,0.0408,0.76115,"Netlogo_H_11","Net_H"
"578",577,0.1756,0.0227,0.0397,0.762,"Netlogo_H_11","Net_H"
"579",578,0.1768,0.02265,0.0392,0.76135,"Netlogo_H_11","Net_H"
"580",579,0.17895,0.02265,0.0387,0.7597,"Netlogo_H_11","Net_H"
"581",580,0.1783,0.0227,0.03915,0.75985,"Netlogo_H_11","Net_H"
"582",581,0.17825,0.0229,0.0389,0.75995,"Netlogo_H_11","Net_H"
"583",582,0.17745,0.02325,0.03925,0.76005,"Netlogo_H_11","Net_H"
"584",583,0.1768,0.02265,0.04035,0.7602,"Netlogo_H_11","Net_H"
"585",584,0.1783,0.02255,0.0404,0.75875,"Netlogo_H_11","Net_H"
"586",585,0.17775,0.0227,0.04055,0.759,"Netlogo_H_11","Net_H"
"587",586,0.1783,0.0229,0.04055,0.75825,"Netlogo_H_11","Net_H"
"588",587,0.17745,0.02185,0.04145,0.75925,"Netlogo_H_11","Net_H"
"589",588,0.1782,0.0206,0.0421,0.7591,"Netlogo_H_11","Net_H"
"590",589,0.17835,0.0208,0.04145,0.7594,"Netlogo_H_11","Net_H"
"591",590,0.1768,0.02195,0.0408,0.76045,"Netlogo_H_11","Net_H"
"592",591,0.17685,0.0214,0.0416,0.76015,"Netlogo_H_11","Net_H"
"593",592,0.17545,0.02245,0.0418,0.7603,"Netlogo_H_11","Net_H"
"594",593,0.17535,0.0235,0.0409,0.76025,"Netlogo_H_11","Net_H"
"595",594,0.1752,0.0233,0.04035,0.76115,"Netlogo_H_11","Net_H"
"596",595,0.17615,0.0228,0.0406,0.76045,"Netlogo_H_11","Net_H"
"597",596,0.1768,0.0216,0.0404,0.7612,"Netlogo_H_11","Net_H"
"598",597,0.17735,0.02155,0.04025,0.76085,"Netlogo_H_11","Net_H"
"599",598,0.17845,0.0209,0.04015,0.7605,"Netlogo_H_11","Net_H"
"600",599,0.179,0.02055,0.04,0.76045,"Netlogo_H_11","Net_H"
"601",600,0.1779,0.0218,0.0395,0.7608,"Netlogo_H_11","Net_H"
"602",601,0.1784,0.02225,0.04005,0.7593,"Netlogo_H_11","Net_H"
"603",602,0.17765,0.0218,0.0399,0.76065,"Netlogo_H_11","Net_H"
"604",603,0.1781,0.02125,0.04025,0.7604,"Netlogo_H_11","Net_H"
"605",604,0.1782,0.02095,0.04085,0.76,"Netlogo_H_11","Net_H"
"606",605,0.17805,0.02225,0.03985,0.75985,"Netlogo_H_11","Net_H"
"607",606,0.17805,0.02175,0.04115,0.75905,"Netlogo_H_11","Net_H"
"608",607,0.1793,0.02055,0.04205,0.7581,"Netlogo_H_11","Net_H"
"609",608,0.1791,0.0214,0.04125,0.75825,"Netlogo_H_11","Net_H"
"610",609,0.17885,0.02145,0.0416,0.7581,"Netlogo_H_11","Net_H"
"611",610,0.1782,0.02165,0.04085,0.7593,"Netlogo_H_11","Net_H"
"612",611,0.1764,0.0231,0.04015,0.76035,"Netlogo_H_11","Net_H"
"613",612,0.17675,0.0226,0.04015,0.7605,"Netlogo_H_11","Net_H"
"614",613,0.177,0.0221,0.0405,0.7604,"Netlogo_H_11","Net_H"
"615",614,0.1757,0.0224,0.04075,0.76115,"Netlogo_H_11","Net_H"
"616",615,0.1769,0.02155,0.04105,0.7605,"Netlogo_H_11","Net_H"
"617",616,0.1773,0.0213,0.0415,0.7599,"Netlogo_H_11","Net_H"
"618",617,0.1779,0.0217,0.04195,0.75845,"Netlogo_H_11","Net_H"
"619",618,0.17635,0.0234,0.03995,0.7603,"Netlogo_H_11","Net_H"
"620",619,0.17685,0.02305,0.03975,0.76035,"Netlogo_H_11","Net_H"
"621",620,0.17755,0.02215,0.03995,0.76035,"Netlogo_H_11","Net_H"
"622",621,0.1774,0.02195,0.0408,0.75985,"Netlogo_H_11","Net_H"
"623",622,0.1773,0.02365,0.03995,0.7591,"Netlogo_H_11","Net_H"
"624",623,0.17745,0.023,0.04065,0.7589,"Netlogo_H_11","Net_H"
"625",624,0.17785,0.02295,0.0413,0.7579,"Netlogo_H_11","Net_H"
"626",625,0.17845,0.02245,0.04165,0.75745,"Netlogo_H_11","Net_H"
"627",626,0.17945,0.0226,0.0423,0.75565,"Netlogo_H_11","Net_H"
"628",627,0.17915,0.02275,0.0416,0.7565,"Netlogo_H_11","Net_H"
"629",628,0.1787,0.02305,0.04075,0.7575,"Netlogo_H_11","Net_H"
