"","step","S","E","I","R","simu","Langage"
"1",0,0.999,0,0.001,0,"Netlogo_H_21","Net_H"
"2",1,0.99815,0.00085,0.001,0,"Netlogo_H_21","Net_H"
"3",2,0.99705,0.00195,8e-04,2e-04,"Netlogo_H_21","Net_H"
"4",3,0.9964,0.0023,0.001,3e-04,"Netlogo_H_21","Net_H"
"5",4,0.9958,0.0023,0.0016,3e-04,"Netlogo_H_21","Net_H"
"6",5,0.9949,0.00265,0.002,0.00045,"Netlogo_H_21","Net_H"
"7",6,0.99365,0.0034,0.0023,0.00065,"Netlogo_H_21","Net_H"
"8",7,0.99165,0.0046,0.0026,0.00115,"Netlogo_H_21","Net_H"
"9",8,0.9896,0.00595,0.003,0.00145,"Netlogo_H_21","Net_H"
"10",9,0.9876,0.007,0.00355,0.00185,"Netlogo_H_21","Net_H"
"11",10,0.98515,0.00785,0.00485,0.00215,"Netlogo_H_21","Net_H"
"12",11,0.9817,0.0097,0.0056,0.003,"Netlogo_H_21","Net_H"
"13",12,0.9781,0.0113,0.00715,0.00345,"Netlogo_H_21","Net_H"
"14",13,0.97285,0.0138,0.009,0.00435,"Netlogo_H_21","Net_H"
"15",14,0.9657,0.0184,0.0108,0.0051,"Netlogo_H_21","Net_H"
"16",15,0.9572,0.02405,0.0125,0.00625,"Netlogo_H_21","Net_H"
"17",16,0.9496,0.0274,0.01565,0.00735,"Netlogo_H_21","Net_H"
"18",17,0.9378,0.03285,0.0204,0.00895,"Netlogo_H_21","Net_H"
"19",18,0.92485,0.0403,0.02445,0.0104,"Netlogo_H_21","Net_H"
"20",19,0.9091,0.04805,0.0302,0.01265,"Netlogo_H_21","Net_H"
"21",20,0.8899,0.05835,0.03595,0.0158,"Netlogo_H_21","Net_H"
"22",21,0.8672,0.06945,0.044,0.01935,"Netlogo_H_21","Net_H"
"23",22,0.84165,0.0826,0.05215,0.0236,"Netlogo_H_21","Net_H"
"24",23,0.81065,0.09765,0.06155,0.03015,"Netlogo_H_21","Net_H"
"25",24,0.77455,0.11475,0.0758,0.0349,"Netlogo_H_21","Net_H"
"26",25,0.7344,0.13325,0.08925,0.0431,"Netlogo_H_21","Net_H"
"27",26,0.688,0.15165,0.1084,0.05195,"Netlogo_H_21","Net_H"
"28",27,0.63485,0.17655,0.12545,0.06315,"Netlogo_H_21","Net_H"
"29",28,0.5813,0.1947,0.14845,0.07555,"Netlogo_H_21","Net_H"
"30",29,0.52395,0.2093,0.17545,0.0913,"Netlogo_H_21","Net_H"
"31",30,0.464,0.2265,0.2012,0.1083,"Netlogo_H_21","Net_H"
"32",31,0.4032,0.24,0.22725,0.12955,"Netlogo_H_21","Net_H"
"33",32,0.3444,0.24935,0.2522,0.15405,"Netlogo_H_21","Net_H"
"34",33,0.28565,0.2562,0.2782,0.17995,"Netlogo_H_21","Net_H"
"35",34,0.23675,0.2484,0.3064,0.20845,"Netlogo_H_21","Net_H"
"36",35,0.19285,0.2376,0.3287,0.24085,"Netlogo_H_21","Net_H"
"37",36,0.15525,0.2218,0.3466,0.27635,"Netlogo_H_21","Net_H"
"38",37,0.1223,0.20365,0.36135,0.3127,"Netlogo_H_21","Net_H"
"39",38,0.09635,0.1805,0.3686,0.35455,"Netlogo_H_21","Net_H"
"40",39,0.07635,0.1575,0.372,0.39415,"Netlogo_H_21","Net_H"
"41",40,0.0599,0.13745,0.3654,0.43725,"Netlogo_H_21","Net_H"
"42",41,0.04735,0.11715,0.3567,0.4788,"Netlogo_H_21","Net_H"
"43",42,0.03785,0.09895,0.3477,0.5155,"Netlogo_H_21","Net_H"
"44",43,0.03095,0.0822,0.33055,0.5563,"Netlogo_H_21","Net_H"
"45",44,0.0266,0.06785,0.3107,0.59485,"Netlogo_H_21","Net_H"
"46",45,0.023,0.05405,0.29105,0.6319,"Netlogo_H_21","Net_H"
"47",46,0.0204,0.044,0.2696,0.666,"Netlogo_H_21","Net_H"
"48",47,0.0185,0.03585,0.24865,0.697,"Netlogo_H_21","Net_H"
"49",48,0.01745,0.02875,0.22625,0.72755,"Netlogo_H_21","Net_H"
"50",49,0.01725,0.0237,0.20455,0.7545,"Netlogo_H_21","Net_H"
"51",50,0.01755,0.02005,0.1832,0.7792,"Netlogo_H_21","Net_H"
"52",51,0.01705,0.01705,0.1655,0.8004,"Netlogo_H_21","Net_H"
"53",52,0.01805,0.01445,0.1467,0.8208,"Netlogo_H_21","Net_H"
"54",53,0.019,0.01225,0.1313,0.83745,"Netlogo_H_21","Net_H"
"55",54,0.02015,0.0108,0.11615,0.8529,"Netlogo_H_21","Net_H"
"56",55,0.02125,0.00825,0.10515,0.86535,"Netlogo_H_21","Net_H"
"57",56,0.02245,0.00705,0.09365,0.87685,"Netlogo_H_21","Net_H"
"58",57,0.0235,0.0071,0.08215,0.88725,"Netlogo_H_21","Net_H"
"59",58,0.02605,0.00675,0.07145,0.89575,"Netlogo_H_21","Net_H"
"60",59,0.02765,0.00615,0.0639,0.9023,"Netlogo_H_21","Net_H"
"61",60,0.0295,0.00575,0.0562,0.90855,"Netlogo_H_21","Net_H"
"62",61,0.03065,0.00575,0.05045,0.91315,"Netlogo_H_21","Net_H"
"63",62,0.0335,0.00515,0.0452,0.91615,"Netlogo_H_21","Net_H"
"64",63,0.0353,0.0047,0.0404,0.9196,"Netlogo_H_21","Net_H"
"65",64,0.0375,0.00475,0.03595,0.9218,"Netlogo_H_21","Net_H"
"66",65,0.0398,0.00455,0.03215,0.9235,"Netlogo_H_21","Net_H"
"67",66,0.04155,0.00425,0.0291,0.9251,"Netlogo_H_21","Net_H"
"68",67,0.04385,0.004,0.02655,0.9256,"Netlogo_H_21","Net_H"
"69",68,0.0463,0.00365,0.0237,0.92635,"Netlogo_H_21","Net_H"
"70",69,0.049,0.0038,0.02145,0.92575,"Netlogo_H_21","Net_H"
"71",70,0.05105,0.0038,0.0181,0.92705,"Netlogo_H_21","Net_H"
"72",71,0.05315,0.00365,0.0166,0.9266,"Netlogo_H_21","Net_H"
"73",72,0.0563,0.0029,0.0156,0.9252,"Netlogo_H_21","Net_H"
"74",73,0.0588,0.0028,0.0144,0.924,"Netlogo_H_21","Net_H"
"75",74,0.06165,0.0025,0.0131,0.92275,"Netlogo_H_21","Net_H"
"76",75,0.06475,0.0022,0.0117,0.92135,"Netlogo_H_21","Net_H"
"77",76,0.06745,0.00215,0.0109,0.9195,"Netlogo_H_21","Net_H"
"78",77,0.0706,0.00215,0.00985,0.9174,"Netlogo_H_21","Net_H"
"79",78,0.07345,0.00195,0.0093,0.9153,"Netlogo_H_21","Net_H"
"80",79,0.07695,0.0016,0.0086,0.91285,"Netlogo_H_21","Net_H"
"81",80,0.0795,0.0016,0.0078,0.9111,"Netlogo_H_21","Net_H"
"82",81,0.0819,0.00165,0.0068,0.90965,"Netlogo_H_21","Net_H"
"83",82,0.0839,0.00185,0.00625,0.908,"Netlogo_H_21","Net_H"
"84",83,0.0868,0.00185,0.0057,0.90565,"Netlogo_H_21","Net_H"
"85",84,0.08995,0.0019,0.0056,0.90255,"Netlogo_H_21","Net_H"
"86",85,0.0926,0.00195,0.005,0.90045,"Netlogo_H_21","Net_H"
"87",86,0.09455,0.0017,0.00465,0.8991,"Netlogo_H_21","Net_H"
"88",87,0.0965,0.00185,0.004,0.89765,"Netlogo_H_21","Net_H"
"89",88,0.0996,0.00155,0.00405,0.8948,"Netlogo_H_21","Net_H"
"90",89,0.10345,0.0014,0.00375,0.8914,"Netlogo_H_21","Net_H"
"91",90,0.1062,0.0012,0.0036,0.889,"Netlogo_H_21","Net_H"
"92",91,0.10865,0.0012,0.00365,0.8865,"Netlogo_H_21","Net_H"
"93",92,0.1114,0.0011,0.0036,0.8839,"Netlogo_H_21","Net_H"
"94",93,0.11395,0.00135,0.00345,0.88125,"Netlogo_H_21","Net_H"
"95",94,0.11665,0.00135,0.003,0.879,"Netlogo_H_21","Net_H"
"96",95,0.11985,0.00115,0.0027,0.8763,"Netlogo_H_21","Net_H"
"97",96,0.12255,0.001,0.0028,0.87365,"Netlogo_H_21","Net_H"
"98",97,0.1249,0.00125,0.00265,0.8712,"Netlogo_H_21","Net_H"
"99",98,0.1273,0.0013,0.0025,0.8689,"Netlogo_H_21","Net_H"
"100",99,0.1303,0.0013,0.00235,0.86605,"Netlogo_H_21","Net_H"
"101",100,0.13295,0.0011,0.0024,0.86355,"Netlogo_H_21","Net_H"
"102",101,0.1355,0.0012,0.00205,0.86125,"Netlogo_H_21","Net_H"
"103",102,0.1369,0.00125,0.00205,0.8598,"Netlogo_H_21","Net_H"
"104",103,0.1394,0.0012,0.00215,0.85725,"Netlogo_H_21","Net_H"
"105",104,0.1416,0.00105,0.00225,0.8551,"Netlogo_H_21","Net_H"
"106",105,0.14395,0.0011,0.00225,0.8527,"Netlogo_H_21","Net_H"
"107",106,0.1468,0.00095,0.00245,0.8498,"Netlogo_H_21","Net_H"
"108",107,0.14925,0.001,0.00205,0.8477,"Netlogo_H_21","Net_H"
"109",108,0.15235,0.00075,0.00215,0.84475,"Netlogo_H_21","Net_H"
"110",109,0.1553,0.00115,0.00205,0.8415,"Netlogo_H_21","Net_H"
"111",110,0.157,0.00105,0.0022,0.83975,"Netlogo_H_21","Net_H"
"112",111,0.1601,0.00095,0.0023,0.83665,"Netlogo_H_21","Net_H"
"113",112,0.16265,0.00095,0.0025,0.8339,"Netlogo_H_21","Net_H"
"114",113,0.16525,0.00075,0.0027,0.8313,"Netlogo_H_21","Net_H"
"115",114,0.16725,0.00075,0.0023,0.8297,"Netlogo_H_21","Net_H"
"116",115,0.16925,0.00075,0.0022,0.8278,"Netlogo_H_21","Net_H"
"117",116,0.17225,9e-04,0.0022,0.82465,"Netlogo_H_21","Net_H"
"118",117,0.17465,0.001,0.0022,0.82215,"Netlogo_H_21","Net_H"
"119",118,0.17705,0.0013,0.00225,0.8194,"Netlogo_H_21","Net_H"
"120",119,0.17915,0.0015,0.002,0.81735,"Netlogo_H_21","Net_H"
"121",120,0.18165,0.00145,0.0022,0.8147,"Netlogo_H_21","Net_H"
"122",121,0.1837,0.00155,0.00215,0.8126,"Netlogo_H_21","Net_H"
"123",122,0.18625,0.00125,0.0022,0.8103,"Netlogo_H_21","Net_H"
"124",123,0.1886,0.0013,0.0021,0.808,"Netlogo_H_21","Net_H"
"125",124,0.1907,0.00175,0.00205,0.8055,"Netlogo_H_21","Net_H"
"126",125,0.19265,0.0017,0.0021,0.80355,"Netlogo_H_21","Net_H"
"127",126,0.1943,0.0017,0.0022,0.8018,"Netlogo_H_21","Net_H"
"128",127,0.19595,0.00165,0.0024,0.8,"Netlogo_H_21","Net_H"
"129",128,0.1981,0.0013,0.0024,0.7982,"Netlogo_H_21","Net_H"
"130",129,0.2009,0.0015,0.0024,0.7952,"Netlogo_H_21","Net_H"
"131",130,0.2028,0.00145,0.0026,0.79315,"Netlogo_H_21","Net_H"
"132",131,0.2049,0.00155,0.0026,0.79095,"Netlogo_H_21","Net_H"
"133",132,0.2066,0.0014,0.0025,0.7895,"Netlogo_H_21","Net_H"
"134",133,0.2086,0.0012,0.00255,0.78765,"Netlogo_H_21","Net_H"
"135",134,0.2098,0.0014,0.0025,0.7863,"Netlogo_H_21","Net_H"
"136",135,0.2118,0.00155,0.0027,0.78395,"Netlogo_H_21","Net_H"
"137",136,0.2137,0.0016,0.00265,0.78205,"Netlogo_H_21","Net_H"
"138",137,0.21615,0.00165,0.00245,0.77975,"Netlogo_H_21","Net_H"
"139",138,0.2186,0.0013,0.00275,0.77735,"Netlogo_H_21","Net_H"
"140",139,0.2204,0.00155,0.0027,0.77535,"Netlogo_H_21","Net_H"
"141",140,0.22205,0.0018,0.0027,0.77345,"Netlogo_H_21","Net_H"
"142",141,0.22365,0.0018,0.0027,0.77185,"Netlogo_H_21","Net_H"
"143",142,0.2253,0.0021,0.0027,0.7699,"Netlogo_H_21","Net_H"
"144",143,0.2268,0.002,0.003,0.7682,"Netlogo_H_21","Net_H"
"145",144,0.22815,0.00205,0.00325,0.76655,"Netlogo_H_21","Net_H"
"146",145,0.22965,0.002,0.00355,0.7648,"Netlogo_H_21","Net_H"
"147",146,0.23075,0.0022,0.00365,0.7634,"Netlogo_H_21","Net_H"
"148",147,0.232,0.00255,0.00345,0.762,"Netlogo_H_21","Net_H"
"149",148,0.23375,0.0027,0.0036,0.75995,"Netlogo_H_21","Net_H"
"150",149,0.2359,0.00235,0.0037,0.75805,"Netlogo_H_21","Net_H"
"151",150,0.23755,0.0027,0.004,0.75575,"Netlogo_H_21","Net_H"
"152",151,0.2395,0.0024,0.00385,0.75425,"Netlogo_H_21","Net_H"
"153",152,0.24145,0.00275,0.00375,0.75205,"Netlogo_H_21","Net_H"
"154",153,0.2429,0.00295,0.0038,0.75035,"Netlogo_H_21","Net_H"
"155",154,0.24435,0.00285,0.00395,0.74885,"Netlogo_H_21","Net_H"
"156",155,0.24555,0.0031,0.0042,0.74715,"Netlogo_H_21","Net_H"
"157",156,0.2473,0.00335,0.00425,0.7451,"Netlogo_H_21","Net_H"
"158",157,0.24865,0.00295,0.0048,0.7436,"Netlogo_H_21","Net_H"
"159",158,0.25005,0.00295,0.0049,0.7421,"Netlogo_H_21","Net_H"
"160",159,0.2513,0.0032,0.0048,0.7407,"Netlogo_H_21","Net_H"
"161",160,0.25315,0.00295,0.00505,0.73885,"Netlogo_H_21","Net_H"
"162",161,0.2544,0.0033,0.0053,0.737,"Netlogo_H_21","Net_H"
"163",162,0.25505,0.00375,0.0055,0.7357,"Netlogo_H_21","Net_H"
"164",163,0.256,0.00405,0.00585,0.7341,"Netlogo_H_21","Net_H"
"165",164,0.25675,0.00475,0.00565,0.73285,"Netlogo_H_21","Net_H"
"166",165,0.25805,0.005,0.00565,0.7313,"Netlogo_H_21","Net_H"
"167",166,0.25945,0.00495,0.0056,0.73,"Netlogo_H_21","Net_H"
"168",167,0.261,0.00475,0.00615,0.7281,"Netlogo_H_21","Net_H"
"169",168,0.2617,0.00535,0.00645,0.7265,"Netlogo_H_21","Net_H"
"170",169,0.2626,0.0052,0.0073,0.7249,"Netlogo_H_21","Net_H"
"171",170,0.2632,0.0058,0.00755,0.72345,"Netlogo_H_21","Net_H"
"172",171,0.26425,0.0052,0.00815,0.7224,"Netlogo_H_21","Net_H"
"173",172,0.2649,0.00575,0.00795,0.7214,"Netlogo_H_21","Net_H"
"174",173,0.26715,0.0056,0.0077,0.71955,"Netlogo_H_21","Net_H"
"175",174,0.2685,0.00535,0.00865,0.7175,"Netlogo_H_21","Net_H"
"176",175,0.26945,0.0049,0.00925,0.7164,"Netlogo_H_21","Net_H"
"177",176,0.2696,0.0057,0.0089,0.7158,"Netlogo_H_21","Net_H"
"178",177,0.271,0.00565,0.00915,0.7142,"Netlogo_H_21","Net_H"
"179",178,0.27135,0.00555,0.0098,0.7133,"Netlogo_H_21","Net_H"
"180",179,0.27165,0.00605,0.00935,0.71295,"Netlogo_H_21","Net_H"
"181",180,0.2716,0.007,0.0097,0.7117,"Netlogo_H_21","Net_H"
"182",181,0.27105,0.00735,0.0101,0.7115,"Netlogo_H_21","Net_H"
"183",182,0.27055,0.0081,0.0102,0.71115,"Netlogo_H_21","Net_H"
"184",183,0.271,0.0078,0.0106,0.7106,"Netlogo_H_21","Net_H"
"185",184,0.2707,0.00785,0.0116,0.70985,"Netlogo_H_21","Net_H"
"186",185,0.27075,0.00865,0.0116,0.709,"Netlogo_H_21","Net_H"
"187",186,0.2706,0.0089,0.01245,0.70805,"Netlogo_H_21","Net_H"
"188",187,0.27075,0.0095,0.0129,0.70685,"Netlogo_H_21","Net_H"
"189",188,0.27035,0.0092,0.01415,0.7063,"Netlogo_H_21","Net_H"
"190",189,0.26865,0.0104,0.01455,0.7064,"Netlogo_H_21","Net_H"
"191",190,0.26805,0.011,0.0148,0.70615,"Netlogo_H_21","Net_H"
"192",191,0.2687,0.01085,0.0156,0.70485,"Netlogo_H_21","Net_H"
"193",192,0.26725,0.0114,0.0168,0.70455,"Netlogo_H_21","Net_H"
"194",193,0.2665,0.01205,0.0169,0.70455,"Netlogo_H_21","Net_H"
"195",194,0.2662,0.01245,0.0174,0.70395,"Netlogo_H_21","Net_H"
"196",195,0.2657,0.01295,0.01775,0.7036,"Netlogo_H_21","Net_H"
"197",196,0.2646,0.0135,0.0179,0.704,"Netlogo_H_21","Net_H"
"198",197,0.2639,0.01395,0.0186,0.70355,"Netlogo_H_21","Net_H"
"199",198,0.2624,0.014,0.0202,0.7034,"Netlogo_H_21","Net_H"
"200",199,0.2614,0.01435,0.02125,0.703,"Netlogo_H_21","Net_H"
"201",200,0.26005,0.01445,0.0221,0.7034,"Netlogo_H_21","Net_H"
"202",201,0.25955,0.0151,0.0226,0.70275,"Netlogo_H_21","Net_H"
"203",202,0.2576,0.0156,0.02295,0.70385,"Netlogo_H_21","Net_H"
"204",203,0.2555,0.0174,0.02325,0.70385,"Netlogo_H_21","Net_H"
"205",204,0.2533,0.01745,0.0244,0.70485,"Netlogo_H_21","Net_H"
"206",205,0.2524,0.0177,0.025,0.7049,"Netlogo_H_21","Net_H"
"207",206,0.24915,0.01955,0.0254,0.7059,"Netlogo_H_21","Net_H"
"208",207,0.24595,0.02145,0.0258,0.7068,"Netlogo_H_21","Net_H"
"209",208,0.2446,0.02085,0.02805,0.7065,"Netlogo_H_21","Net_H"
"210",209,0.24105,0.02195,0.0292,0.7078,"Netlogo_H_21","Net_H"
"211",210,0.23915,0.0223,0.02915,0.7094,"Netlogo_H_21","Net_H"
"212",211,0.23685,0.0222,0.03125,0.7097,"Netlogo_H_21","Net_H"
"213",212,0.2337,0.02245,0.0331,0.71075,"Netlogo_H_21","Net_H"
"214",213,0.2294,0.0235,0.03415,0.71295,"Netlogo_H_21","Net_H"
"215",214,0.2265,0.02405,0.03555,0.7139,"Netlogo_H_21","Net_H"
"216",215,0.22455,0.02315,0.03705,0.71525,"Netlogo_H_21","Net_H"
"217",216,0.22195,0.0236,0.03745,0.717,"Netlogo_H_21","Net_H"
"218",217,0.21925,0.02415,0.03685,0.71975,"Netlogo_H_21","Net_H"
"219",218,0.2155,0.0248,0.03805,0.72165,"Netlogo_H_21","Net_H"
"220",219,0.21205,0.02495,0.0387,0.7243,"Netlogo_H_21","Net_H"
"221",220,0.20915,0.02495,0.04045,0.72545,"Netlogo_H_21","Net_H"
"222",221,0.20665,0.02505,0.0415,0.7268,"Netlogo_H_21","Net_H"
"223",222,0.20395,0.0252,0.04145,0.7294,"Netlogo_H_21","Net_H"
"224",223,0.20185,0.02485,0.04205,0.73125,"Netlogo_H_21","Net_H"
"225",224,0.19795,0.02495,0.04295,0.73415,"Netlogo_H_21","Net_H"
"226",225,0.19485,0.0259,0.0432,0.73605,"Netlogo_H_21","Net_H"
"227",226,0.19165,0.0266,0.04375,0.738,"Netlogo_H_21","Net_H"
"228",227,0.1889,0.02625,0.045,0.73985,"Netlogo_H_21","Net_H"
"229",228,0.1859,0.0263,0.04565,0.74215,"Netlogo_H_21","Net_H"
"230",229,0.1827,0.0268,0.0459,0.7446,"Netlogo_H_21","Net_H"
"231",230,0.1806,0.0267,0.04585,0.74685,"Netlogo_H_21","Net_H"
"232",231,0.1785,0.0259,0.0455,0.7501,"Netlogo_H_21","Net_H"
"233",232,0.1764,0.02465,0.04735,0.7516,"Netlogo_H_21","Net_H"
"234",233,0.1737,0.02455,0.04735,0.7544,"Netlogo_H_21","Net_H"
"235",234,0.17125,0.02615,0.04585,0.75675,"Netlogo_H_21","Net_H"
"236",235,0.16825,0.02695,0.04515,0.75965,"Netlogo_H_21","Net_H"
"237",236,0.16605,0.02545,0.04765,0.76085,"Netlogo_H_21","Net_H"
"238",237,0.16455,0.02415,0.049,0.7623,"Netlogo_H_21","Net_H"
"239",238,0.162,0.02345,0.0495,0.76505,"Netlogo_H_21","Net_H"
"240",239,0.15905,0.02395,0.04925,0.76775,"Netlogo_H_21","Net_H"
"241",240,0.15645,0.0249,0.048,0.77065,"Netlogo_H_21","Net_H"
"242",241,0.1545,0.02525,0.04635,0.7739,"Netlogo_H_21","Net_H"
"243",242,0.153,0.024,0.047,0.776,"Netlogo_H_21","Net_H"
"244",243,0.1516,0.0227,0.0474,0.7783,"Netlogo_H_21","Net_H"
"245",244,0.14905,0.02335,0.04725,0.78035,"Netlogo_H_21","Net_H"
"246",245,0.14875,0.0222,0.0465,0.78255,"Netlogo_H_21","Net_H"
"247",246,0.1474,0.0216,0.04625,0.78475,"Netlogo_H_21","Net_H"
"248",247,0.1466,0.0209,0.0452,0.7873,"Netlogo_H_21","Net_H"
"249",248,0.1461,0.02045,0.0433,0.79015,"Netlogo_H_21","Net_H"
"250",249,0.1459,0.01945,0.04225,0.7924,"Netlogo_H_21","Net_H"
"251",250,0.1435,0.0188,0.04255,0.79515,"Netlogo_H_21","Net_H"
"252",251,0.1434,0.01825,0.04145,0.7969,"Netlogo_H_21","Net_H"
"253",252,0.1427,0.0182,0.04015,0.79895,"Netlogo_H_21","Net_H"
"254",253,0.14395,0.0177,0.03945,0.7989,"Netlogo_H_21","Net_H"
"255",254,0.1432,0.0186,0.0381,0.8001,"Netlogo_H_21","Net_H"
"256",255,0.1425,0.0198,0.0365,0.8012,"Netlogo_H_21","Net_H"
"257",256,0.1429,0.0191,0.03615,0.80185,"Netlogo_H_21","Net_H"
"258",257,0.14415,0.01805,0.03705,0.80075,"Netlogo_H_21","Net_H"
"259",258,0.1438,0.0187,0.03575,0.80175,"Netlogo_H_21","Net_H"
"260",259,0.1442,0.01865,0.03535,0.8018,"Netlogo_H_21","Net_H"
"261",260,0.1446,0.0174,0.03525,0.80275,"Netlogo_H_21","Net_H"
"262",261,0.145,0.0165,0.0349,0.8036,"Netlogo_H_21","Net_H"
"263",262,0.1445,0.01725,0.0345,0.80375,"Netlogo_H_21","Net_H"
"264",263,0.14485,0.0161,0.0347,0.80435,"Netlogo_H_21","Net_H"
"265",264,0.14495,0.0165,0.03375,0.8048,"Netlogo_H_21","Net_H"
"266",265,0.14555,0.01645,0.033,0.805,"Netlogo_H_21","Net_H"
"267",266,0.146,0.01635,0.0324,0.80525,"Netlogo_H_21","Net_H"
"268",267,0.14675,0.0164,0.03105,0.8058,"Netlogo_H_21","Net_H"
"269",268,0.1484,0.0162,0.0301,0.8053,"Netlogo_H_21","Net_H"
"270",269,0.14935,0.0149,0.0301,0.80565,"Netlogo_H_21","Net_H"
"271",270,0.1492,0.0148,0.03025,0.80575,"Netlogo_H_21","Net_H"
"272",271,0.151,0.0144,0.0307,0.8039,"Netlogo_H_21","Net_H"
"273",272,0.152,0.01495,0.02995,0.8031,"Netlogo_H_21","Net_H"
"274",273,0.1522,0.01535,0.02955,0.8029,"Netlogo_H_21","Net_H"
"275",274,0.15305,0.01495,0.0299,0.8021,"Netlogo_H_21","Net_H"
"276",275,0.1533,0.0145,0.02955,0.80265,"Netlogo_H_21","Net_H"
"277",276,0.1549,0.0139,0.02955,0.80165,"Netlogo_H_21","Net_H"
"278",277,0.15535,0.0142,0.0287,0.80175,"Netlogo_H_21","Net_H"
"279",278,0.1554,0.0153,0.0281,0.8012,"Netlogo_H_21","Net_H"
"280",279,0.1573,0.0147,0.0278,0.8002,"Netlogo_H_21","Net_H"
"281",280,0.15925,0.01385,0.02755,0.79935,"Netlogo_H_21","Net_H"
"282",281,0.1603,0.01385,0.02705,0.7988,"Netlogo_H_21","Net_H"
"283",282,0.1614,0.0135,0.02605,0.79905,"Netlogo_H_21","Net_H"
"284",283,0.16255,0.0138,0.02585,0.7978,"Netlogo_H_21","Net_H"
"285",284,0.16315,0.0138,0.0256,0.79745,"Netlogo_H_21","Net_H"
"286",285,0.16525,0.0134,0.0255,0.79585,"Netlogo_H_21","Net_H"
"287",286,0.16725,0.0134,0.0254,0.79395,"Netlogo_H_21","Net_H"
"288",287,0.1698,0.0129,0.0248,0.7925,"Netlogo_H_21","Net_H"
"289",288,0.17075,0.01365,0.02415,0.79145,"Netlogo_H_21","Net_H"
"290",289,0.172,0.0141,0.0241,0.7898,"Netlogo_H_21","Net_H"
"291",290,0.17485,0.01335,0.02415,0.78765,"Netlogo_H_21","Net_H"
"292",291,0.17605,0.01305,0.02395,0.78695,"Netlogo_H_21","Net_H"
"293",292,0.17765,0.0133,0.02405,0.785,"Netlogo_H_21","Net_H"
"294",293,0.1791,0.01365,0.02495,0.7823,"Netlogo_H_21","Net_H"
"295",294,0.18035,0.014,0.0247,0.78095,"Netlogo_H_21","Net_H"
"296",295,0.1819,0.0144,0.0246,0.7791,"Netlogo_H_21","Net_H"
"297",296,0.1835,0.0135,0.02545,0.77755,"Netlogo_H_21","Net_H"
"298",297,0.1854,0.0129,0.02555,0.77615,"Netlogo_H_21","Net_H"
"299",298,0.1872,0.0132,0.02485,0.77475,"Netlogo_H_21","Net_H"
"300",299,0.18785,0.01315,0.0248,0.7742,"Netlogo_H_21","Net_H"
"301",300,0.1895,0.0131,0.02455,0.77285,"Netlogo_H_21","Net_H"
"302",301,0.1901,0.01325,0.02455,0.7721,"Netlogo_H_21","Net_H"
"303",302,0.1913,0.014,0.0247,0.77,"Netlogo_H_21","Net_H"
"304",303,0.1929,0.01395,0.02465,0.7685,"Netlogo_H_21","Net_H"
"305",304,0.19495,0.0132,0.025,0.76685,"Netlogo_H_21","Net_H"
"306",305,0.19535,0.0135,0.0253,0.76585,"Netlogo_H_21","Net_H"
"307",306,0.1954,0.0142,0.02485,0.76555,"Netlogo_H_21","Net_H"
"308",307,0.19705,0.0135,0.0257,0.76375,"Netlogo_H_21","Net_H"
"309",308,0.19745,0.0134,0.0262,0.76295,"Netlogo_H_21","Net_H"
"310",309,0.1994,0.0139,0.02615,0.76055,"Netlogo_H_21","Net_H"
"311",310,0.2008,0.01455,0.0256,0.75905,"Netlogo_H_21","Net_H"
"312",311,0.2012,0.0155,0.0252,0.7581,"Netlogo_H_21","Net_H"
"313",312,0.202,0.0161,0.02495,0.75695,"Netlogo_H_21","Net_H"
"314",313,0.20205,0.0156,0.026,0.75635,"Netlogo_H_21","Net_H"
"315",314,0.2027,0.01645,0.0266,0.75425,"Netlogo_H_21","Net_H"
"316",315,0.20265,0.0173,0.02705,0.753,"Netlogo_H_21","Net_H"
"317",316,0.20215,0.01775,0.02755,0.75255,"Netlogo_H_21","Net_H"
"318",317,0.20295,0.0172,0.0275,0.75235,"Netlogo_H_21","Net_H"
"319",318,0.20325,0.0167,0.02815,0.7519,"Netlogo_H_21","Net_H"
"320",319,0.2032,0.0174,0.0281,0.7513,"Netlogo_H_21","Net_H"
"321",320,0.20365,0.017,0.02845,0.7509,"Netlogo_H_21","Net_H"
"322",321,0.2033,0.0186,0.02825,0.74985,"Netlogo_H_21","Net_H"
"323",322,0.2044,0.0184,0.02855,0.74865,"Netlogo_H_21","Net_H"
"324",323,0.2034,0.01905,0.0293,0.74825,"Netlogo_H_21","Net_H"
"325",324,0.2035,0.0194,0.02955,0.74755,"Netlogo_H_21","Net_H"
"326",325,0.2036,0.01885,0.02995,0.7476,"Netlogo_H_21","Net_H"
"327",326,0.20335,0.0197,0.0306,0.74635,"Netlogo_H_21","Net_H"
"328",327,0.20385,0.02,0.03095,0.7452,"Netlogo_H_21","Net_H"
"329",328,0.2033,0.0204,0.0317,0.7446,"Netlogo_H_21","Net_H"
"330",329,0.2016,0.02165,0.0316,0.74515,"Netlogo_H_21","Net_H"
"331",330,0.20205,0.02125,0.0323,0.7444,"Netlogo_H_21","Net_H"
"332",331,0.20245,0.02025,0.0333,0.744,"Netlogo_H_21","Net_H"
"333",332,0.2023,0.02025,0.03395,0.7435,"Netlogo_H_21","Net_H"
"334",333,0.2028,0.02115,0.0338,0.74225,"Netlogo_H_21","Net_H"
"335",334,0.202,0.0217,0.03355,0.74275,"Netlogo_H_21","Net_H"
"336",335,0.2026,0.02075,0.03305,0.7436,"Netlogo_H_21","Net_H"
"337",336,0.20175,0.02055,0.0343,0.7434,"Netlogo_H_21","Net_H"
"338",337,0.201,0.021,0.0341,0.7439,"Netlogo_H_21","Net_H"
"339",338,0.1997,0.02215,0.03505,0.7431,"Netlogo_H_21","Net_H"
"340",339,0.1998,0.0228,0.03435,0.74305,"Netlogo_H_21","Net_H"
"341",340,0.1977,0.02305,0.0353,0.74395,"Netlogo_H_21","Net_H"
"342",341,0.19765,0.0227,0.0363,0.74335,"Netlogo_H_21","Net_H"
"343",342,0.196,0.0235,0.0377,0.7428,"Netlogo_H_21","Net_H"
"344",343,0.1949,0.02415,0.03865,0.7423,"Netlogo_H_21","Net_H"
"345",344,0.19495,0.02375,0.0392,0.7421,"Netlogo_H_21","Net_H"
"346",345,0.1938,0.02345,0.04025,0.7425,"Netlogo_H_21","Net_H"
"347",346,0.1933,0.02285,0.0405,0.74335,"Netlogo_H_21","Net_H"
"348",347,0.1923,0.02285,0.04175,0.7431,"Netlogo_H_21","Net_H"
"349",348,0.1914,0.0233,0.0409,0.7444,"Netlogo_H_21","Net_H"
"350",349,0.19045,0.02355,0.04115,0.74485,"Netlogo_H_21","Net_H"
"351",350,0.19065,0.0223,0.04265,0.7444,"Netlogo_H_21","Net_H"
"352",351,0.18905,0.02255,0.0434,0.745,"Netlogo_H_21","Net_H"
"353",352,0.1876,0.02365,0.0426,0.74615,"Netlogo_H_21","Net_H"
"354",353,0.1853,0.02425,0.04385,0.7466,"Netlogo_H_21","Net_H"
"355",354,0.1839,0.02445,0.0428,0.74885,"Netlogo_H_21","Net_H"
"356",355,0.1835,0.024,0.0429,0.7496,"Netlogo_H_21","Net_H"
"357",356,0.18335,0.02455,0.04255,0.74955,"Netlogo_H_21","Net_H"
"358",357,0.183,0.0239,0.0436,0.7495,"Netlogo_H_21","Net_H"
"359",358,0.182,0.0242,0.04365,0.75015,"Netlogo_H_21","Net_H"
"360",359,0.1814,0.0238,0.0436,0.7512,"Netlogo_H_21","Net_H"
"361",360,0.1803,0.0238,0.0443,0.7516,"Netlogo_H_21","Net_H"
"362",361,0.17915,0.02405,0.0439,0.7529,"Netlogo_H_21","Net_H"
"363",362,0.1786,0.02295,0.04445,0.754,"Netlogo_H_21","Net_H"
"364",363,0.17805,0.02215,0.0449,0.7549,"Netlogo_H_21","Net_H"
"365",364,0.17795,0.0228,0.0446,0.75465,"Netlogo_H_21","Net_H"
"366",365,0.1758,0.02345,0.0441,0.75665,"Netlogo_H_21","Net_H"
"367",366,0.1754,0.02285,0.04435,0.7574,"Netlogo_H_21","Net_H"
"368",367,0.1756,0.02245,0.04395,0.758,"Netlogo_H_21","Net_H"
"369",368,0.1748,0.02215,0.0448,0.75825,"Netlogo_H_21","Net_H"
"370",369,0.17375,0.0229,0.0446,0.75875,"Netlogo_H_21","Net_H"
"371",370,0.17245,0.02445,0.04495,0.75815,"Netlogo_H_21","Net_H"
"372",371,0.17155,0.0249,0.0449,0.75865,"Netlogo_H_21","Net_H"
"373",372,0.1712,0.0249,0.0453,0.7586,"Netlogo_H_21","Net_H"
"374",373,0.1705,0.0249,0.04565,0.75895,"Netlogo_H_21","Net_H"
"375",374,0.1702,0.0251,0.04475,0.75995,"Netlogo_H_21","Net_H"
"376",375,0.1687,0.02485,0.04495,0.7615,"Netlogo_H_21","Net_H"
"377",376,0.16855,0.0238,0.04575,0.7619,"Netlogo_H_21","Net_H"
"378",377,0.1679,0.02385,0.04625,0.762,"Netlogo_H_21","Net_H"
"379",378,0.16715,0.0243,0.04665,0.7619,"Netlogo_H_21","Net_H"
"380",379,0.168,0.02395,0.046,0.76205,"Netlogo_H_21","Net_H"
"381",380,0.1669,0.02305,0.04625,0.7638,"Netlogo_H_21","Net_H"
"382",381,0.1659,0.0227,0.04615,0.76525,"Netlogo_H_21","Net_H"
"383",382,0.1645,0.0227,0.0461,0.7667,"Netlogo_H_21","Net_H"
"384",383,0.16455,0.02305,0.0452,0.7672,"Netlogo_H_21","Net_H"
"385",384,0.1636,0.0227,0.045,0.7687,"Netlogo_H_21","Net_H"
"386",385,0.1635,0.0218,0.045,0.7697,"Netlogo_H_21","Net_H"
"387",386,0.16335,0.02175,0.0443,0.7706,"Netlogo_H_21","Net_H"
"388",387,0.16325,0.02185,0.04275,0.77215,"Netlogo_H_21","Net_H"
"389",388,0.1621,0.0224,0.04265,0.77285,"Netlogo_H_21","Net_H"
"390",389,0.1622,0.02185,0.04315,0.7728,"Netlogo_H_21","Net_H"
"391",390,0.162,0.022,0.04155,0.77445,"Netlogo_H_21","Net_H"
"392",391,0.16245,0.022,0.04085,0.7747,"Netlogo_H_21","Net_H"
"393",392,0.1627,0.02145,0.04125,0.7746,"Netlogo_H_21","Net_H"
"394",393,0.16195,0.022,0.0405,0.77555,"Netlogo_H_21","Net_H"
"395",394,0.16175,0.02195,0.04045,0.77585,"Netlogo_H_21","Net_H"
"396",395,0.1621,0.02115,0.03965,0.7771,"Netlogo_H_21","Net_H"
"397",396,0.16275,0.02085,0.039,0.7774,"Netlogo_H_21","Net_H"
"398",397,0.16435,0.0205,0.03865,0.7765,"Netlogo_H_21","Net_H"
"399",398,0.1644,0.01965,0.03925,0.7767,"Netlogo_H_21","Net_H"
"400",399,0.1655,0.019,0.0388,0.7767,"Netlogo_H_21","Net_H"
"401",400,0.16655,0.01845,0.0387,0.7763,"Netlogo_H_21","Net_H"
"402",401,0.1667,0.01915,0.038,0.77615,"Netlogo_H_21","Net_H"
"403",402,0.1675,0.01885,0.0375,0.77615,"Netlogo_H_21","Net_H"
"404",403,0.16685,0.01995,0.03695,0.77625,"Netlogo_H_21","Net_H"
"405",404,0.1679,0.01945,0.0366,0.77605,"Netlogo_H_21","Net_H"
"406",405,0.1688,0.0198,0.03585,0.77555,"Netlogo_H_21","Net_H"
"407",406,0.16985,0.0192,0.0355,0.77545,"Netlogo_H_21","Net_H"
"408",407,0.17135,0.019,0.0353,0.77435,"Netlogo_H_21","Net_H"
"409",408,0.17205,0.01905,0.0352,0.7737,"Netlogo_H_21","Net_H"
"410",409,0.1742,0.01795,0.035,0.77285,"Netlogo_H_21","Net_H"
"411",410,0.17535,0.01805,0.0353,0.7713,"Netlogo_H_21","Net_H"
"412",411,0.1754,0.0195,0.03475,0.77035,"Netlogo_H_21","Net_H"
"413",412,0.1756,0.01985,0.03405,0.7705,"Netlogo_H_21","Net_H"
"414",413,0.17675,0.02005,0.0341,0.7691,"Netlogo_H_21","Net_H"
"415",414,0.1773,0.0197,0.0343,0.7687,"Netlogo_H_21","Net_H"
"416",415,0.17785,0.0193,0.0343,0.76855,"Netlogo_H_21","Net_H"
"417",416,0.17915,0.0191,0.0342,0.76755,"Netlogo_H_21","Net_H"
"418",417,0.1806,0.0186,0.0342,0.7666,"Netlogo_H_21","Net_H"
"419",418,0.18175,0.01745,0.0353,0.7655,"Netlogo_H_21","Net_H"
"420",419,0.1817,0.0183,0.035,0.765,"Netlogo_H_21","Net_H"
"421",420,0.1816,0.01865,0.0344,0.76535,"Netlogo_H_21","Net_H"
"422",421,0.182,0.0187,0.03505,0.76425,"Netlogo_H_21","Net_H"
"423",422,0.18115,0.0198,0.0345,0.76455,"Netlogo_H_21","Net_H"
"424",423,0.18135,0.0207,0.03335,0.7646,"Netlogo_H_21","Net_H"
"425",424,0.1833,0.0191,0.03445,0.76315,"Netlogo_H_21","Net_H"
"426",425,0.1834,0.0198,0.0336,0.7632,"Netlogo_H_21","Net_H"
"427",426,0.18395,0.02,0.03445,0.7616,"Netlogo_H_21","Net_H"
"428",427,0.18505,0.0195,0.03475,0.7607,"Netlogo_H_21","Net_H"
"429",428,0.18555,0.0194,0.0352,0.75985,"Netlogo_H_21","Net_H"
"430",429,0.18485,0.01985,0.03615,0.75915,"Netlogo_H_21","Net_H"
"431",430,0.18395,0.0208,0.0359,0.75935,"Netlogo_H_21","Net_H"
"432",431,0.1828,0.02195,0.0357,0.75955,"Netlogo_H_21","Net_H"
"433",432,0.18385,0.0214,0.03595,0.7588,"Netlogo_H_21","Net_H"
"434",433,0.1848,0.0207,0.03655,0.75795,"Netlogo_H_21","Net_H"
"435",434,0.18435,0.02095,0.03655,0.75815,"Netlogo_H_21","Net_H"
"436",435,0.18475,0.02105,0.0361,0.7581,"Netlogo_H_21","Net_H"
"437",436,0.183,0.02245,0.03685,0.7577,"Netlogo_H_21","Net_H"
"438",437,0.18285,0.02225,0.03805,0.75685,"Netlogo_H_21","Net_H"
"439",438,0.1823,0.0225,0.0384,0.7568,"Netlogo_H_21","Net_H"
"440",439,0.18215,0.02225,0.0386,0.757,"Netlogo_H_21","Net_H"
"441",440,0.1809,0.0221,0.0378,0.7592,"Netlogo_H_21","Net_H"
"442",441,0.1806,0.02195,0.0379,0.75955,"Netlogo_H_21","Net_H"
"443",442,0.18085,0.0215,0.03825,0.7594,"Netlogo_H_21","Net_H"
"444",443,0.17995,0.02185,0.03795,0.76025,"Netlogo_H_21","Net_H"
"445",444,0.1797,0.02115,0.0378,0.76135,"Netlogo_H_21","Net_H"
"446",445,0.1789,0.02125,0.03875,0.7611,"Netlogo_H_21","Net_H"
"447",446,0.179,0.0203,0.0389,0.7618,"Netlogo_H_21","Net_H"
"448",447,0.1801,0.01935,0.03855,0.762,"Netlogo_H_21","Net_H"
"449",448,0.17985,0.01995,0.0387,0.7615,"Netlogo_H_21","Net_H"
"450",449,0.1789,0.0203,0.0386,0.7622,"Netlogo_H_21","Net_H"
"451",450,0.17825,0.0202,0.0392,0.76235,"Netlogo_H_21","Net_H"
"452",451,0.1779,0.0212,0.0385,0.7624,"Netlogo_H_21","Net_H"
"453",452,0.17715,0.0217,0.03875,0.7624,"Netlogo_H_21","Net_H"
"454",453,0.17795,0.02145,0.03995,0.76065,"Netlogo_H_21","Net_H"
"455",454,0.1767,0.02155,0.0401,0.76165,"Netlogo_H_21","Net_H"
"456",455,0.1768,0.02135,0.0393,0.76255,"Netlogo_H_21","Net_H"
"457",456,0.17765,0.02185,0.0391,0.7614,"Netlogo_H_21","Net_H"
"458",457,0.17645,0.0227,0.039,0.76185,"Netlogo_H_21","Net_H"
"459",458,0.1778,0.02165,0.0401,0.76045,"Netlogo_H_21","Net_H"
"460",459,0.1776,0.02175,0.0405,0.76015,"Netlogo_H_21","Net_H"
"461",460,0.1777,0.0217,0.04035,0.76025,"Netlogo_H_21","Net_H"
"462",461,0.17755,0.02175,0.03975,0.76095,"Netlogo_H_21","Net_H"
"463",462,0.1775,0.02125,0.03945,0.7618,"Netlogo_H_21","Net_H"
"464",463,0.178,0.0208,0.03905,0.76215,"Netlogo_H_21","Net_H"
"465",464,0.17645,0.022,0.03885,0.7627,"Netlogo_H_21","Net_H"
"466",465,0.1761,0.0221,0.0387,0.7631,"Netlogo_H_21","Net_H"
"467",466,0.17585,0.02185,0.03885,0.76345,"Netlogo_H_21","Net_H"
"468",467,0.1747,0.021,0.0396,0.7647,"Netlogo_H_21","Net_H"
"469",468,0.17445,0.02105,0.0386,0.7659,"Netlogo_H_21","Net_H"
"470",469,0.1737,0.02195,0.0378,0.76655,"Netlogo_H_21","Net_H"
"471",470,0.17325,0.0227,0.0379,0.76615,"Netlogo_H_21","Net_H"
"472",471,0.1723,0.02325,0.03825,0.7662,"Netlogo_H_21","Net_H"
"473",472,0.1723,0.02285,0.03905,0.7658,"Netlogo_H_21","Net_H"
"474",473,0.17285,0.02265,0.0391,0.7654,"Netlogo_H_21","Net_H"
"475",474,0.173,0.0212,0.0402,0.7656,"Netlogo_H_21","Net_H"
"476",475,0.17315,0.0204,0.041,0.76545,"Netlogo_H_21","Net_H"
"477",476,0.17385,0.01995,0.04095,0.76525,"Netlogo_H_21","Net_H"
"478",477,0.17305,0.0209,0.03935,0.7667,"Netlogo_H_21","Net_H"
"479",478,0.17425,0.0199,0.0386,0.76725,"Netlogo_H_21","Net_H"
"480",479,0.17415,0.02075,0.0379,0.7672,"Netlogo_H_21","Net_H"
"481",480,0.1744,0.02045,0.0384,0.76675,"Netlogo_H_21","Net_H"
"482",481,0.17385,0.0213,0.03825,0.7666,"Netlogo_H_21","Net_H"
"483",482,0.1733,0.0222,0.0378,0.7667,"Netlogo_H_21","Net_H"
"484",483,0.17325,0.0217,0.03755,0.7675,"Netlogo_H_21","Net_H"
"485",484,0.17345,0.0205,0.03945,0.7666,"Netlogo_H_21","Net_H"
"486",485,0.1728,0.02075,0.0397,0.76675,"Netlogo_H_21","Net_H"
"487",486,0.17195,0.02005,0.0403,0.7677,"Netlogo_H_21","Net_H"
"488",487,0.17255,0.0193,0.04105,0.7671,"Netlogo_H_21","Net_H"
"489",488,0.1721,0.01955,0.0402,0.76815,"Netlogo_H_21","Net_H"
"490",489,0.1707,0.0205,0.03955,0.76925,"Netlogo_H_21","Net_H"
"491",490,0.16995,0.022,0.03835,0.7697,"Netlogo_H_21","Net_H"
"492",491,0.1695,0.02235,0.0377,0.77045,"Netlogo_H_21","Net_H"
"493",492,0.17005,0.02145,0.03825,0.77025,"Netlogo_H_21","Net_H"
"494",493,0.1704,0.02015,0.0385,0.77095,"Netlogo_H_21","Net_H"
"495",494,0.17145,0.02025,0.038,0.7703,"Netlogo_H_21","Net_H"
"496",495,0.17305,0.01955,0.03845,0.76895,"Netlogo_H_21","Net_H"
"497",496,0.17275,0.0201,0.0387,0.76845,"Netlogo_H_21","Net_H"
"498",497,0.17335,0.01865,0.0392,0.7688,"Netlogo_H_21","Net_H"
"499",498,0.1732,0.02035,0.03815,0.7683,"Netlogo_H_21","Net_H"
"500",499,0.1726,0.02005,0.03785,0.7695,"Netlogo_H_21","Net_H"
"501",500,0.1725,0.02075,0.0368,0.76995,"Netlogo_H_21","Net_H"
"502",501,0.1724,0.02005,0.03785,0.7697,"Netlogo_H_21","Net_H"
"503",502,0.17215,0.01965,0.038,0.7702,"Netlogo_H_21","Net_H"
"504",503,0.17255,0.0191,0.03775,0.7706,"Netlogo_H_21","Net_H"
"505",504,0.1721,0.01965,0.0393,0.76895,"Netlogo_H_21","Net_H"
"506",505,0.1713,0.02075,0.0384,0.76955,"Netlogo_H_21","Net_H"
"507",506,0.1708,0.0218,0.03805,0.76935,"Netlogo_H_21","Net_H"
"508",507,0.171,0.02215,0.03785,0.769,"Netlogo_H_21","Net_H"
"509",508,0.17005,0.02175,0.0386,0.7696,"Netlogo_H_21","Net_H"
"510",509,0.17075,0.02135,0.0393,0.7686,"Netlogo_H_21","Net_H"
"511",510,0.17095,0.0206,0.04,0.76845,"Netlogo_H_21","Net_H"
"512",511,0.17125,0.02085,0.03945,0.76845,"Netlogo_H_21","Net_H"
"513",512,0.17125,0.0207,0.03875,0.7693,"Netlogo_H_21","Net_H"
"514",513,0.1727,0.01905,0.03895,0.7693,"Netlogo_H_21","Net_H"
"515",514,0.17135,0.0196,0.03905,0.77,"Netlogo_H_21","Net_H"
"516",515,0.17225,0.0199,0.0378,0.77005,"Netlogo_H_21","Net_H"
"517",516,0.1728,0.0194,0.038,0.7698,"Netlogo_H_21","Net_H"
"518",517,0.173,0.0196,0.03765,0.76975,"Netlogo_H_21","Net_H"
"519",518,0.1729,0.0205,0.0375,0.7691,"Netlogo_H_21","Net_H"
"520",519,0.17235,0.0206,0.03735,0.7697,"Netlogo_H_21","Net_H"
"521",520,0.17385,0.0207,0.0371,0.76835,"Netlogo_H_21","Net_H"
"522",521,0.17425,0.0201,0.0362,0.76945,"Netlogo_H_21","Net_H"
"523",522,0.1735,0.02015,0.0367,0.76965,"Netlogo_H_21","Net_H"
"524",523,0.17415,0.0197,0.0365,0.76965,"Netlogo_H_21","Net_H"
"525",524,0.17355,0.0207,0.0365,0.76925,"Netlogo_H_21","Net_H"
"526",525,0.1743,0.0205,0.03715,0.76805,"Netlogo_H_21","Net_H"
"527",526,0.17435,0.02,0.03815,0.7675,"Netlogo_H_21","Net_H"
"528",527,0.1754,0.01885,0.0381,0.76765,"Netlogo_H_21","Net_H"
"529",528,0.17575,0.0182,0.0376,0.76845,"Netlogo_H_21","Net_H"
"530",529,0.17505,0.0184,0.03765,0.7689,"Netlogo_H_21","Net_H"
"531",530,0.1756,0.0185,0.0369,0.769,"Netlogo_H_21","Net_H"
"532",531,0.17615,0.01755,0.03645,0.76985,"Netlogo_H_21","Net_H"
"533",532,0.17575,0.0188,0.0362,0.76925,"Netlogo_H_21","Net_H"
"534",533,0.1759,0.0204,0.03535,0.76835,"Netlogo_H_21","Net_H"
"535",534,0.17555,0.0215,0.0336,0.76935,"Netlogo_H_21","Net_H"
"536",535,0.17515,0.0204,0.0343,0.77015,"Netlogo_H_21","Net_H"
"537",536,0.1765,0.01865,0.03555,0.7693,"Netlogo_H_21","Net_H"
"538",537,0.177,0.0189,0.0354,0.7687,"Netlogo_H_21","Net_H"
"539",538,0.1771,0.01925,0.03485,0.7688,"Netlogo_H_21","Net_H"
"540",539,0.17895,0.01895,0.0342,0.7679,"Netlogo_H_21","Net_H"
"541",540,0.1789,0.01825,0.0363,0.76655,"Netlogo_H_21","Net_H"
"542",541,0.1792,0.01785,0.0363,0.76665,"Netlogo_H_21","Net_H"
"543",542,0.17905,0.0182,0.0362,0.76655,"Netlogo_H_21","Net_H"
"544",543,0.17705,0.0195,0.0361,0.76735,"Netlogo_H_21","Net_H"
"545",544,0.17825,0.0196,0.035,0.76715,"Netlogo_H_21","Net_H"
"546",545,0.1792,0.0195,0.0356,0.7657,"Netlogo_H_21","Net_H"
"547",546,0.1794,0.01955,0.03575,0.7653,"Netlogo_H_21","Net_H"
"548",547,0.1782,0.02095,0.03455,0.7663,"Netlogo_H_21","Net_H"
"549",548,0.179,0.02085,0.03475,0.7654,"Netlogo_H_21","Net_H"
"550",549,0.17865,0.0197,0.03625,0.7654,"Netlogo_H_21","Net_H"
"551",550,0.1786,0.0197,0.03725,0.76445,"Netlogo_H_21","Net_H"
"552",551,0.17845,0.0198,0.0383,0.76345,"Netlogo_H_21","Net_H"
"553",552,0.17865,0.02065,0.03815,0.76255,"Netlogo_H_21","Net_H"
"554",553,0.17905,0.02095,0.03895,0.76105,"Netlogo_H_21","Net_H"
"555",554,0.1787,0.02145,0.03795,0.7619,"Netlogo_H_21","Net_H"
"556",555,0.17875,0.022,0.037,0.76225,"Netlogo_H_21","Net_H"
"557",556,0.179,0.0202,0.03715,0.76365,"Netlogo_H_21","Net_H"
"558",557,0.17945,0.02,0.0375,0.76305,"Netlogo_H_21","Net_H"
"559",558,0.18085,0.01925,0.0378,0.7621,"Netlogo_H_21","Net_H"
"560",559,0.18155,0.01845,0.03735,0.76265,"Netlogo_H_21","Net_H"
"561",560,0.18145,0.01855,0.0367,0.7633,"Netlogo_H_21","Net_H"
"562",561,0.1812,0.01935,0.03565,0.7638,"Netlogo_H_21","Net_H"
"563",562,0.1809,0.0199,0.0351,0.7641,"Netlogo_H_21","Net_H"
"564",563,0.1817,0.01965,0.03575,0.7629,"Netlogo_H_21","Net_H"
"565",564,0.18215,0.0204,0.0347,0.76275,"Netlogo_H_21","Net_H"
"566",565,0.182,0.02095,0.0348,0.76225,"Netlogo_H_21","Net_H"
"567",566,0.18145,0.02185,0.03495,0.76175,"Netlogo_H_21","Net_H"
"568",567,0.18095,0.0217,0.03655,0.7608,"Netlogo_H_21","Net_H"
"569",568,0.18015,0.0214,0.03685,0.7616,"Netlogo_H_21","Net_H"
"570",569,0.18035,0.02075,0.0374,0.7615,"Netlogo_H_21","Net_H"
"571",570,0.1799,0.02135,0.038,0.76075,"Netlogo_H_21","Net_H"
"572",571,0.1805,0.0206,0.03845,0.76045,"Netlogo_H_21","Net_H"
"573",572,0.1801,0.0215,0.03815,0.76025,"Netlogo_H_21","Net_H"
"574",573,0.18085,0.0217,0.0375,0.75995,"Netlogo_H_21","Net_H"
"575",574,0.1807,0.02225,0.0379,0.75915,"Netlogo_H_21","Net_H"
"576",575,0.17935,0.022,0.03865,0.76,"Netlogo_H_21","Net_H"
"577",576,0.1803,0.0224,0.0387,0.7586,"Netlogo_H_21","Net_H"
"578",577,0.18025,0.02155,0.0397,0.7585,"Netlogo_H_21","Net_H"
"579",578,0.1808,0.02105,0.0403,0.75785,"Netlogo_H_21","Net_H"
"580",579,0.18055,0.02165,0.0392,0.7586,"Netlogo_H_21","Net_H"
"581",580,0.1798,0.0223,0.03895,0.75895,"Netlogo_H_21","Net_H"
"582",581,0.18015,0.02145,0.0395,0.7589,"Netlogo_H_21","Net_H"
"583",582,0.1788,0.02185,0.03935,0.76,"Netlogo_H_21","Net_H"
"584",583,0.1793,0.0216,0.0396,0.7595,"Netlogo_H_21","Net_H"
"585",584,0.17935,0.0216,0.03975,0.7593,"Netlogo_H_21","Net_H"
"586",585,0.1792,0.021,0.0394,0.7604,"Netlogo_H_21","Net_H"
"587",586,0.1789,0.02065,0.0394,0.76105,"Netlogo_H_21","Net_H"
"588",587,0.1801,0.0203,0.0392,0.7604,"Netlogo_H_21","Net_H"
"589",588,0.1804,0.0208,0.03915,0.75965,"Netlogo_H_21","Net_H"
"590",589,0.18115,0.021,0.03925,0.7586,"Netlogo_H_21","Net_H"
"591",590,0.18095,0.0214,0.0384,0.75925,"Netlogo_H_21","Net_H"
"592",591,0.181,0.02205,0.03795,0.759,"Netlogo_H_21","Net_H"
"593",592,0.18105,0.02255,0.0381,0.7583,"Netlogo_H_21","Net_H"
"594",593,0.18115,0.02235,0.039,0.7575,"Netlogo_H_21","Net_H"
"595",594,0.1822,0.0213,0.0403,0.7562,"Netlogo_H_21","Net_H"
"596",595,0.1817,0.02135,0.0391,0.75785,"Netlogo_H_21","Net_H"
"597",596,0.18075,0.0217,0.04015,0.7574,"Netlogo_H_21","Net_H"
"598",597,0.1812,0.0219,0.03905,0.75785,"Netlogo_H_21","Net_H"
"599",598,0.18085,0.02075,0.04,0.7584,"Netlogo_H_21","Net_H"
"600",599,0.18135,0.0213,0.03925,0.7581,"Netlogo_H_21","Net_H"
"601",600,0.1821,0.02155,0.03905,0.7573,"Netlogo_H_21","Net_H"
"602",601,0.18235,0.02125,0.0393,0.7571,"Netlogo_H_21","Net_H"
"603",602,0.1841,0.02045,0.03905,0.7564,"Netlogo_H_21","Net_H"
"604",603,0.1836,0.02045,0.0385,0.75745,"Netlogo_H_21","Net_H"
"605",604,0.18355,0.02025,0.03915,0.75705,"Netlogo_H_21","Net_H"
"606",605,0.18265,0.0206,0.0402,0.75655,"Netlogo_H_21","Net_H"
"607",606,0.18245,0.02115,0.03945,0.75695,"Netlogo_H_21","Net_H"
"608",607,0.1828,0.0214,0.03915,0.75665,"Netlogo_H_21","Net_H"
"609",608,0.1837,0.0209,0.03895,0.75645,"Netlogo_H_21","Net_H"
"610",609,0.183,0.02075,0.04,0.75625,"Netlogo_H_21","Net_H"
"611",610,0.18345,0.0218,0.0389,0.75585,"Netlogo_H_21","Net_H"
"612",611,0.18335,0.02285,0.03845,0.75535,"Netlogo_H_21","Net_H"
"613",612,0.18305,0.02255,0.0384,0.756,"Netlogo_H_21","Net_H"
"614",613,0.18225,0.02275,0.0381,0.7569,"Netlogo_H_21","Net_H"
"615",614,0.1818,0.02305,0.03855,0.7566,"Netlogo_H_21","Net_H"
"616",615,0.183,0.02335,0.03885,0.7548,"Netlogo_H_21","Net_H"
"617",616,0.1833,0.0235,0.0384,0.7548,"Netlogo_H_21","Net_H"
"618",617,0.18395,0.0229,0.0389,0.75425,"Netlogo_H_21","Net_H"
"619",618,0.18385,0.0231,0.0387,0.75435,"Netlogo_H_21","Net_H"
"620",619,0.18365,0.0227,0.0391,0.75455,"Netlogo_H_21","Net_H"
"621",620,0.18375,0.02195,0.03915,0.75515,"Netlogo_H_21","Net_H"
"622",621,0.1842,0.02205,0.03875,0.755,"Netlogo_H_21","Net_H"
"623",622,0.184,0.02245,0.0392,0.75435,"Netlogo_H_21","Net_H"
"624",623,0.18425,0.022,0.0396,0.75415,"Netlogo_H_21","Net_H"
"625",624,0.18405,0.0223,0.0399,0.75375,"Netlogo_H_21","Net_H"
"626",625,0.1831,0.0228,0.0399,0.7542,"Netlogo_H_21","Net_H"
"627",626,0.18265,0.0234,0.0399,0.75405,"Netlogo_H_21","Net_H"
"628",627,0.1831,0.02255,0.0412,0.75315,"Netlogo_H_21","Net_H"
"629",628,0.1823,0.023,0.0412,0.7535,"Netlogo_H_21","Net_H"
"630",629,0.18205,0.02315,0.04205,0.75275,"Netlogo_H_21","Net_H"
"631",630,0.18315,0.02075,0.04315,0.75295,"Netlogo_H_21","Net_H"
