"","step","S","E","I","R","simu","Langage"
"1",0,0.999,0,0.001,0,"Netlogo_H_29","Net_H"
"2",1,0.9984,6e-04,0.001,0,"Netlogo_H_29","Net_H"
"3",2,0.99735,0.00165,0.00085,0.00015,"Netlogo_H_29","Net_H"
"4",3,0.99705,0.00175,0.00095,0.00025,"Netlogo_H_29","Net_H"
"5",4,0.9967,0.00155,0.00145,3e-04,"Netlogo_H_29","Net_H"
"6",5,0.99565,0.0023,0.0017,0.00035,"Netlogo_H_29","Net_H"
"7",6,0.9946,0.00315,0.00165,6e-04,"Netlogo_H_29","Net_H"
"8",7,0.99295,0.00415,0.00185,0.00105,"Netlogo_H_29","Net_H"
"9",8,0.99165,0.0046,0.0026,0.00115,"Netlogo_H_29","Net_H"
"10",9,0.9899,0.00535,0.0035,0.00125,"Netlogo_H_29","Net_H"
"11",10,0.98735,0.0067,0.0045,0.00145,"Netlogo_H_29","Net_H"
"12",11,0.98455,0.00815,0.0055,0.0018,"Netlogo_H_29","Net_H"
"13",12,0.98055,0.01085,0.00615,0.00245,"Netlogo_H_29","Net_H"
"14",13,0.97665,0.01265,0.00745,0.00325,"Netlogo_H_29","Net_H"
"15",14,0.97195,0.01485,0.0088,0.0044,"Netlogo_H_29","Net_H"
"16",15,0.9648,0.0193,0.01035,0.00555,"Netlogo_H_29","Net_H"
"17",16,0.95705,0.02405,0.01235,0.00655,"Netlogo_H_29","Net_H"
"18",17,0.94895,0.02765,0.01555,0.00785,"Netlogo_H_29","Net_H"
"19",18,0.9379,0.03395,0.0187,0.00945,"Netlogo_H_29","Net_H"
"20",19,0.9251,0.04045,0.0233,0.01115,"Netlogo_H_29","Net_H"
"21",20,0.90995,0.0484,0.0286,0.01305,"Netlogo_H_29","Net_H"
"22",21,0.8925,0.05555,0.036,0.01595,"Netlogo_H_29","Net_H"
"23",22,0.8707,0.06695,0.04355,0.0188,"Netlogo_H_29","Net_H"
"24",23,0.8452,0.0791,0.05285,0.02285,"Netlogo_H_29","Net_H"
"25",24,0.8128,0.09615,0.06365,0.0274,"Netlogo_H_29","Net_H"
"26",25,0.77585,0.11615,0.0737,0.0343,"Netlogo_H_29","Net_H"
"27",26,0.73785,0.13105,0.08885,0.04225,"Netlogo_H_29","Net_H"
"28",27,0.69365,0.1495,0.105,0.05185,"Netlogo_H_29","Net_H"
"29",28,0.6447,0.1698,0.1233,0.0622,"Netlogo_H_29","Net_H"
"30",29,0.59045,0.18975,0.1447,0.0751,"Netlogo_H_29","Net_H"
"31",30,0.53315,0.211,0.1663,0.08955,"Netlogo_H_29","Net_H"
"32",31,0.4721,0.22765,0.19435,0.1059,"Netlogo_H_29","Net_H"
"33",32,0.41355,0.24,0.2226,0.12385,"Netlogo_H_29","Net_H"
"34",33,0.35505,0.2476,0.2509,0.14645,"Netlogo_H_29","Net_H"
"35",34,0.29835,0.2527,0.27665,0.1723,"Netlogo_H_29","Net_H"
"36",35,0.2446,0.2506,0.30595,0.19885,"Netlogo_H_29","Net_H"
"37",36,0.1985,0.24295,0.3273,0.23125,"Netlogo_H_29","Net_H"
"38",37,0.1572,0.2279,0.3471,0.2678,"Netlogo_H_29","Net_H"
"39",38,0.1222,0.2105,0.36085,0.30645,"Netlogo_H_29","Net_H"
"40",39,0.09495,0.1886,0.3679,0.34855,"Netlogo_H_29","Net_H"
"41",40,0.07425,0.16245,0.3734,0.3899,"Netlogo_H_29","Net_H"
"42",41,0.0588,0.13995,0.3682,0.43305,"Netlogo_H_29","Net_H"
"43",42,0.04635,0.11885,0.3598,0.475,"Netlogo_H_29","Net_H"
"44",43,0.03665,0.1001,0.3431,0.52015,"Netlogo_H_29","Net_H"
"45",44,0.03085,0.0815,0.32895,0.5587,"Netlogo_H_29","Net_H"
"46",45,0.02535,0.06775,0.3088,0.5981,"Netlogo_H_29","Net_H"
"47",46,0.02235,0.053,0.2897,0.63495,"Netlogo_H_29","Net_H"
"48",47,0.01965,0.0432,0.2664,0.67075,"Netlogo_H_29","Net_H"
"49",48,0.01745,0.0373,0.24345,0.7018,"Netlogo_H_29","Net_H"
"50",49,0.01715,0.03065,0.22145,0.73075,"Netlogo_H_29","Net_H"
"51",50,0.01705,0.0242,0.2021,0.75665,"Netlogo_H_29","Net_H"
"52",51,0.01645,0.0201,0.1804,0.78305,"Netlogo_H_29","Net_H"
"53",52,0.0164,0.0169,0.1628,0.8039,"Netlogo_H_29","Net_H"
"54",53,0.01745,0.01475,0.1454,0.8224,"Netlogo_H_29","Net_H"
"55",54,0.0191,0.0123,0.1314,0.8372,"Netlogo_H_29","Net_H"
"56",55,0.0202,0.0104,0.116,0.8534,"Netlogo_H_29","Net_H"
"57",56,0.0207,0.00985,0.10205,0.8674,"Netlogo_H_29","Net_H"
"58",57,0.02145,0.0085,0.09045,0.8796,"Netlogo_H_29","Net_H"
"59",58,0.02265,0.00825,0.0805,0.8886,"Netlogo_H_29","Net_H"
"60",59,0.02445,0.00815,0.0716,0.8958,"Netlogo_H_29","Net_H"
"61",60,0.02605,0.0079,0.06345,0.9026,"Netlogo_H_29","Net_H"
"62",61,0.028,0.00735,0.0576,0.90705,"Netlogo_H_29","Net_H"
"63",62,0.0303,0.0068,0.0516,0.9113,"Netlogo_H_29","Net_H"
"64",63,0.03185,0.0063,0.04565,0.9162,"Netlogo_H_29","Net_H"
"65",64,0.0334,0.00585,0.04095,0.9198,"Netlogo_H_29","Net_H"
"66",65,0.03635,0.0053,0.03545,0.9229,"Netlogo_H_29","Net_H"
"67",66,0.03875,0.00495,0.032,0.9243,"Netlogo_H_29","Net_H"
"68",67,0.04135,0.00415,0.0293,0.9252,"Netlogo_H_29","Net_H"
"69",68,0.0435,0.0043,0.026,0.9262,"Netlogo_H_29","Net_H"
"70",69,0.0463,0.00425,0.024,0.92545,"Netlogo_H_29","Net_H"
"71",70,0.0489,0.0042,0.0216,0.9253,"Netlogo_H_29","Net_H"
"72",71,0.0514,0.00455,0.01945,0.9246,"Netlogo_H_29","Net_H"
"73",72,0.05425,0.0038,0.01825,0.9237,"Netlogo_H_29","Net_H"
"74",73,0.0568,0.00365,0.01665,0.9229,"Netlogo_H_29","Net_H"
"75",74,0.05935,0.0033,0.01575,0.9216,"Netlogo_H_29","Net_H"
"76",75,0.0618,0.00305,0.01455,0.9206,"Netlogo_H_29","Net_H"
"77",76,0.0641,0.00285,0.01325,0.9198,"Netlogo_H_29","Net_H"
"78",77,0.0664,0.00285,0.01225,0.9185,"Netlogo_H_29","Net_H"
"79",78,0.0692,0.0029,0.0108,0.9171,"Netlogo_H_29","Net_H"
"80",79,0.07165,0.0027,0.0099,0.91575,"Netlogo_H_29","Net_H"
"81",80,0.07535,0.0024,0.0094,0.91285,"Netlogo_H_29","Net_H"
"82",81,0.07845,0.0021,0.0088,0.91065,"Netlogo_H_29","Net_H"
"83",82,0.0817,0.0019,0.00825,0.90815,"Netlogo_H_29","Net_H"
"84",83,0.0844,0.0021,0.00715,0.90635,"Netlogo_H_29","Net_H"
"85",84,0.08695,0.0021,0.0064,0.90455,"Netlogo_H_29","Net_H"
"86",85,0.09,0.0019,0.00595,0.90215,"Netlogo_H_29","Net_H"
"87",86,0.09275,0.00205,0.00555,0.89965,"Netlogo_H_29","Net_H"
"88",87,0.09535,0.0021,0.0052,0.89735,"Netlogo_H_29","Net_H"
"89",88,0.0976,0.00225,0.0052,0.89495,"Netlogo_H_29","Net_H"
"90",89,0.1004,0.0017,0.0051,0.8928,"Netlogo_H_29","Net_H"
"91",90,0.1032,0.0013,0.0049,0.8906,"Netlogo_H_29","Net_H"
"92",91,0.10535,0.0012,0.00445,0.889,"Netlogo_H_29","Net_H"
"93",92,0.10775,0.00145,0.00385,0.88695,"Netlogo_H_29","Net_H"
"94",93,0.11025,0.0016,0.00365,0.8845,"Netlogo_H_29","Net_H"
"95",94,0.1122,0.00145,0.0036,0.88275,"Netlogo_H_29","Net_H"
"96",95,0.1142,0.0016,0.0033,0.8809,"Netlogo_H_29","Net_H"
"97",96,0.1165,0.0016,0.00315,0.87875,"Netlogo_H_29","Net_H"
"98",97,0.11925,0.0013,0.003,0.87645,"Netlogo_H_29","Net_H"
"99",98,0.1214,0.0012,0.0031,0.8743,"Netlogo_H_29","Net_H"
"100",99,0.1239,0.00115,0.003,0.87195,"Netlogo_H_29","Net_H"
"101",100,0.1267,0.0012,0.0025,0.8696,"Netlogo_H_29","Net_H"
"102",101,0.1292,0.00135,0.0024,0.86705,"Netlogo_H_29","Net_H"
"103",102,0.13155,0.00135,0.00255,0.86455,"Netlogo_H_29","Net_H"
"104",103,0.1344,0.00095,0.00275,0.8619,"Netlogo_H_29","Net_H"
"105",104,0.13685,0.00085,0.00295,0.85935,"Netlogo_H_29","Net_H"
"106",105,0.1394,7e-04,0.003,0.8569,"Netlogo_H_29","Net_H"
"107",106,0.14155,0.00095,0.00265,0.85485,"Netlogo_H_29","Net_H"
"108",107,0.14355,0.001,0.00245,0.853,"Netlogo_H_29","Net_H"
"109",108,0.1452,0.0013,0.0024,0.8511,"Netlogo_H_29","Net_H"
"110",109,0.14725,0.0012,0.00255,0.849,"Netlogo_H_29","Net_H"
"111",110,0.15025,0.0011,0.00255,0.8461,"Netlogo_H_29","Net_H"
"112",111,0.15235,0.0012,0.0025,0.84395,"Netlogo_H_29","Net_H"
"113",112,0.15465,9e-04,0.00255,0.8419,"Netlogo_H_29","Net_H"
"114",113,0.15685,7e-04,0.00275,0.8397,"Netlogo_H_29","Net_H"
"115",114,0.159,0.0011,0.00265,0.83725,"Netlogo_H_29","Net_H"
"116",115,0.16095,0.0012,0.00195,0.8359,"Netlogo_H_29","Net_H"
"117",116,0.16295,0.0015,0.0019,0.83365,"Netlogo_H_29","Net_H"
"118",117,0.16535,0.00165,0.0018,0.8312,"Netlogo_H_29","Net_H"
"119",118,0.16825,0.00135,0.0018,0.8286,"Netlogo_H_29","Net_H"
"120",119,0.17005,0.0013,0.00205,0.8266,"Netlogo_H_29","Net_H"
"121",120,0.172,0.00125,0.0022,0.82455,"Netlogo_H_29","Net_H"
"122",121,0.17445,0.0012,0.00185,0.8225,"Netlogo_H_29","Net_H"
"123",122,0.17685,0.00115,0.0019,0.8201,"Netlogo_H_29","Net_H"
"124",123,0.1786,0.00105,0.002,0.81835,"Netlogo_H_29","Net_H"
"125",124,0.18085,0.00105,0.00185,0.81625,"Netlogo_H_29","Net_H"
"126",125,0.1831,0.00115,0.0016,0.81415,"Netlogo_H_29","Net_H"
"127",126,0.1858,0.00095,0.00165,0.8116,"Netlogo_H_29","Net_H"
"128",127,0.1878,9e-04,0.00185,0.80945,"Netlogo_H_29","Net_H"
"129",128,0.1903,0.00085,0.00185,0.807,"Netlogo_H_29","Net_H"
"130",129,0.1917,0.00095,0.0017,0.80565,"Netlogo_H_29","Net_H"
"131",130,0.1938,0.00085,0.0019,0.80345,"Netlogo_H_29","Net_H"
"132",131,0.1967,8e-04,0.00175,0.80075,"Netlogo_H_29","Net_H"
"133",132,0.19935,7e-04,0.00165,0.7983,"Netlogo_H_29","Net_H"
"134",133,0.2018,7e-04,0.0015,0.796,"Netlogo_H_29","Net_H"
"135",134,0.2037,0.00065,0.00155,0.7941,"Netlogo_H_29","Net_H"
"136",135,0.20555,0.00075,0.00125,0.79245,"Netlogo_H_29","Net_H"
"137",136,0.2073,0.00065,0.0013,0.79075,"Netlogo_H_29","Net_H"
"138",137,0.2097,0.00065,0.00105,0.7886,"Netlogo_H_29","Net_H"
"139",138,0.21225,0.00055,0.00105,0.78615,"Netlogo_H_29","Net_H"
"140",139,0.21455,0.00035,0.0014,0.7837,"Netlogo_H_29","Net_H"
"141",140,0.2165,0.00045,0.00125,0.7818,"Netlogo_H_29","Net_H"
"142",141,0.2179,0.00055,0.00105,0.7805,"Netlogo_H_29","Net_H"
"143",142,0.2203,5e-04,0.001,0.7782,"Netlogo_H_29","Net_H"
"144",143,0.2224,6e-04,0.00095,0.77605,"Netlogo_H_29","Net_H"
"145",144,0.22455,7e-04,8e-04,0.77395,"Netlogo_H_29","Net_H"
"146",145,0.2268,0.00065,8e-04,0.77175,"Netlogo_H_29","Net_H"
"147",146,0.2284,0.00055,0.001,0.77005,"Netlogo_H_29","Net_H"
"148",147,0.23075,0.00065,9e-04,0.7677,"Netlogo_H_29","Net_H"
"149",148,0.2334,0.00075,0.00095,0.7649,"Netlogo_H_29","Net_H"
"150",149,0.2358,0.00075,0.00095,0.7625,"Netlogo_H_29","Net_H"
"151",150,0.2386,0.00055,0.0011,0.75975,"Netlogo_H_29","Net_H"
"152",151,0.24055,6e-04,0.001,0.75785,"Netlogo_H_29","Net_H"
"153",152,0.2433,5e-04,8e-04,0.7554,"Netlogo_H_29","Net_H"
"154",153,0.24555,4e-04,0.00095,0.7531,"Netlogo_H_29","Net_H"
"155",154,0.24755,0.00045,0.00075,0.75125,"Netlogo_H_29","Net_H"
"156",155,0.2495,4e-04,0.00075,0.74935,"Netlogo_H_29","Net_H"
"157",156,0.25085,0.00055,8e-04,0.7478,"Netlogo_H_29","Net_H"
"158",157,0.25345,6e-04,0.00085,0.7451,"Netlogo_H_29","Net_H"
"159",158,0.2559,0.00065,0.00095,0.7425,"Netlogo_H_29","Net_H"
"160",159,0.25745,0.00075,0.00105,0.74075,"Netlogo_H_29","Net_H"
"161",160,0.259,9e-04,0.00115,0.73895,"Netlogo_H_29","Net_H"
"162",161,0.26075,0.00105,0.0011,0.7371,"Netlogo_H_29","Net_H"
"163",162,0.26205,0.0013,0.001,0.73565,"Netlogo_H_29","Net_H"
"164",163,0.264,0.00105,0.00135,0.7336,"Netlogo_H_29","Net_H"
"165",164,0.2659,0.00105,0.0014,0.73165,"Netlogo_H_29","Net_H"
"166",165,0.26725,0.00105,0.0012,0.7305,"Netlogo_H_29","Net_H"
"167",166,0.26885,0.00115,0.0012,0.7288,"Netlogo_H_29","Net_H"
"168",167,0.27035,0.0011,0.0013,0.72725,"Netlogo_H_29","Net_H"
"169",168,0.2718,8e-04,0.0015,0.7259,"Netlogo_H_29","Net_H"
"170",169,0.2738,9e-04,0.00155,0.72375,"Netlogo_H_29","Net_H"
"171",170,0.2753,0.0012,0.00155,0.72195,"Netlogo_H_29","Net_H"
"172",171,0.27735,0.0012,0.0018,0.71965,"Netlogo_H_29","Net_H"
"173",172,0.27905,0.00115,0.0018,0.718,"Netlogo_H_29","Net_H"
"174",173,0.28075,0.00105,0.002,0.7162,"Netlogo_H_29","Net_H"
"175",174,0.28265,0.0012,0.0021,0.71405,"Netlogo_H_29","Net_H"
"176",175,0.284,0.0015,0.0022,0.7123,"Netlogo_H_29","Net_H"
"177",176,0.2854,0.00175,0.00215,0.7107,"Netlogo_H_29","Net_H"
"178",177,0.28695,0.002,0.00215,0.7089,"Netlogo_H_29","Net_H"
"179",178,0.28825,0.00205,0.002,0.7077,"Netlogo_H_29","Net_H"
"180",179,0.2897,0.00215,0.00235,0.7058,"Netlogo_H_29","Net_H"
"181",180,0.2912,0.0019,0.0026,0.7043,"Netlogo_H_29","Net_H"
"182",181,0.2928,0.0016,0.00285,0.70275,"Netlogo_H_29","Net_H"
"183",182,0.29385,0.0018,0.003,0.70135,"Netlogo_H_29","Net_H"
"184",183,0.29515,0.0021,0.00315,0.6996,"Netlogo_H_29","Net_H"
"185",184,0.29695,0.00215,0.00315,0.69775,"Netlogo_H_29","Net_H"
"186",185,0.2982,0.0026,0.0033,0.6959,"Netlogo_H_29","Net_H"
"187",186,0.29955,0.00255,0.0034,0.6945,"Netlogo_H_29","Net_H"
"188",187,0.30075,0.0028,0.0036,0.69285,"Netlogo_H_29","Net_H"
"189",188,0.30195,0.00265,0.0038,0.6916,"Netlogo_H_29","Net_H"
"190",189,0.30305,0.0028,0.00445,0.6897,"Netlogo_H_29","Net_H"
"191",190,0.30355,0.00375,0.0046,0.6881,"Netlogo_H_29","Net_H"
"192",191,0.3044,0.00415,0.0047,0.68675,"Netlogo_H_29","Net_H"
"193",192,0.30615,0.00425,0.00485,0.68475,"Netlogo_H_29","Net_H"
"194",193,0.30695,0.00425,0.0053,0.6835,"Netlogo_H_29","Net_H"
"195",194,0.3086,0.00425,0.0055,0.68165,"Netlogo_H_29","Net_H"
"196",195,0.3094,0.00415,0.0059,0.68055,"Netlogo_H_29","Net_H"
"197",196,0.3106,0.0043,0.0065,0.6786,"Netlogo_H_29","Net_H"
"198",197,0.31145,0.00475,0.00685,0.67695,"Netlogo_H_29","Net_H"
"199",198,0.31195,0.0049,0.00735,0.6758,"Netlogo_H_29","Net_H"
"200",199,0.31275,0.00525,0.0072,0.6748,"Netlogo_H_29","Net_H"
"201",200,0.31315,0.00505,0.00775,0.67405,"Netlogo_H_29","Net_H"
"202",201,0.31315,0.0058,0.008,0.67305,"Netlogo_H_29","Net_H"
"203",202,0.31315,0.0068,0.0078,0.67225,"Netlogo_H_29","Net_H"
"204",203,0.3138,0.00705,0.00835,0.6708,"Netlogo_H_29","Net_H"
"205",204,0.314,0.00695,0.009,0.67005,"Netlogo_H_29","Net_H"
"206",205,0.3141,0.00785,0.00915,0.6689,"Netlogo_H_29","Net_H"
"207",206,0.3143,0.0081,0.00955,0.66805,"Netlogo_H_29","Net_H"
"208",207,0.31415,0.00885,0.0102,0.6668,"Netlogo_H_29","Net_H"
"209",208,0.31325,0.00935,0.01095,0.66645,"Netlogo_H_29","Net_H"
"210",209,0.31285,0.00965,0.0116,0.6659,"Netlogo_H_29","Net_H"
"211",210,0.31265,0.0097,0.01295,0.6647,"Netlogo_H_29","Net_H"
"212",211,0.312,0.0102,0.01335,0.66445,"Netlogo_H_29","Net_H"
"213",212,0.311,0.0103,0.0147,0.664,"Netlogo_H_29","Net_H"
"214",213,0.31005,0.01155,0.01545,0.66295,"Netlogo_H_29","Net_H"
"215",214,0.3089,0.01255,0.01585,0.6627,"Netlogo_H_29","Net_H"
"216",215,0.30765,0.013,0.01665,0.6627,"Netlogo_H_29","Net_H"
"217",216,0.3068,0.0137,0.0167,0.6628,"Netlogo_H_29","Net_H"
"218",217,0.30515,0.01415,0.0177,0.663,"Netlogo_H_29","Net_H"
"219",218,0.30315,0.01575,0.01835,0.66275,"Netlogo_H_29","Net_H"
"220",219,0.30245,0.01545,0.01955,0.66255,"Netlogo_H_29","Net_H"
"221",220,0.2997,0.0162,0.0211,0.663,"Netlogo_H_29","Net_H"
"222",221,0.2969,0.0177,0.02155,0.66385,"Netlogo_H_29","Net_H"
"223",222,0.29495,0.018,0.0226,0.66445,"Netlogo_H_29","Net_H"
"224",223,0.2925,0.0186,0.02405,0.66485,"Netlogo_H_29","Net_H"
"225",224,0.28905,0.0199,0.0251,0.66595,"Netlogo_H_29","Net_H"
"226",225,0.28625,0.01985,0.0264,0.6675,"Netlogo_H_29","Net_H"
"227",226,0.28275,0.0202,0.0278,0.66925,"Netlogo_H_29","Net_H"
"228",227,0.2786,0.0225,0.0277,0.6712,"Netlogo_H_29","Net_H"
"229",228,0.27565,0.0225,0.02895,0.6729,"Netlogo_H_29","Net_H"
"230",229,0.27305,0.02235,0.03155,0.67305,"Netlogo_H_29","Net_H"
"231",230,0.26985,0.02255,0.033,0.6746,"Netlogo_H_29","Net_H"
"232",231,0.26555,0.02415,0.0346,0.6757,"Netlogo_H_29","Net_H"
"233",232,0.2616,0.02485,0.0355,0.67805,"Netlogo_H_29","Net_H"
"234",233,0.2575,0.02595,0.0369,0.67965,"Netlogo_H_29","Net_H"
"235",234,0.25345,0.02635,0.0384,0.6818,"Netlogo_H_29","Net_H"
"236",235,0.2488,0.02815,0.03955,0.6835,"Netlogo_H_29","Net_H"
"237",236,0.245,0.02885,0.04075,0.6854,"Netlogo_H_29","Net_H"
"238",237,0.2401,0.03025,0.04165,0.688,"Netlogo_H_29","Net_H"
"239",238,0.23515,0.03085,0.0426,0.6914,"Netlogo_H_29","Net_H"
"240",239,0.23055,0.0308,0.0452,0.69345,"Netlogo_H_29","Net_H"
"241",240,0.22705,0.0315,0.0466,0.69485,"Netlogo_H_29","Net_H"
"242",241,0.2216,0.03205,0.04855,0.6978,"Netlogo_H_29","Net_H"
"243",242,0.2173,0.03255,0.04965,0.7005,"Netlogo_H_29","Net_H"
"244",243,0.2129,0.0325,0.05055,0.70405,"Netlogo_H_29","Net_H"
"245",244,0.2093,0.0313,0.05245,0.70695,"Netlogo_H_29","Net_H"
"246",245,0.20465,0.03215,0.05175,0.71145,"Netlogo_H_29","Net_H"
"247",246,0.20035,0.0319,0.05265,0.7151,"Netlogo_H_29","Net_H"
"248",247,0.1951,0.03295,0.0532,0.71875,"Netlogo_H_29","Net_H"
"249",248,0.18945,0.03425,0.0527,0.7236,"Netlogo_H_29","Net_H"
"250",249,0.18495,0.03395,0.05315,0.72795,"Netlogo_H_29","Net_H"
"251",250,0.181,0.03345,0.05435,0.7312,"Netlogo_H_29","Net_H"
"252",251,0.17615,0.0329,0.05515,0.7358,"Netlogo_H_29","Net_H"
"253",252,0.17275,0.0317,0.05545,0.7401,"Netlogo_H_29","Net_H"
"254",253,0.16935,0.0307,0.0567,0.74325,"Netlogo_H_29","Net_H"
"255",254,0.16475,0.0308,0.0561,0.74835,"Netlogo_H_29","Net_H"
"256",255,0.1604,0.03095,0.05685,0.7518,"Netlogo_H_29","Net_H"
"257",256,0.1573,0.03085,0.0569,0.75495,"Netlogo_H_29","Net_H"
"258",257,0.15395,0.0295,0.0573,0.75925,"Netlogo_H_29","Net_H"
"259",258,0.15125,0.0288,0.0585,0.76145,"Netlogo_H_29","Net_H"
"260",259,0.14855,0.02885,0.0565,0.7661,"Netlogo_H_29","Net_H"
"261",260,0.14605,0.0275,0.0562,0.77025,"Netlogo_H_29","Net_H"
"262",261,0.1437,0.0277,0.0557,0.7729,"Netlogo_H_29","Net_H"
"263",262,0.14085,0.0267,0.05605,0.7764,"Netlogo_H_29","Net_H"
"264",263,0.13895,0.02675,0.05615,0.77815,"Netlogo_H_29","Net_H"
"265",264,0.1367,0.02585,0.0551,0.78235,"Netlogo_H_29","Net_H"
"266",265,0.13415,0.026,0.05485,0.785,"Netlogo_H_29","Net_H"
"267",266,0.13315,0.0245,0.0537,0.78865,"Netlogo_H_29","Net_H"
"268",267,0.13195,0.023,0.0529,0.79215,"Netlogo_H_29","Net_H"
"269",268,0.1305,0.0224,0.0515,0.7956,"Netlogo_H_29","Net_H"
"270",269,0.12795,0.02195,0.05105,0.79905,"Netlogo_H_29","Net_H"
"271",270,0.12665,0.02185,0.04925,0.80225,"Netlogo_H_29","Net_H"
"272",271,0.12545,0.0216,0.0466,0.80635,"Netlogo_H_29","Net_H"
"273",272,0.1241,0.0216,0.04485,0.80945,"Netlogo_H_29","Net_H"
"274",273,0.12365,0.02125,0.04365,0.81145,"Netlogo_H_29","Net_H"
"275",274,0.1238,0.02085,0.04305,0.8123,"Netlogo_H_29","Net_H"
"276",275,0.1242,0.0192,0.0434,0.8132,"Netlogo_H_29","Net_H"
"277",276,0.12485,0.01825,0.0411,0.8158,"Netlogo_H_29","Net_H"
"278",277,0.12425,0.01875,0.03995,0.81705,"Netlogo_H_29","Net_H"
"279",278,0.1252,0.01855,0.03895,0.8173,"Netlogo_H_29","Net_H"
"280",279,0.1257,0.01825,0.038,0.81805,"Netlogo_H_29","Net_H"
"281",280,0.12545,0.0181,0.0372,0.81925,"Netlogo_H_29","Net_H"
"282",281,0.1262,0.0169,0.0372,0.8197,"Netlogo_H_29","Net_H"
"283",282,0.12675,0.016,0.03605,0.8212,"Netlogo_H_29","Net_H"
"284",283,0.12705,0.0157,0.0344,0.82285,"Netlogo_H_29","Net_H"
"285",284,0.1273,0.0152,0.03415,0.82335,"Netlogo_H_29","Net_H"
"286",285,0.12865,0.0147,0.03345,0.8232,"Netlogo_H_29","Net_H"
"287",286,0.12915,0.01495,0.03315,0.82275,"Netlogo_H_29","Net_H"
"288",287,0.1294,0.01455,0.0333,0.82275,"Netlogo_H_29","Net_H"
"289",288,0.1317,0.0141,0.03175,0.82245,"Netlogo_H_29","Net_H"
"290",289,0.1332,0.014,0.0305,0.8223,"Netlogo_H_29","Net_H"
"291",290,0.13355,0.0142,0.02905,0.8232,"Netlogo_H_29","Net_H"
"292",291,0.13415,0.014,0.03,0.82185,"Netlogo_H_29","Net_H"
"293",292,0.13575,0.01315,0.03055,0.82055,"Netlogo_H_29","Net_H"
"294",293,0.13745,0.0129,0.0295,0.82015,"Netlogo_H_29","Net_H"
"295",294,0.1389,0.01305,0.02905,0.819,"Netlogo_H_29","Net_H"
"296",295,0.14025,0.0123,0.02875,0.8187,"Netlogo_H_29","Net_H"
"297",296,0.1419,0.0123,0.028,0.8178,"Netlogo_H_29","Net_H"
"298",297,0.143,0.0126,0.02685,0.81755,"Netlogo_H_29","Net_H"
"299",298,0.14495,0.01215,0.0261,0.8168,"Netlogo_H_29","Net_H"
"300",299,0.1467,0.0124,0.0251,0.8158,"Netlogo_H_29","Net_H"
"301",300,0.14925,0.01175,0.02465,0.81435,"Netlogo_H_29","Net_H"
"302",301,0.1509,0.0121,0.0234,0.8136,"Netlogo_H_29","Net_H"
"303",302,0.1536,0.0119,0.023,0.8115,"Netlogo_H_29","Net_H"
"304",303,0.1549,0.01205,0.02235,0.8107,"Netlogo_H_29","Net_H"
"305",304,0.15775,0.01105,0.02245,0.80875,"Netlogo_H_29","Net_H"
"306",305,0.1601,0.01025,0.02265,0.807,"Netlogo_H_29","Net_H"
"307",306,0.16175,0.0102,0.02265,0.8054,"Netlogo_H_29","Net_H"
"308",307,0.1643,0.01065,0.0211,0.80395,"Netlogo_H_29","Net_H"
"309",308,0.16545,0.01125,0.02035,0.80295,"Netlogo_H_29","Net_H"
"310",309,0.1678,0.0114,0.0199,0.8009,"Netlogo_H_29","Net_H"
"311",310,0.1699,0.01135,0.02035,0.7984,"Netlogo_H_29","Net_H"
"312",311,0.17215,0.01155,0.0198,0.7965,"Netlogo_H_29","Net_H"
"313",312,0.1747,0.01085,0.0194,0.79505,"Netlogo_H_29","Net_H"
"314",313,0.17725,0.0107,0.0191,0.79295,"Netlogo_H_29","Net_H"
"315",314,0.1783,0.0106,0.01985,0.79125,"Netlogo_H_29","Net_H"
"316",315,0.1804,0.01055,0.0189,0.79015,"Netlogo_H_29","Net_H"
"317",316,0.184,0.00985,0.019,0.78715,"Netlogo_H_29","Net_H"
"318",317,0.18555,0.00955,0.0196,0.7853,"Netlogo_H_29","Net_H"
"319",318,0.188,0.00965,0.0196,0.78275,"Netlogo_H_29","Net_H"
"320",319,0.1893,0.00955,0.0193,0.78185,"Netlogo_H_29","Net_H"
"321",320,0.19065,0.01025,0.0186,0.7805,"Netlogo_H_29","Net_H"
"322",321,0.19175,0.01105,0.0182,0.779,"Netlogo_H_29","Net_H"
"323",322,0.19305,0.01155,0.01815,0.77725,"Netlogo_H_29","Net_H"
"324",323,0.19465,0.0118,0.01865,0.7749,"Netlogo_H_29","Net_H"
"325",324,0.1973,0.0115,0.0186,0.7726,"Netlogo_H_29","Net_H"
"326",325,0.19895,0.01205,0.01845,0.77055,"Netlogo_H_29","Net_H"
"327",326,0.2009,0.01225,0.0181,0.76875,"Netlogo_H_29","Net_H"
"328",327,0.2009,0.0125,0.01905,0.76755,"Netlogo_H_29","Net_H"
"329",328,0.20165,0.0127,0.01995,0.7657,"Netlogo_H_29","Net_H"
"330",329,0.2027,0.01235,0.0207,0.76425,"Netlogo_H_29","Net_H"
"331",330,0.2041,0.01225,0.0206,0.76305,"Netlogo_H_29","Net_H"
"332",331,0.20405,0.01345,0.02075,0.76175,"Netlogo_H_29","Net_H"
"333",332,0.2054,0.01315,0.0221,0.75935,"Netlogo_H_29","Net_H"
"334",333,0.2069,0.0136,0.0227,0.7568,"Netlogo_H_29","Net_H"
"335",334,0.20885,0.0135,0.02285,0.7548,"Netlogo_H_29","Net_H"
"336",335,0.21085,0.01335,0.02345,0.75235,"Netlogo_H_29","Net_H"
"337",336,0.2117,0.01395,0.0241,0.75025,"Netlogo_H_29","Net_H"
"338",337,0.2127,0.0143,0.023,0.75,"Netlogo_H_29","Net_H"
"339",338,0.21295,0.01535,0.02355,0.74815,"Netlogo_H_29","Net_H"
"340",339,0.21345,0.0159,0.02375,0.7469,"Netlogo_H_29","Net_H"
"341",340,0.21475,0.01465,0.02445,0.74615,"Netlogo_H_29","Net_H"
"342",341,0.21645,0.01405,0.02545,0.74405,"Netlogo_H_29","Net_H"
"343",342,0.21595,0.0149,0.02575,0.7434,"Netlogo_H_29","Net_H"
"344",343,0.2169,0.0161,0.0254,0.7416,"Netlogo_H_29","Net_H"
"345",344,0.21655,0.0167,0.0261,0.74065,"Netlogo_H_29","Net_H"
"346",345,0.21695,0.01645,0.0265,0.7401,"Netlogo_H_29","Net_H"
"347",346,0.21725,0.01665,0.02675,0.73935,"Netlogo_H_29","Net_H"
"348",347,0.21665,0.01765,0.02595,0.73975,"Netlogo_H_29","Net_H"
"349",348,0.21765,0.0169,0.02705,0.7384,"Netlogo_H_29","Net_H"
"350",349,0.21795,0.0177,0.02675,0.7376,"Netlogo_H_29","Net_H"
"351",350,0.21745,0.01925,0.0262,0.7371,"Netlogo_H_29","Net_H"
"352",351,0.21755,0.01855,0.0284,0.7355,"Netlogo_H_29","Net_H"
"353",352,0.21815,0.019,0.0295,0.73335,"Netlogo_H_29","Net_H"
"354",353,0.2175,0.0185,0.0305,0.7335,"Netlogo_H_29","Net_H"
"355",354,0.21705,0.01945,0.0311,0.7324,"Netlogo_H_29","Net_H"
"356",355,0.2162,0.02015,0.03065,0.733,"Netlogo_H_29","Net_H"
"357",356,0.2156,0.02045,0.03185,0.7321,"Netlogo_H_29","Net_H"
"358",357,0.2159,0.0205,0.03265,0.73095,"Netlogo_H_29","Net_H"
"359",358,0.2139,0.0207,0.0331,0.7323,"Netlogo_H_29","Net_H"
"360",359,0.21245,0.0212,0.03365,0.7327,"Netlogo_H_29","Net_H"
"361",360,0.21295,0.0205,0.0347,0.73185,"Netlogo_H_29","Net_H"
"362",361,0.21135,0.02155,0.0349,0.7322,"Netlogo_H_29","Net_H"
"363",362,0.2104,0.02185,0.03535,0.7324,"Netlogo_H_29","Net_H"
"364",363,0.20985,0.02185,0.03605,0.73225,"Netlogo_H_29","Net_H"
"365",364,0.2095,0.0216,0.0368,0.7321,"Netlogo_H_29","Net_H"
"366",365,0.2086,0.02225,0.0372,0.73195,"Netlogo_H_29","Net_H"
"367",366,0.2064,0.02315,0.0369,0.73355,"Netlogo_H_29","Net_H"
"368",367,0.2057,0.0238,0.03685,0.73365,"Netlogo_H_29","Net_H"
"369",368,0.20375,0.02465,0.0371,0.7345,"Netlogo_H_29","Net_H"
"370",369,0.20185,0.02495,0.0381,0.7351,"Netlogo_H_29","Net_H"
"371",370,0.20215,0.0243,0.0392,0.73435,"Netlogo_H_29","Net_H"
"372",371,0.20045,0.024,0.04025,0.7353,"Netlogo_H_29","Net_H"
"373",372,0.2001,0.02405,0.04005,0.7358,"Netlogo_H_29","Net_H"
"374",373,0.19845,0.0242,0.0417,0.73565,"Netlogo_H_29","Net_H"
"375",374,0.1975,0.0245,0.0418,0.7362,"Netlogo_H_29","Net_H"
"376",375,0.19565,0.02445,0.04265,0.73725,"Netlogo_H_29","Net_H"
"377",376,0.1939,0.02545,0.04225,0.7384,"Netlogo_H_29","Net_H"
"378",377,0.1931,0.0258,0.04245,0.73865,"Netlogo_H_29","Net_H"
"379",378,0.19175,0.0258,0.0426,0.73985,"Netlogo_H_29","Net_H"
"380",379,0.19035,0.0255,0.04325,0.7409,"Netlogo_H_29","Net_H"
"381",380,0.18875,0.0263,0.044,0.74095,"Netlogo_H_29","Net_H"
"382",381,0.18735,0.0262,0.04435,0.7421,"Netlogo_H_29","Net_H"
"383",382,0.18665,0.02655,0.04425,0.74255,"Netlogo_H_29","Net_H"
"384",383,0.1851,0.0265,0.0446,0.7438,"Netlogo_H_29","Net_H"
"385",384,0.1832,0.0263,0.0456,0.7449,"Netlogo_H_29","Net_H"
"386",385,0.1823,0.0257,0.04625,0.74575,"Netlogo_H_29","Net_H"
"387",386,0.18215,0.0251,0.0453,0.74745,"Netlogo_H_29","Net_H"
"388",387,0.1802,0.0257,0.0458,0.7483,"Netlogo_H_29","Net_H"
"389",388,0.17825,0.0258,0.0463,0.74965,"Netlogo_H_29","Net_H"
"390",389,0.17725,0.0254,0.04575,0.7516,"Netlogo_H_29","Net_H"
"391",390,0.1767,0.02515,0.04575,0.7524,"Netlogo_H_29","Net_H"
"392",391,0.17715,0.0236,0.0458,0.75345,"Netlogo_H_29","Net_H"
"393",392,0.17535,0.0238,0.04605,0.7548,"Netlogo_H_29","Net_H"
"394",393,0.1747,0.02325,0.0458,0.75625,"Netlogo_H_29","Net_H"
"395",394,0.17355,0.02335,0.04565,0.75745,"Netlogo_H_29","Net_H"
"396",395,0.17475,0.0229,0.0442,0.75815,"Netlogo_H_29","Net_H"
"397",396,0.17345,0.02255,0.04395,0.76005,"Netlogo_H_29","Net_H"
"398",397,0.1719,0.02415,0.04355,0.7604,"Netlogo_H_29","Net_H"
"399",398,0.17125,0.0238,0.0426,0.76235,"Netlogo_H_29","Net_H"
"400",399,0.1712,0.02355,0.0424,0.76285,"Netlogo_H_29","Net_H"
"401",400,0.17055,0.0235,0.0431,0.76285,"Netlogo_H_29","Net_H"
"402",401,0.17085,0.02305,0.0427,0.7634,"Netlogo_H_29","Net_H"
"403",402,0.17135,0.02225,0.04315,0.76325,"Netlogo_H_29","Net_H"
"404",403,0.17095,0.02255,0.04255,0.76395,"Netlogo_H_29","Net_H"
"405",404,0.1705,0.023,0.0428,0.7637,"Netlogo_H_29","Net_H"
"406",405,0.17005,0.0224,0.04335,0.7642,"Netlogo_H_29","Net_H"
"407",406,0.16945,0.02365,0.0428,0.7641,"Netlogo_H_29","Net_H"
"408",407,0.1686,0.02455,0.0423,0.76455,"Netlogo_H_29","Net_H"
"409",408,0.1673,0.02445,0.04225,0.766,"Netlogo_H_29","Net_H"
"410",409,0.1668,0.02405,0.04215,0.767,"Netlogo_H_29","Net_H"
"411",410,0.166,0.0235,0.04255,0.76795,"Netlogo_H_29","Net_H"
"412",411,0.1666,0.02255,0.0433,0.76755,"Netlogo_H_29","Net_H"
"413",412,0.1673,0.0229,0.0418,0.768,"Netlogo_H_29","Net_H"
"414",413,0.16805,0.02185,0.04175,0.76835,"Netlogo_H_29","Net_H"
"415",414,0.16925,0.02155,0.0411,0.7681,"Netlogo_H_29","Net_H"
"416",415,0.1682,0.0225,0.0412,0.7681,"Netlogo_H_29","Net_H"
"417",416,0.16885,0.0225,0.0421,0.76655,"Netlogo_H_29","Net_H"
"418",417,0.16815,0.0232,0.04115,0.7675,"Netlogo_H_29","Net_H"
"419",418,0.16815,0.022,0.042,0.76785,"Netlogo_H_29","Net_H"
"420",419,0.16825,0.02215,0.04185,0.76775,"Netlogo_H_29","Net_H"
"421",420,0.16725,0.0225,0.0421,0.76815,"Netlogo_H_29","Net_H"
"422",421,0.16745,0.0221,0.0422,0.76825,"Netlogo_H_29","Net_H"
"423",422,0.1682,0.02165,0.0415,0.76865,"Netlogo_H_29","Net_H"
"424",423,0.16715,0.0233,0.04085,0.7687,"Netlogo_H_29","Net_H"
"425",424,0.167,0.02225,0.041,0.76975,"Netlogo_H_29","Net_H"
"426",425,0.16715,0.0216,0.0408,0.77045,"Netlogo_H_29","Net_H"
"427",426,0.16735,0.02185,0.0413,0.7695,"Netlogo_H_29","Net_H"
"428",427,0.16605,0.0225,0.0412,0.77025,"Netlogo_H_29","Net_H"
"429",428,0.16645,0.0225,0.0416,0.76945,"Netlogo_H_29","Net_H"
"430",429,0.16655,0.02165,0.04115,0.77065,"Netlogo_H_29","Net_H"
"431",430,0.1675,0.0213,0.04135,0.76985,"Netlogo_H_29","Net_H"
"432",431,0.16735,0.021,0.04155,0.7701,"Netlogo_H_29","Net_H"
"433",432,0.16745,0.0213,0.04075,0.7705,"Netlogo_H_29","Net_H"
"434",433,0.16725,0.02245,0.03965,0.77065,"Netlogo_H_29","Net_H"
"435",434,0.1683,0.02185,0.03855,0.7713,"Netlogo_H_29","Net_H"
"436",435,0.16925,0.0202,0.0394,0.77115,"Netlogo_H_29","Net_H"
"437",436,0.16935,0.0203,0.03905,0.7713,"Netlogo_H_29","Net_H"
"438",437,0.16935,0.0214,0.0379,0.77135,"Netlogo_H_29","Net_H"
"439",438,0.1698,0.02145,0.0375,0.77125,"Netlogo_H_29","Net_H"
"440",439,0.17015,0.0218,0.03725,0.7708,"Netlogo_H_29","Net_H"
"441",440,0.17015,0.0215,0.0374,0.77095,"Netlogo_H_29","Net_H"
"442",441,0.1707,0.02,0.03845,0.77085,"Netlogo_H_29","Net_H"
"443",442,0.17075,0.02015,0.0384,0.7707,"Netlogo_H_29","Net_H"
"444",443,0.1712,0.0206,0.0381,0.7701,"Netlogo_H_29","Net_H"
"445",444,0.17195,0.02065,0.0368,0.7706,"Netlogo_H_29","Net_H"
"446",445,0.17165,0.02095,0.03635,0.77105,"Netlogo_H_29","Net_H"
"447",446,0.17285,0.0202,0.0357,0.77125,"Netlogo_H_29","Net_H"
"448",447,0.17395,0.01845,0.03635,0.77125,"Netlogo_H_29","Net_H"
"449",448,0.17435,0.0191,0.03555,0.771,"Netlogo_H_29","Net_H"
"450",449,0.1749,0.01955,0.0358,0.76975,"Netlogo_H_29","Net_H"
"451",450,0.17635,0.01935,0.0356,0.7687,"Netlogo_H_29","Net_H"
"452",451,0.17695,0.01835,0.0367,0.768,"Netlogo_H_29","Net_H"
"453",452,0.1771,0.01935,0.03705,0.7665,"Netlogo_H_29","Net_H"
"454",453,0.17805,0.0195,0.0363,0.76615,"Netlogo_H_29","Net_H"
"455",454,0.17825,0.0187,0.037,0.76605,"Netlogo_H_29","Net_H"
"456",455,0.1787,0.01955,0.0376,0.76415,"Netlogo_H_29","Net_H"
"457",456,0.179,0.01975,0.03735,0.7639,"Netlogo_H_29","Net_H"
"458",457,0.1801,0.0189,0.0371,0.7639,"Netlogo_H_29","Net_H"
"459",458,0.18055,0.01885,0.03735,0.76325,"Netlogo_H_29","Net_H"
"460",459,0.1828,0.01915,0.03605,0.762,"Netlogo_H_29","Net_H"
"461",460,0.18375,0.0192,0.03625,0.7608,"Netlogo_H_29","Net_H"
"462",461,0.1834,0.01995,0.03615,0.7605,"Netlogo_H_29","Net_H"
"463",462,0.18325,0.0198,0.03665,0.7603,"Netlogo_H_29","Net_H"
"464",463,0.1831,0.01995,0.03595,0.761,"Netlogo_H_29","Net_H"
"465",464,0.18355,0.0202,0.03665,0.7596,"Netlogo_H_29","Net_H"
"466",465,0.1845,0.02035,0.0363,0.75885,"Netlogo_H_29","Net_H"
"467",466,0.1858,0.02025,0.0352,0.75875,"Netlogo_H_29","Net_H"
"468",467,0.18655,0.01985,0.03515,0.75845,"Netlogo_H_29","Net_H"
"469",468,0.18715,0.0204,0.03465,0.7578,"Netlogo_H_29","Net_H"
"470",469,0.1871,0.0204,0.03475,0.75775,"Netlogo_H_29","Net_H"
"471",470,0.1886,0.01995,0.03525,0.7562,"Netlogo_H_29","Net_H"
"472",471,0.18925,0.019,0.0363,0.75545,"Netlogo_H_29","Net_H"
"473",472,0.1882,0.0199,0.03545,0.75645,"Netlogo_H_29","Net_H"
"474",473,0.18735,0.0203,0.03575,0.7566,"Netlogo_H_29","Net_H"
"475",474,0.1873,0.0196,0.03585,0.75725,"Netlogo_H_29","Net_H"
"476",475,0.18765,0.0188,0.03625,0.7573,"Netlogo_H_29","Net_H"
"477",476,0.1874,0.01885,0.03665,0.7571,"Netlogo_H_29","Net_H"
"478",477,0.18655,0.02005,0.036,0.7574,"Netlogo_H_29","Net_H"
"479",478,0.1875,0.0201,0.03525,0.75715,"Netlogo_H_29","Net_H"
"480",479,0.18685,0.0205,0.0359,0.75675,"Netlogo_H_29","Net_H"
"481",480,0.1866,0.02035,0.03655,0.7565,"Netlogo_H_29","Net_H"
"482",481,0.18675,0.02195,0.03625,0.75505,"Netlogo_H_29","Net_H"
"483",482,0.1875,0.02165,0.03715,0.7537,"Netlogo_H_29","Net_H"
"484",483,0.18825,0.02195,0.03615,0.75365,"Netlogo_H_29","Net_H"
"485",484,0.18695,0.0226,0.03555,0.7549,"Netlogo_H_29","Net_H"
"486",485,0.18705,0.0225,0.036,0.75445,"Netlogo_H_29","Net_H"
"487",486,0.18835,0.02125,0.03695,0.75345,"Netlogo_H_29","Net_H"
"488",487,0.18795,0.02035,0.03705,0.75465,"Netlogo_H_29","Net_H"
"489",488,0.18685,0.0209,0.03715,0.7551,"Netlogo_H_29","Net_H"
"490",489,0.18705,0.02035,0.0383,0.7543,"Netlogo_H_29","Net_H"
"491",490,0.1868,0.0217,0.038,0.7535,"Netlogo_H_29","Net_H"
"492",491,0.1859,0.02195,0.0383,0.75385,"Netlogo_H_29","Net_H"
"493",492,0.1856,0.0214,0.0383,0.7547,"Netlogo_H_29","Net_H"
"494",493,0.1853,0.02165,0.03845,0.7546,"Netlogo_H_29","Net_H"
"495",494,0.18495,0.02235,0.03805,0.75465,"Netlogo_H_29","Net_H"
"496",495,0.18435,0.02195,0.0386,0.7551,"Netlogo_H_29","Net_H"
"497",496,0.18345,0.022,0.03825,0.7563,"Netlogo_H_29","Net_H"
"498",497,0.1836,0.02075,0.0393,0.75635,"Netlogo_H_29","Net_H"
"499",498,0.18395,0.01955,0.0392,0.7573,"Netlogo_H_29","Net_H"
"500",499,0.18335,0.0202,0.0385,0.75795,"Netlogo_H_29","Net_H"
"501",500,0.18255,0.0208,0.0385,0.75815,"Netlogo_H_29","Net_H"
"502",501,0.1828,0.0213,0.03815,0.75775,"Netlogo_H_29","Net_H"
"503",502,0.18265,0.0208,0.03855,0.758,"Netlogo_H_29","Net_H"
"504",503,0.18155,0.0215,0.03955,0.7574,"Netlogo_H_29","Net_H"
"505",504,0.1809,0.0225,0.03935,0.75725,"Netlogo_H_29","Net_H"
"506",505,0.17975,0.0231,0.03905,0.7581,"Netlogo_H_29","Net_H"
"507",506,0.1801,0.0222,0.03955,0.75815,"Netlogo_H_29","Net_H"
"508",507,0.18,0.02115,0.0405,0.75835,"Netlogo_H_29","Net_H"
"509",508,0.17985,0.0215,0.0394,0.75925,"Netlogo_H_29","Net_H"
"510",509,0.1791,0.02205,0.03865,0.7602,"Netlogo_H_29","Net_H"
"511",510,0.1793,0.02185,0.03865,0.7602,"Netlogo_H_29","Net_H"
"512",511,0.1785,0.0219,0.03875,0.76085,"Netlogo_H_29","Net_H"
"513",512,0.17845,0.02145,0.03935,0.76075,"Netlogo_H_29","Net_H"
"514",513,0.1779,0.02105,0.03985,0.7612,"Netlogo_H_29","Net_H"
"515",514,0.17695,0.02185,0.03845,0.76275,"Netlogo_H_29","Net_H"
"516",515,0.1766,0.02075,0.03845,0.7642,"Netlogo_H_29","Net_H"
"517",516,0.17645,0.02145,0.0389,0.7632,"Netlogo_H_29","Net_H"
"518",517,0.17615,0.0208,0.03885,0.7642,"Netlogo_H_29","Net_H"
"519",518,0.1757,0.022,0.03795,0.76435,"Netlogo_H_29","Net_H"
"520",519,0.1749,0.0221,0.0389,0.7641,"Netlogo_H_29","Net_H"
"521",520,0.17525,0.02165,0.03895,0.76415,"Netlogo_H_29","Net_H"
"522",521,0.17495,0.02115,0.03875,0.76515,"Netlogo_H_29","Net_H"
"523",522,0.1746,0.02085,0.03845,0.7661,"Netlogo_H_29","Net_H"
"524",523,0.17355,0.0215,0.0377,0.76725,"Netlogo_H_29","Net_H"
"525",524,0.17365,0.02195,0.03705,0.76735,"Netlogo_H_29","Net_H"
"526",525,0.17235,0.0223,0.03715,0.7682,"Netlogo_H_29","Net_H"
"527",526,0.1713,0.0225,0.03785,0.76835,"Netlogo_H_29","Net_H"
"528",527,0.1706,0.02255,0.0388,0.76805,"Netlogo_H_29","Net_H"
"529",528,0.17065,0.02185,0.039,0.7685,"Netlogo_H_29","Net_H"
"530",529,0.1698,0.0226,0.0389,0.7687,"Netlogo_H_29","Net_H"
"531",530,0.17045,0.022,0.0392,0.76835,"Netlogo_H_29","Net_H"
"532",531,0.1701,0.02185,0.03855,0.7695,"Netlogo_H_29","Net_H"
"533",532,0.1701,0.02195,0.03875,0.7692,"Netlogo_H_29","Net_H"
"534",533,0.1708,0.02105,0.0394,0.76875,"Netlogo_H_29","Net_H"
"535",534,0.1696,0.02205,0.03955,0.7688,"Netlogo_H_29","Net_H"
"536",535,0.16845,0.02185,0.0393,0.7704,"Netlogo_H_29","Net_H"
"537",536,0.1682,0.0215,0.03975,0.77055,"Netlogo_H_29","Net_H"
"538",537,0.1689,0.02075,0.03965,0.7707,"Netlogo_H_29","Net_H"
"539",538,0.16955,0.02045,0.03935,0.77065,"Netlogo_H_29","Net_H"
"540",539,0.16995,0.01955,0.0396,0.7709,"Netlogo_H_29","Net_H"
"541",540,0.16985,0.0205,0.03865,0.771,"Netlogo_H_29","Net_H"
"542",541,0.1695,0.0212,0.03765,0.77165,"Netlogo_H_29","Net_H"
"543",542,0.1692,0.02075,0.0375,0.77255,"Netlogo_H_29","Net_H"
"544",543,0.1694,0.01995,0.03755,0.7731,"Netlogo_H_29","Net_H"
"545",544,0.17005,0.019,0.03755,0.7734,"Netlogo_H_29","Net_H"
"546",545,0.17025,0.01935,0.03705,0.77335,"Netlogo_H_29","Net_H"
"547",546,0.171,0.01925,0.03595,0.7738,"Netlogo_H_29","Net_H"
"548",547,0.172,0.01835,0.03635,0.7733,"Netlogo_H_29","Net_H"
"549",548,0.17255,0.0177,0.03685,0.7729,"Netlogo_H_29","Net_H"
"550",549,0.1718,0.01875,0.03655,0.7729,"Netlogo_H_29","Net_H"
"551",550,0.1717,0.01915,0.0354,0.77375,"Netlogo_H_29","Net_H"
"552",551,0.1718,0.01995,0.0345,0.77375,"Netlogo_H_29","Net_H"
"553",552,0.17305,0.01915,0.0343,0.7735,"Netlogo_H_29","Net_H"
"554",553,0.1731,0.01815,0.03595,0.7728,"Netlogo_H_29","Net_H"
"555",554,0.17375,0.01725,0.0355,0.7735,"Netlogo_H_29","Net_H"
"556",555,0.17415,0.01745,0.03485,0.77355,"Netlogo_H_29","Net_H"
"557",556,0.1746,0.01825,0.0341,0.77305,"Netlogo_H_29","Net_H"
"558",557,0.1743,0.019,0.0339,0.7728,"Netlogo_H_29","Net_H"
"559",558,0.1744,0.019,0.0333,0.7733,"Netlogo_H_29","Net_H"
"560",559,0.17575,0.0178,0.03425,0.7722,"Netlogo_H_29","Net_H"
"561",560,0.1759,0.01765,0.0346,0.77185,"Netlogo_H_29","Net_H"
"562",561,0.1763,0.01775,0.0342,0.77175,"Netlogo_H_29","Net_H"
"563",562,0.17665,0.01725,0.03385,0.77225,"Netlogo_H_29","Net_H"
"564",563,0.1775,0.01755,0.0342,0.77075,"Netlogo_H_29","Net_H"
"565",564,0.1777,0.01775,0.0333,0.77125,"Netlogo_H_29","Net_H"
"566",565,0.17825,0.01815,0.0331,0.7705,"Netlogo_H_29","Net_H"
"567",566,0.1787,0.0183,0.03315,0.76985,"Netlogo_H_29","Net_H"
"568",567,0.17855,0.01755,0.0336,0.7703,"Netlogo_H_29","Net_H"
"569",568,0.1789,0.01845,0.03325,0.7694,"Netlogo_H_29","Net_H"
"570",569,0.17965,0.0192,0.03355,0.7676,"Netlogo_H_29","Net_H"
"571",570,0.17945,0.0195,0.03435,0.7667,"Netlogo_H_29","Net_H"
"572",571,0.17965,0.01945,0.03565,0.76525,"Netlogo_H_29","Net_H"
"573",572,0.1805,0.01885,0.0357,0.76495,"Netlogo_H_29","Net_H"
"574",573,0.18105,0.0184,0.0353,0.76525,"Netlogo_H_29","Net_H"
"575",574,0.18075,0.01905,0.03525,0.76495,"Netlogo_H_29","Net_H"
"576",575,0.18165,0.01845,0.0345,0.7654,"Netlogo_H_29","Net_H"
"577",576,0.18215,0.0188,0.03525,0.7638,"Netlogo_H_29","Net_H"
"578",577,0.18315,0.01985,0.03405,0.76295,"Netlogo_H_29","Net_H"
"579",578,0.18255,0.02085,0.03385,0.76275,"Netlogo_H_29","Net_H"
"580",579,0.1831,0.01995,0.0343,0.76265,"Netlogo_H_29","Net_H"
"581",580,0.1831,0.01845,0.0358,0.76265,"Netlogo_H_29","Net_H"
"582",581,0.183,0.0186,0.0359,0.7625,"Netlogo_H_29","Net_H"
"583",582,0.18315,0.01825,0.0361,0.7625,"Netlogo_H_29","Net_H"
"584",583,0.1838,0.01875,0.0353,0.76215,"Netlogo_H_29","Net_H"
"585",584,0.18365,0.0194,0.0349,0.76205,"Netlogo_H_29","Net_H"
"586",585,0.1852,0.01905,0.03465,0.7611,"Netlogo_H_29","Net_H"
"587",586,0.1859,0.0184,0.0342,0.7615,"Netlogo_H_29","Net_H"
"588",587,0.1851,0.0195,0.03275,0.76265,"Netlogo_H_29","Net_H"
"589",588,0.18565,0.019,0.03275,0.7626,"Netlogo_H_29","Net_H"
"590",589,0.18565,0.02,0.03335,0.761,"Netlogo_H_29","Net_H"
"591",590,0.1854,0.02025,0.0338,0.76055,"Netlogo_H_29","Net_H"
"592",591,0.1854,0.0204,0.03465,0.75955,"Netlogo_H_29","Net_H"
"593",592,0.185,0.0208,0.0343,0.7599,"Netlogo_H_29","Net_H"
"594",593,0.18575,0.0198,0.0346,0.75985,"Netlogo_H_29","Net_H"
"595",594,0.1854,0.02055,0.03455,0.7595,"Netlogo_H_29","Net_H"
"596",595,0.18675,0.02015,0.0342,0.7589,"Netlogo_H_29","Net_H"
"597",596,0.1881,0.01915,0.03475,0.758,"Netlogo_H_29","Net_H"
"598",597,0.18885,0.0192,0.03575,0.7562,"Netlogo_H_29","Net_H"
"599",598,0.1891,0.02035,0.0346,0.75595,"Netlogo_H_29","Net_H"
"600",599,0.1891,0.0201,0.03485,0.75595,"Netlogo_H_29","Net_H"
"601",600,0.19,0.01985,0.03555,0.7546,"Netlogo_H_29","Net_H"
"602",601,0.1902,0.01965,0.03575,0.7544,"Netlogo_H_29","Net_H"
"603",602,0.1906,0.01985,0.0353,0.75425,"Netlogo_H_29","Net_H"
"604",603,0.1912,0.01965,0.0353,0.75385,"Netlogo_H_29","Net_H"
"605",604,0.19135,0.0197,0.03565,0.7533,"Netlogo_H_29","Net_H"
"606",605,0.1906,0.0207,0.0359,0.7528,"Netlogo_H_29","Net_H"
"607",606,0.19195,0.0187,0.0365,0.75285,"Netlogo_H_29","Net_H"
"608",607,0.1922,0.0196,0.0359,0.7523,"Netlogo_H_29","Net_H"
"609",608,0.1915,0.0206,0.03515,0.75275,"Netlogo_H_29","Net_H"
"610",609,0.1901,0.0218,0.03495,0.75315,"Netlogo_H_29","Net_H"
"611",610,0.19055,0.0216,0.03455,0.7533,"Netlogo_H_29","Net_H"
"612",611,0.1901,0.02175,0.0358,0.75235,"Netlogo_H_29","Net_H"
"613",612,0.18955,0.0219,0.03625,0.7523,"Netlogo_H_29","Net_H"
"614",613,0.18965,0.02135,0.0361,0.7529,"Netlogo_H_29","Net_H"
"615",614,0.1888,0.0217,0.0367,0.7528,"Netlogo_H_29","Net_H"
"616",615,0.1887,0.02225,0.03555,0.7535,"Netlogo_H_29","Net_H"
"617",616,0.18935,0.02135,0.0363,0.753,"Netlogo_H_29","Net_H"
"618",617,0.1891,0.02225,0.03675,0.7519,"Netlogo_H_29","Net_H"
"619",618,0.1901,0.0216,0.0369,0.7514,"Netlogo_H_29","Net_H"
"620",619,0.18965,0.0207,0.03835,0.7513,"Netlogo_H_29","Net_H"
"621",620,0.18955,0.0222,0.0365,0.75175,"Netlogo_H_29","Net_H"
"622",621,0.1892,0.0224,0.0364,0.752,"Netlogo_H_29","Net_H"
"623",622,0.18865,0.02255,0.03645,0.75235,"Netlogo_H_29","Net_H"
"624",623,0.18795,0.022,0.0371,0.75295,"Netlogo_H_29","Net_H"
"625",624,0.18765,0.02195,0.0375,0.7529,"Netlogo_H_29","Net_H"
"626",625,0.18835,0.02175,0.0381,0.7518,"Netlogo_H_29","Net_H"
"627",626,0.18775,0.02115,0.0388,0.7523,"Netlogo_H_29","Net_H"
"628",627,0.1875,0.02215,0.03925,0.7511,"Netlogo_H_29","Net_H"
"629",628,0.1875,0.02145,0.03935,0.7517,"Netlogo_H_29","Net_H"
