"","step","S","E","I","R","simu","Langage"
"1",0,0.999,0,0.001,0,"Netlogo_H_1","Net_H"
"2",1,0.9983,7e-04,0.001,0,"Netlogo_H_1","Net_H"
"3",2,0.9976,0.0014,0.00085,0.00015,"Netlogo_H_1","Net_H"
"4",3,0.9971,0.00175,0.00095,2e-04,"Netlogo_H_1","Net_H"
"5",4,0.9962,0.00245,0.00095,4e-04,"Netlogo_H_1","Net_H"
"6",5,0.9958,0.00245,0.00125,5e-04,"Netlogo_H_1","Net_H"
"7",6,0.9952,0.00215,0.002,0.00065,"Netlogo_H_1","Net_H"
"8",7,0.9935,0.00335,0.0024,0.00075,"Netlogo_H_1","Net_H"
"9",8,0.9919,0.00445,0.0024,0.00125,"Netlogo_H_1","Net_H"
"10",9,0.99055,0.00475,0.00325,0.00145,"Netlogo_H_1","Net_H"
"11",10,0.9883,0.0062,0.00375,0.00175,"Netlogo_H_1","Net_H"
"12",11,0.98605,0.00755,0.0042,0.0022,"Netlogo_H_1","Net_H"
"13",12,0.9839,0.0084,0.00485,0.00285,"Netlogo_H_1","Net_H"
"14",13,0.9813,0.0091,0.0064,0.0032,"Netlogo_H_1","Net_H"
"15",14,0.97705,0.0115,0.00745,0.004,"Netlogo_H_1","Net_H"
"16",15,0.9717,0.0152,0.0085,0.0046,"Netlogo_H_1","Net_H"
"17",16,0.9666,0.01775,0.01035,0.0053,"Netlogo_H_1","Net_H"
"18",17,0.9594,0.02145,0.0129,0.00625,"Netlogo_H_1","Net_H"
"19",18,0.9506,0.02635,0.01555,0.0075,"Netlogo_H_1","Net_H"
"20",19,0.941,0.0312,0.0189,0.0089,"Netlogo_H_1","Net_H"
"21",20,0.92925,0.0369,0.0232,0.01065,"Netlogo_H_1","Net_H"
"22",21,0.91285,0.04675,0.02785,0.01255,"Netlogo_H_1","Net_H"
"23",22,0.89685,0.05475,0.03335,0.01505,"Netlogo_H_1","Net_H"
"24",23,0.8756,0.06475,0.04145,0.0182,"Netlogo_H_1","Net_H"
"25",24,0.85095,0.0774,0.04905,0.0226,"Netlogo_H_1","Net_H"
"26",25,0.8217,0.0926,0.05875,0.02695,"Netlogo_H_1","Net_H"
"27",26,0.78985,0.10535,0.07175,0.03305,"Netlogo_H_1","Net_H"
"28",27,0.75075,0.1238,0.08605,0.0394,"Netlogo_H_1","Net_H"
"29",28,0.7065,0.144,0.10115,0.04835,"Netlogo_H_1","Net_H"
"30",29,0.6593,0.1644,0.1175,0.0588,"Netlogo_H_1","Net_H"
"31",30,0.6068,0.1827,0.13975,0.07075,"Netlogo_H_1","Net_H"
"32",31,0.5521,0.2002,0.16175,0.08595,"Netlogo_H_1","Net_H"
"33",32,0.4924,0.21765,0.1883,0.10165,"Netlogo_H_1","Net_H"
"34",33,0.4348,0.2308,0.21415,0.12025,"Netlogo_H_1","Net_H"
"35",34,0.37515,0.2401,0.24285,0.1419,"Netlogo_H_1","Net_H"
"36",35,0.31085,0.2532,0.26885,0.1671,"Netlogo_H_1","Net_H"
"37",36,0.25945,0.2512,0.2955,0.19385,"Netlogo_H_1","Net_H"
"38",37,0.21065,0.24505,0.3166,0.2277,"Netlogo_H_1","Net_H"
"39",38,0.1701,0.22855,0.3416,0.25975,"Netlogo_H_1","Net_H"
"40",39,0.1341,0.2156,0.35375,0.29655,"Netlogo_H_1","Net_H"
"41",40,0.10415,0.1959,0.3621,0.33785,"Netlogo_H_1","Net_H"
"42",41,0.08045,0.17485,0.3661,0.3786,"Netlogo_H_1","Net_H"
"43",42,0.06335,0.1492,0.36525,0.4222,"Netlogo_H_1","Net_H"
"44",43,0.04915,0.1263,0.3618,0.46275,"Netlogo_H_1","Net_H"
"45",44,0.03955,0.1057,0.35025,0.5045,"Netlogo_H_1","Net_H"
"46",45,0.0307,0.08935,0.3362,0.54375,"Netlogo_H_1","Net_H"
"47",46,0.02655,0.0723,0.3172,0.58395,"Netlogo_H_1","Net_H"
"48",47,0.0227,0.05975,0.2974,0.62015,"Netlogo_H_1","Net_H"
"49",48,0.02025,0.04915,0.2752,0.6554,"Netlogo_H_1","Net_H"
"50",49,0.01855,0.03885,0.2519,0.6907,"Netlogo_H_1","Net_H"
"51",50,0.017,0.0327,0.2298,0.7205,"Netlogo_H_1","Net_H"
"52",51,0.0166,0.02575,0.2112,0.74645,"Netlogo_H_1","Net_H"
"53",52,0.0175,0.0209,0.1896,0.772,"Netlogo_H_1","Net_H"
"54",53,0.01815,0.0179,0.17195,0.792,"Netlogo_H_1","Net_H"
"55",54,0.0183,0.0148,0.154,0.8129,"Netlogo_H_1","Net_H"
"56",55,0.01885,0.0127,0.13855,0.8299,"Netlogo_H_1","Net_H"
"57",56,0.01915,0.01095,0.1242,0.8457,"Netlogo_H_1","Net_H"
"58",57,0.02,0.0095,0.1112,0.8593,"Netlogo_H_1","Net_H"
"59",58,0.02155,0.0083,0.09835,0.8718,"Netlogo_H_1","Net_H"
"60",59,0.0231,0.0083,0.0875,0.8811,"Netlogo_H_1","Net_H"
"61",60,0.02425,0.0075,0.07765,0.8906,"Netlogo_H_1","Net_H"
"62",61,0.0262,0.0072,0.06805,0.89855,"Netlogo_H_1","Net_H"
"63",62,0.02795,0.0064,0.06115,0.9045,"Netlogo_H_1","Net_H"
"64",63,0.0299,0.00575,0.05465,0.9097,"Netlogo_H_1","Net_H"
"65",64,0.03215,0.00505,0.04865,0.91415,"Netlogo_H_1","Net_H"
"66",65,0.0343,0.0047,0.04345,0.91755,"Netlogo_H_1","Net_H"
"67",66,0.03655,0.00465,0.03795,0.92085,"Netlogo_H_1","Net_H"
"68",67,0.0382,0.00455,0.03365,0.9236,"Netlogo_H_1","Net_H"
"69",68,0.04115,0.0043,0.03025,0.9243,"Netlogo_H_1","Net_H"
"70",69,0.0434,0.0039,0.0274,0.9253,"Netlogo_H_1","Net_H"
"71",70,0.04615,0.00395,0.0242,0.9257,"Netlogo_H_1","Net_H"
"72",71,0.04885,0.0039,0.02195,0.9253,"Netlogo_H_1","Net_H"
"73",72,0.0506,0.00395,0.0198,0.92565,"Netlogo_H_1","Net_H"
"74",73,0.05315,0.0035,0.0176,0.92575,"Netlogo_H_1","Net_H"
"75",74,0.0555,0.00325,0.0161,0.92515,"Netlogo_H_1","Net_H"
"76",75,0.0574,0.00335,0.0145,0.92475,"Netlogo_H_1","Net_H"
"77",76,0.0602,0.00315,0.0134,0.92325,"Netlogo_H_1","Net_H"
"78",77,0.06235,0.00315,0.0125,0.922,"Netlogo_H_1","Net_H"
"79",78,0.06535,0.0032,0.011,0.92045,"Netlogo_H_1","Net_H"
"80",79,0.068,0.0028,0.01065,0.91855,"Netlogo_H_1","Net_H"
"81",80,0.07095,0.00265,0.00965,0.91675,"Netlogo_H_1","Net_H"
"82",81,0.07395,0.00245,0.00895,0.91465,"Netlogo_H_1","Net_H"
"83",82,0.0769,0.00245,0.00845,0.9122,"Netlogo_H_1","Net_H"
"84",83,0.0798,0.0026,0.0076,0.91,"Netlogo_H_1","Net_H"
"85",84,0.08235,0.0025,0.0072,0.90795,"Netlogo_H_1","Net_H"
"86",85,0.0849,0.0021,0.00665,0.90635,"Netlogo_H_1","Net_H"
"87",86,0.0875,0.0018,0.0067,0.904,"Netlogo_H_1","Net_H"
"88",87,0.09015,0.0017,0.0062,0.90195,"Netlogo_H_1","Net_H"
"89",88,0.0926,0.00165,0.0057,0.90005,"Netlogo_H_1","Net_H"
"90",89,0.09555,0.00145,0.0054,0.8976,"Netlogo_H_1","Net_H"
"91",90,0.09835,0.0016,0.00535,0.8947,"Netlogo_H_1","Net_H"
"92",91,0.09995,0.00155,0.00485,0.89365,"Netlogo_H_1","Net_H"
"93",92,0.10315,0.0014,0.00505,0.8904,"Netlogo_H_1","Net_H"
"94",93,0.1054,0.00185,0.00465,0.8881,"Netlogo_H_1","Net_H"
"95",94,0.10795,0.00195,0.00395,0.88615,"Netlogo_H_1","Net_H"
"96",95,0.11105,0.0016,0.0037,0.88365,"Netlogo_H_1","Net_H"
"97",96,0.11385,0.0014,0.00385,0.8809,"Netlogo_H_1","Net_H"
"98",97,0.11645,0.0013,0.00375,0.8785,"Netlogo_H_1","Net_H"
"99",98,0.119,0.0014,0.0033,0.8763,"Netlogo_H_1","Net_H"
"100",99,0.1211,0.0012,0.00335,0.87435,"Netlogo_H_1","Net_H"
"101",100,0.1236,0.00115,0.0032,0.87205,"Netlogo_H_1","Net_H"
"102",101,0.12615,9e-04,0.0029,0.87005,"Netlogo_H_1","Net_H"
"103",102,0.1289,0.00105,0.0027,0.86735,"Netlogo_H_1","Net_H"
"104",103,0.13145,0.00115,0.00255,0.86485,"Netlogo_H_1","Net_H"
"105",104,0.13375,0.0012,0.00225,0.8628,"Netlogo_H_1","Net_H"
"106",105,0.1363,0.001,0.00255,0.86015,"Netlogo_H_1","Net_H"
"107",106,0.13875,9e-04,0.0024,0.85795,"Netlogo_H_1","Net_H"
"108",107,0.14125,0.00105,0.00225,0.85545,"Netlogo_H_1","Net_H"
"109",108,0.1444,0.0011,0.0022,0.8523,"Netlogo_H_1","Net_H"
"110",109,0.14725,0.00095,0.00195,0.84985,"Netlogo_H_1","Net_H"
"111",110,0.14895,0.001,0.0021,0.84795,"Netlogo_H_1","Net_H"
"112",111,0.15125,0.001,0.00205,0.8457,"Netlogo_H_1","Net_H"
"113",112,0.1538,8e-04,0.00215,0.84325,"Netlogo_H_1","Net_H"
"114",113,0.15555,0.00095,0.00205,0.84145,"Netlogo_H_1","Net_H"
"115",114,0.1574,0.00085,0.00205,0.8397,"Netlogo_H_1","Net_H"
"116",115,0.15955,9e-04,0.002,0.83755,"Netlogo_H_1","Net_H"
"117",116,0.16285,8e-04,0.002,0.83435,"Netlogo_H_1","Net_H"
"118",117,0.1651,0.001,0.0018,0.8321,"Netlogo_H_1","Net_H"
"119",118,0.16745,0.0011,0.0018,0.82965,"Netlogo_H_1","Net_H"
"120",119,0.17065,9e-04,0.0021,0.82635,"Netlogo_H_1","Net_H"
"121",120,0.1729,9e-04,0.00205,0.82415,"Netlogo_H_1","Net_H"
"122",121,0.17555,0.0011,0.00205,0.8213,"Netlogo_H_1","Net_H"
"123",122,0.1776,0.0011,0.0022,0.8191,"Netlogo_H_1","Net_H"
"124",123,0.1795,0.00115,0.0023,0.81705,"Netlogo_H_1","Net_H"
"125",124,0.18175,0.00115,0.0024,0.8147,"Netlogo_H_1","Net_H"
"126",125,0.18385,0.00135,0.00245,0.81235,"Netlogo_H_1","Net_H"
"127",126,0.18595,0.0013,0.0025,0.81025,"Netlogo_H_1","Net_H"
"128",127,0.1878,0.0016,0.0024,0.8082,"Netlogo_H_1","Net_H"
"129",128,0.19,0.00165,0.0025,0.80585,"Netlogo_H_1","Net_H"
"130",129,0.19225,0.0015,0.00255,0.8037,"Netlogo_H_1","Net_H"
"131",130,0.194,0.0015,0.00245,0.80205,"Netlogo_H_1","Net_H"
"132",131,0.19605,0.00165,0.00245,0.79985,"Netlogo_H_1","Net_H"
"133",132,0.1981,0.0016,0.00245,0.79785,"Netlogo_H_1","Net_H"
"134",133,0.2004,0.00175,0.00225,0.7956,"Netlogo_H_1","Net_H"
"135",134,0.2025,0.0016,0.00245,0.79345,"Netlogo_H_1","Net_H"
"136",135,0.20475,0.0015,0.0025,0.79125,"Netlogo_H_1","Net_H"
"137",136,0.20665,0.00155,0.0025,0.7893,"Netlogo_H_1","Net_H"
"138",137,0.20855,0.0019,0.0018,0.78775,"Netlogo_H_1","Net_H"
"139",138,0.21045,0.00185,0.00185,0.78585,"Netlogo_H_1","Net_H"
"140",139,0.2122,0.0017,0.0021,0.784,"Netlogo_H_1","Net_H"
"141",140,0.2139,0.0018,0.00205,0.78225,"Netlogo_H_1","Net_H"
"142",141,0.2158,0.0013,0.00225,0.78065,"Netlogo_H_1","Net_H"
"143",142,0.2172,0.0015,0.00245,0.77885,"Netlogo_H_1","Net_H"
"144",143,0.21905,0.00165,0.00245,0.77685,"Netlogo_H_1","Net_H"
"145",144,0.2198,0.00185,0.0025,0.77585,"Netlogo_H_1","Net_H"
"146",145,0.22145,0.0019,0.0026,0.77405,"Netlogo_H_1","Net_H"
"147",146,0.2233,0.00165,0.00285,0.7722,"Netlogo_H_1","Net_H"
"148",147,0.22555,0.00125,0.00305,0.77015,"Netlogo_H_1","Net_H"
"149",148,0.22805,0.0016,0.00295,0.7674,"Netlogo_H_1","Net_H"
"150",149,0.2301,0.0017,0.0028,0.7654,"Netlogo_H_1","Net_H"
"151",150,0.23185,0.00155,0.0026,0.764,"Netlogo_H_1","Net_H"
"152",151,0.2344,0.0017,0.0024,0.7615,"Netlogo_H_1","Net_H"
"153",152,0.2364,0.0015,0.00255,0.75955,"Netlogo_H_1","Net_H"
"154",153,0.23765,0.00175,0.00245,0.75815,"Netlogo_H_1","Net_H"
"155",154,0.2399,0.00165,0.00265,0.7558,"Netlogo_H_1","Net_H"
"156",155,0.24195,0.00185,0.0029,0.7533,"Netlogo_H_1","Net_H"
"157",156,0.244,0.00195,0.0027,0.75135,"Netlogo_H_1","Net_H"
"158",157,0.24545,0.00205,0.0027,0.7498,"Netlogo_H_1","Net_H"
"159",158,0.2472,0.0021,0.0029,0.7478,"Netlogo_H_1","Net_H"
"160",159,0.249,0.00225,0.0027,0.74605,"Netlogo_H_1","Net_H"
"161",160,0.2505,0.00215,0.0025,0.74485,"Netlogo_H_1","Net_H"
"162",161,0.2524,0.0021,0.0026,0.7429,"Netlogo_H_1","Net_H"
"163",162,0.2548,0.0019,0.0025,0.7408,"Netlogo_H_1","Net_H"
"164",163,0.257,0.0017,0.00275,0.73855,"Netlogo_H_1","Net_H"
"165",164,0.2588,0.0018,0.0029,0.7365,"Netlogo_H_1","Net_H"
"166",165,0.2604,0.00195,0.0031,0.73455,"Netlogo_H_1","Net_H"
"167",166,0.26225,0.00215,0.00315,0.73245,"Netlogo_H_1","Net_H"
"168",167,0.26425,0.0021,0.0034,0.73025,"Netlogo_H_1","Net_H"
"169",168,0.26565,0.00245,0.00345,0.72845,"Netlogo_H_1","Net_H"
"170",169,0.2672,0.0025,0.00345,0.72685,"Netlogo_H_1","Net_H"
"171",170,0.26925,0.0029,0.00345,0.7244,"Netlogo_H_1","Net_H"
"172",171,0.2706,0.00295,0.00335,0.7231,"Netlogo_H_1","Net_H"
"173",172,0.27165,0.00295,0.00365,0.72175,"Netlogo_H_1","Net_H"
"174",173,0.27375,0.00245,0.0041,0.7197,"Netlogo_H_1","Net_H"
"175",174,0.27515,0.00285,0.00435,0.71765,"Netlogo_H_1","Net_H"
"176",175,0.2761,0.0032,0.00425,0.71645,"Netlogo_H_1","Net_H"
"177",176,0.2777,0.0032,0.0045,0.7146,"Netlogo_H_1","Net_H"
"178",177,0.2793,0.003,0.00465,0.71305,"Netlogo_H_1","Net_H"
"179",178,0.28005,0.0035,0.00485,0.7116,"Netlogo_H_1","Net_H"
"180",179,0.2821,0.0036,0.0047,0.7096,"Netlogo_H_1","Net_H"
"181",180,0.28295,0.00375,0.0048,0.7085,"Netlogo_H_1","Net_H"
"182",181,0.28405,0.00415,0.005,0.7068,"Netlogo_H_1","Net_H"
"183",182,0.2851,0.0042,0.005,0.7057,"Netlogo_H_1","Net_H"
"184",183,0.28565,0.0039,0.0055,0.70495,"Netlogo_H_1","Net_H"
"185",184,0.2863,0.0046,0.0055,0.7036,"Netlogo_H_1","Net_H"
"186",185,0.2871,0.0049,0.006,0.702,"Netlogo_H_1","Net_H"
"187",186,0.28855,0.00495,0.0061,0.7004,"Netlogo_H_1","Net_H"
"188",187,0.2897,0.00485,0.0068,0.69865,"Netlogo_H_1","Net_H"
"189",188,0.29095,0.00455,0.0073,0.6972,"Netlogo_H_1","Net_H"
"190",189,0.29215,0.0045,0.0073,0.69605,"Netlogo_H_1","Net_H"
"191",190,0.29245,0.00535,0.00775,0.69445,"Netlogo_H_1","Net_H"
"192",191,0.2933,0.00555,0.00775,0.6934,"Netlogo_H_1","Net_H"
"193",192,0.29415,0.00555,0.00855,0.69175,"Netlogo_H_1","Net_H"
"194",193,0.29475,0.0057,0.0095,0.69005,"Netlogo_H_1","Net_H"
"195",194,0.2947,0.00625,0.00925,0.6898,"Netlogo_H_1","Net_H"
"196",195,0.29535,0.0068,0.00945,0.6884,"Netlogo_H_1","Net_H"
"197",196,0.29505,0.00745,0.0099,0.6876,"Netlogo_H_1","Net_H"
"198",197,0.29475,0.00865,0.0102,0.6864,"Netlogo_H_1","Net_H"
"199",198,0.29405,0.0093,0.01105,0.6856,"Netlogo_H_1","Net_H"
"200",199,0.2941,0.0095,0.0115,0.6849,"Netlogo_H_1","Net_H"
"201",200,0.2941,0.01,0.0121,0.6838,"Netlogo_H_1","Net_H"
"202",201,0.29315,0.01075,0.0125,0.6836,"Netlogo_H_1","Net_H"
"203",202,0.2931,0.0115,0.0127,0.6827,"Netlogo_H_1","Net_H"
"204",203,0.2922,0.0114,0.01415,0.68225,"Netlogo_H_1","Net_H"
"205",204,0.29175,0.01155,0.01535,0.68135,"Netlogo_H_1","Net_H"
"206",205,0.29105,0.0125,0.0147,0.68175,"Netlogo_H_1","Net_H"
"207",206,0.29015,0.01255,0.0157,0.6816,"Netlogo_H_1","Net_H"
"208",207,0.28955,0.0131,0.01645,0.6809,"Netlogo_H_1","Net_H"
"209",208,0.2887,0.0132,0.01755,0.68055,"Netlogo_H_1","Net_H"
"210",209,0.28705,0.01365,0.0187,0.6806,"Netlogo_H_1","Net_H"
"211",210,0.285,0.0154,0.01915,0.68045,"Netlogo_H_1","Net_H"
"212",211,0.2838,0.01545,0.02015,0.6806,"Netlogo_H_1","Net_H"
"213",212,0.28125,0.0169,0.02115,0.6807,"Netlogo_H_1","Net_H"
"214",213,0.27935,0.01785,0.0211,0.6817,"Netlogo_H_1","Net_H"
"215",214,0.2768,0.02015,0.0219,0.68115,"Netlogo_H_1","Net_H"
"216",215,0.2748,0.01955,0.02385,0.6818,"Netlogo_H_1","Net_H"
"217",216,0.27225,0.01915,0.0255,0.6831,"Netlogo_H_1","Net_H"
"218",217,0.27005,0.0188,0.02745,0.6837,"Netlogo_H_1","Net_H"
"219",218,0.2674,0.01945,0.02915,0.684,"Netlogo_H_1","Net_H"
"220",219,0.2658,0.01995,0.0303,0.68395,"Netlogo_H_1","Net_H"
"221",220,0.2633,0.02065,0.03135,0.6847,"Netlogo_H_1","Net_H"
"222",221,0.26205,0.0201,0.033,0.68485,"Netlogo_H_1","Net_H"
"223",222,0.25775,0.02185,0.0334,0.687,"Netlogo_H_1","Net_H"
"224",223,0.25335,0.02485,0.03245,0.68935,"Netlogo_H_1","Net_H"
"225",224,0.2505,0.02515,0.034,0.69035,"Netlogo_H_1","Net_H"
"226",225,0.2472,0.02525,0.03605,0.6915,"Netlogo_H_1","Net_H"
"227",226,0.24325,0.0264,0.03685,0.6935,"Netlogo_H_1","Net_H"
"228",227,0.23915,0.02715,0.03795,0.69575,"Netlogo_H_1","Net_H"
"229",228,0.2345,0.02845,0.03935,0.6977,"Netlogo_H_1","Net_H"
"230",229,0.23105,0.02875,0.0405,0.6997,"Netlogo_H_1","Net_H"
"231",230,0.2276,0.0282,0.0426,0.7016,"Netlogo_H_1","Net_H"
"232",231,0.22435,0.0273,0.0433,0.70505,"Netlogo_H_1","Net_H"
"233",232,0.22005,0.0277,0.04465,0.7076,"Netlogo_H_1","Net_H"
"234",233,0.2155,0.0282,0.04625,0.71005,"Netlogo_H_1","Net_H"
"235",234,0.2107,0.0299,0.0458,0.7136,"Netlogo_H_1","Net_H"
"236",235,0.2074,0.0292,0.04615,0.71725,"Netlogo_H_1","Net_H"
"237",236,0.20405,0.0289,0.04735,0.7197,"Netlogo_H_1","Net_H"
"238",237,0.19925,0.029,0.0488,0.72295,"Netlogo_H_1","Net_H"
"239",238,0.19575,0.0288,0.05,0.72545,"Netlogo_H_1","Net_H"
"240",239,0.19205,0.0292,0.05085,0.7279,"Netlogo_H_1","Net_H"
"241",240,0.18845,0.02875,0.05045,0.73235,"Netlogo_H_1","Net_H"
"242",241,0.1832,0.02975,0.0514,0.73565,"Netlogo_H_1","Net_H"
"243",242,0.17985,0.02915,0.05145,0.73955,"Netlogo_H_1","Net_H"
"244",243,0.17555,0.02865,0.05175,0.74405,"Netlogo_H_1","Net_H"
"245",244,0.17345,0.02695,0.0517,0.7479,"Netlogo_H_1","Net_H"
"246",245,0.17035,0.02695,0.0518,0.7509,"Netlogo_H_1","Net_H"
"247",246,0.1667,0.028,0.05175,0.75355,"Netlogo_H_1","Net_H"
"248",247,0.16485,0.0274,0.0512,0.75655,"Netlogo_H_1","Net_H"
"249",248,0.1619,0.027,0.0513,0.7598,"Netlogo_H_1","Net_H"
"250",249,0.15945,0.0267,0.0518,0.76205,"Netlogo_H_1","Net_H"
"251",250,0.15635,0.02725,0.0511,0.7653,"Netlogo_H_1","Net_H"
"252",251,0.15495,0.02625,0.05055,0.76825,"Netlogo_H_1","Net_H"
"253",252,0.1532,0.025,0.04885,0.77295,"Netlogo_H_1","Net_H"
"254",253,0.15145,0.02405,0.04985,0.77465,"Netlogo_H_1","Net_H"
"255",254,0.14995,0.02415,0.0485,0.7774,"Netlogo_H_1","Net_H"
"256",255,0.14795,0.02435,0.04905,0.77865,"Netlogo_H_1","Net_H"
"257",256,0.14735,0.0231,0.0478,0.78175,"Netlogo_H_1","Net_H"
"258",257,0.14605,0.0229,0.04675,0.7843,"Netlogo_H_1","Net_H"
"259",258,0.14405,0.0223,0.04635,0.7873,"Netlogo_H_1","Net_H"
"260",259,0.14215,0.0222,0.04555,0.7901,"Netlogo_H_1","Net_H"
"261",260,0.1411,0.0218,0.0458,0.7913,"Netlogo_H_1","Net_H"
"262",261,0.1412,0.0211,0.04485,0.79285,"Netlogo_H_1","Net_H"
"263",262,0.14035,0.0208,0.0445,0.79435,"Netlogo_H_1","Net_H"
"264",263,0.1397,0.02085,0.04385,0.7956,"Netlogo_H_1","Net_H"
"265",264,0.1395,0.01995,0.04355,0.797,"Netlogo_H_1","Net_H"
"266",265,0.1389,0.0191,0.04245,0.79955,"Netlogo_H_1","Net_H"
"267",266,0.13955,0.01855,0.0417,0.8002,"Netlogo_H_1","Net_H"
"268",267,0.1395,0.0183,0.0411,0.8011,"Netlogo_H_1","Net_H"
"269",268,0.1395,0.01855,0.04055,0.8014,"Netlogo_H_1","Net_H"
"270",269,0.13955,0.01875,0.03945,0.80225,"Netlogo_H_1","Net_H"
"271",270,0.13915,0.01905,0.0375,0.8043,"Netlogo_H_1","Net_H"
"272",271,0.13895,0.01945,0.0362,0.8054,"Netlogo_H_1","Net_H"
"273",272,0.1393,0.019,0.03605,0.80565,"Netlogo_H_1","Net_H"
"274",273,0.13995,0.01735,0.0363,0.8064,"Netlogo_H_1","Net_H"
"275",274,0.14015,0.0164,0.0369,0.80655,"Netlogo_H_1","Net_H"
"276",275,0.1402,0.0162,0.0356,0.808,"Netlogo_H_1","Net_H"
"277",276,0.141,0.01505,0.0355,0.80845,"Netlogo_H_1","Net_H"
"278",277,0.14075,0.0158,0.03445,0.809,"Netlogo_H_1","Net_H"
"279",278,0.1424,0.0151,0.0336,0.8089,"Netlogo_H_1","Net_H"
"280",279,0.14285,0.0139,0.03395,0.8093,"Netlogo_H_1","Net_H"
"281",280,0.144,0.0132,0.03365,0.80915,"Netlogo_H_1","Net_H"
"282",281,0.1451,0.0132,0.03135,0.81035,"Netlogo_H_1","Net_H"
"283",282,0.1461,0.0135,0.02975,0.81065,"Netlogo_H_1","Net_H"
"284",283,0.14705,0.01385,0.0296,0.8095,"Netlogo_H_1","Net_H"
"285",284,0.1478,0.0141,0.0288,0.8093,"Netlogo_H_1","Net_H"
"286",285,0.1494,0.01455,0.02745,0.8086,"Netlogo_H_1","Net_H"
"287",286,0.15205,0.01335,0.0275,0.8071,"Netlogo_H_1","Net_H"
"288",287,0.15355,0.0122,0.0274,0.80685,"Netlogo_H_1","Net_H"
"289",288,0.1559,0.0119,0.0272,0.805,"Netlogo_H_1","Net_H"
"290",289,0.1572,0.01135,0.0273,0.80415,"Netlogo_H_1","Net_H"
"291",290,0.15795,0.0121,0.02605,0.8039,"Netlogo_H_1","Net_H"
"292",291,0.1594,0.01315,0.0254,0.80205,"Netlogo_H_1","Net_H"
"293",292,0.1609,0.0134,0.025,0.8007,"Netlogo_H_1","Net_H"
"294",293,0.16325,0.01305,0.0247,0.799,"Netlogo_H_1","Net_H"
"295",294,0.16535,0.01225,0.0246,0.7978,"Netlogo_H_1","Net_H"
"296",295,0.16715,0.01155,0.02505,0.79625,"Netlogo_H_1","Net_H"
"297",296,0.1681,0.01275,0.0241,0.79505,"Netlogo_H_1","Net_H"
"298",297,0.1701,0.01235,0.0241,0.79345,"Netlogo_H_1","Net_H"
"299",298,0.1711,0.01245,0.0238,0.79265,"Netlogo_H_1","Net_H"
"300",299,0.17265,0.01205,0.024,0.7913,"Netlogo_H_1","Net_H"
"301",300,0.1739,0.01205,0.0232,0.79085,"Netlogo_H_1","Net_H"
"302",301,0.1744,0.0128,0.0224,0.7904,"Netlogo_H_1","Net_H"
"303",302,0.17635,0.0127,0.02235,0.7886,"Netlogo_H_1","Net_H"
"304",303,0.17775,0.01275,0.02195,0.78755,"Netlogo_H_1","Net_H"
"305",304,0.1785,0.01285,0.02255,0.7861,"Netlogo_H_1","Net_H"
"306",305,0.17885,0.01285,0.0225,0.7858,"Netlogo_H_1","Net_H"
"307",306,0.18015,0.01325,0.02295,0.78365,"Netlogo_H_1","Net_H"
"308",307,0.1806,0.01345,0.0232,0.78275,"Netlogo_H_1","Net_H"
"309",308,0.18175,0.01325,0.0233,0.7817,"Netlogo_H_1","Net_H"
"310",309,0.1826,0.0131,0.02345,0.78085,"Netlogo_H_1","Net_H"
"311",310,0.18335,0.0132,0.02405,0.7794,"Netlogo_H_1","Net_H"
"312",311,0.18475,0.0131,0.0237,0.77845,"Netlogo_H_1","Net_H"
"313",312,0.18635,0.0132,0.02365,0.7768,"Netlogo_H_1","Net_H"
"314",313,0.1861,0.0138,0.02385,0.77625,"Netlogo_H_1","Net_H"
"315",314,0.1864,0.01495,0.02335,0.7753,"Netlogo_H_1","Net_H"
"316",315,0.1869,0.01515,0.02355,0.7744,"Netlogo_H_1","Net_H"
"317",316,0.18835,0.0154,0.02345,0.7728,"Netlogo_H_1","Net_H"
"318",317,0.1903,0.01505,0.024,0.77065,"Netlogo_H_1","Net_H"
"319",318,0.19195,0.0146,0.0239,0.76955,"Netlogo_H_1","Net_H"
"320",319,0.1929,0.0155,0.02395,0.76765,"Netlogo_H_1","Net_H"
"321",320,0.19335,0.0156,0.02485,0.7662,"Netlogo_H_1","Net_H"
"322",321,0.19445,0.01495,0.0251,0.7655,"Netlogo_H_1","Net_H"
"323",322,0.1952,0.014,0.0259,0.7649,"Netlogo_H_1","Net_H"
"324",323,0.19675,0.0142,0.02635,0.7627,"Netlogo_H_1","Net_H"
"325",324,0.19745,0.01445,0.0259,0.7622,"Netlogo_H_1","Net_H"
"326",325,0.1987,0.0142,0.0263,0.7608,"Netlogo_H_1","Net_H"
"327",326,0.20015,0.01505,0.0257,0.7591,"Netlogo_H_1","Net_H"
"328",327,0.2011,0.01495,0.0255,0.75845,"Netlogo_H_1","Net_H"
"329",328,0.2017,0.01515,0.02595,0.7572,"Netlogo_H_1","Net_H"
"330",329,0.20245,0.01615,0.02515,0.75625,"Netlogo_H_1","Net_H"
"331",330,0.2027,0.0169,0.0259,0.7545,"Netlogo_H_1","Net_H"
"332",331,0.2038,0.01615,0.02705,0.753,"Netlogo_H_1","Net_H"
"333",332,0.20495,0.0161,0.0272,0.75175,"Netlogo_H_1","Net_H"
"334",333,0.2045,0.01755,0.0267,0.75125,"Netlogo_H_1","Net_H"
"335",334,0.20505,0.01785,0.0275,0.7496,"Netlogo_H_1","Net_H"
"336",335,0.20595,0.01735,0.02825,0.74845,"Netlogo_H_1","Net_H"
"337",336,0.20635,0.0182,0.0279,0.74755,"Netlogo_H_1","Net_H"
"338",337,0.20625,0.0182,0.0282,0.74735,"Netlogo_H_1","Net_H"
"339",338,0.20705,0.0182,0.029,0.74575,"Netlogo_H_1","Net_H"
"340",339,0.2067,0.0187,0.0294,0.7452,"Netlogo_H_1","Net_H"
"341",340,0.2079,0.0185,0.03005,0.74355,"Netlogo_H_1","Net_H"
"342",341,0.2078,0.0181,0.0315,0.7426,"Netlogo_H_1","Net_H"
"343",342,0.20715,0.0195,0.0298,0.74355,"Netlogo_H_1","Net_H"
"344",343,0.2066,0.0197,0.0304,0.7433,"Netlogo_H_1","Net_H"
"345",344,0.20705,0.0199,0.0306,0.74245,"Netlogo_H_1","Net_H"
"346",345,0.20515,0.02035,0.0318,0.7427,"Netlogo_H_1","Net_H"
"347",346,0.20475,0.0201,0.03325,0.7419,"Netlogo_H_1","Net_H"
"348",347,0.20435,0.02055,0.0329,0.7422,"Netlogo_H_1","Net_H"
"349",348,0.20365,0.02225,0.03265,0.74145,"Netlogo_H_1","Net_H"
"350",349,0.2036,0.0212,0.03405,0.74115,"Netlogo_H_1","Net_H"
"351",350,0.2032,0.02085,0.0357,0.74025,"Netlogo_H_1","Net_H"
"352",351,0.20255,0.02085,0.03665,0.73995,"Netlogo_H_1","Net_H"
"353",352,0.2015,0.02205,0.0367,0.73975,"Netlogo_H_1","Net_H"
"354",353,0.19965,0.02185,0.0369,0.7416,"Netlogo_H_1","Net_H"
"355",354,0.19895,0.02145,0.0377,0.7419,"Netlogo_H_1","Net_H"
"356",355,0.19795,0.0223,0.03875,0.741,"Netlogo_H_1","Net_H"
"357",356,0.1969,0.02365,0.0377,0.74175,"Netlogo_H_1","Net_H"
"358",357,0.196,0.0233,0.03845,0.74225,"Netlogo_H_1","Net_H"
"359",358,0.196,0.02335,0.0383,0.74235,"Netlogo_H_1","Net_H"
"360",359,0.19495,0.024,0.03925,0.7418,"Netlogo_H_1","Net_H"
"361",360,0.19285,0.0255,0.04005,0.7416,"Netlogo_H_1","Net_H"
"362",361,0.19215,0.0261,0.03975,0.742,"Netlogo_H_1","Net_H"
"363",362,0.19145,0.02495,0.04015,0.74345,"Netlogo_H_1","Net_H"
"364",363,0.19195,0.02445,0.0408,0.7428,"Netlogo_H_1","Net_H"
"365",364,0.1915,0.02425,0.0416,0.74265,"Netlogo_H_1","Net_H"
"366",365,0.19125,0.02335,0.04335,0.74205,"Netlogo_H_1","Net_H"
"367",366,0.19025,0.0234,0.0436,0.74275,"Netlogo_H_1","Net_H"
"368",367,0.18835,0.02445,0.0432,0.744,"Netlogo_H_1","Net_H"
"369",368,0.18795,0.0248,0.04345,0.7438,"Netlogo_H_1","Net_H"
"370",369,0.18675,0.02395,0.0434,0.7459,"Netlogo_H_1","Net_H"
"371",370,0.1857,0.02505,0.04345,0.7458,"Netlogo_H_1","Net_H"
"372",371,0.18625,0.02445,0.04345,0.74585,"Netlogo_H_1","Net_H"
"373",372,0.18585,0.02415,0.04345,0.74655,"Netlogo_H_1","Net_H"
"374",373,0.1843,0.026,0.04225,0.74745,"Netlogo_H_1","Net_H"
"375",374,0.18345,0.02615,0.042,0.7484,"Netlogo_H_1","Net_H"
"376",375,0.18355,0.02615,0.0416,0.7487,"Netlogo_H_1","Net_H"
"377",376,0.1822,0.0263,0.04275,0.74875,"Netlogo_H_1","Net_H"
"378",377,0.18185,0.0264,0.0427,0.74905,"Netlogo_H_1","Net_H"
"379",378,0.1805,0.02565,0.04445,0.7494,"Netlogo_H_1","Net_H"
"380",379,0.17965,0.0265,0.0438,0.75005,"Netlogo_H_1","Net_H"
"381",380,0.17835,0.02685,0.0437,0.7511,"Netlogo_H_1","Net_H"
"382",381,0.1778,0.026,0.04485,0.75135,"Netlogo_H_1","Net_H"
"383",382,0.17685,0.0248,0.0445,0.75385,"Netlogo_H_1","Net_H"
"384",383,0.17625,0.025,0.04435,0.7544,"Netlogo_H_1","Net_H"
"385",384,0.17525,0.02475,0.04545,0.75455,"Netlogo_H_1","Net_H"
"386",385,0.17435,0.0249,0.0461,0.75465,"Netlogo_H_1","Net_H"
"387",386,0.17455,0.02425,0.0466,0.7546,"Netlogo_H_1","Net_H"
"388",387,0.17285,0.0242,0.0468,0.75615,"Netlogo_H_1","Net_H"
"389",388,0.17255,0.025,0.04655,0.7559,"Netlogo_H_1","Net_H"
"390",389,0.17215,0.02455,0.0457,0.7576,"Netlogo_H_1","Net_H"
"391",390,0.1712,0.024,0.0464,0.7584,"Netlogo_H_1","Net_H"
"392",391,0.17095,0.02405,0.04685,0.75815,"Netlogo_H_1","Net_H"
"393",392,0.1693,0.0242,0.0466,0.7599,"Netlogo_H_1","Net_H"
"394",393,0.1679,0.0245,0.0463,0.7613,"Netlogo_H_1","Net_H"
"395",394,0.1673,0.0246,0.04565,0.76245,"Netlogo_H_1","Net_H"
"396",395,0.16705,0.02375,0.0462,0.763,"Netlogo_H_1","Net_H"
"397",396,0.1662,0.0236,0.0463,0.7639,"Netlogo_H_1","Net_H"
"398",397,0.16515,0.0231,0.0463,0.76545,"Netlogo_H_1","Net_H"
"399",398,0.1653,0.02235,0.04625,0.7661,"Netlogo_H_1","Net_H"
"400",399,0.16555,0.02255,0.0462,0.7657,"Netlogo_H_1","Net_H"
"401",400,0.16485,0.0234,0.04465,0.7671,"Netlogo_H_1","Net_H"
"402",401,0.1646,0.02265,0.0453,0.76745,"Netlogo_H_1","Net_H"
"403",402,0.16355,0.02385,0.04495,0.76765,"Netlogo_H_1","Net_H"
"404",403,0.1625,0.02455,0.04465,0.7683,"Netlogo_H_1","Net_H"
"405",404,0.1625,0.02405,0.0452,0.76825,"Netlogo_H_1","Net_H"
"406",405,0.1621,0.0227,0.04555,0.76965,"Netlogo_H_1","Net_H"
"407",406,0.1622,0.02295,0.04475,0.7701,"Netlogo_H_1","Net_H"
"408",407,0.1616,0.02225,0.04475,0.7714,"Netlogo_H_1","Net_H"
"409",408,0.16175,0.0218,0.04395,0.7725,"Netlogo_H_1","Net_H"
"410",409,0.1624,0.0215,0.04315,0.77295,"Netlogo_H_1","Net_H"
"411",410,0.1628,0.0219,0.04305,0.77225,"Netlogo_H_1","Net_H"
"412",411,0.1638,0.0201,0.0436,0.7725,"Netlogo_H_1","Net_H"
"413",412,0.1645,0.01975,0.0435,0.77225,"Netlogo_H_1","Net_H"
"414",413,0.16355,0.02005,0.0425,0.7739,"Netlogo_H_1","Net_H"
"415",414,0.1632,0.0191,0.04205,0.77565,"Netlogo_H_1","Net_H"
"416",415,0.1642,0.01835,0.04235,0.7751,"Netlogo_H_1","Net_H"
"417",416,0.16385,0.01925,0.0408,0.7761,"Netlogo_H_1","Net_H"
"418",417,0.16325,0.0197,0.03985,0.7772,"Netlogo_H_1","Net_H"
"419",418,0.1633,0.02045,0.03855,0.7777,"Netlogo_H_1","Net_H"
"420",419,0.1632,0.0199,0.03995,0.77695,"Netlogo_H_1","Net_H"
"421",420,0.16335,0.0204,0.0395,0.77675,"Netlogo_H_1","Net_H"
"422",421,0.1627,0.01985,0.04015,0.7773,"Netlogo_H_1","Net_H"
"423",422,0.1636,0.01985,0.0395,0.77705,"Netlogo_H_1","Net_H"
"424",423,0.1637,0.0199,0.03885,0.77755,"Netlogo_H_1","Net_H"
"425",424,0.1646,0.0197,0.03855,0.77715,"Netlogo_H_1","Net_H"
"426",425,0.1647,0.01965,0.03775,0.7779,"Netlogo_H_1","Net_H"
"427",426,0.1644,0.0197,0.03715,0.77875,"Netlogo_H_1","Net_H"
"428",427,0.16505,0.0194,0.03735,0.7782,"Netlogo_H_1","Net_H"
"429",428,0.1664,0.0196,0.0366,0.7774,"Netlogo_H_1","Net_H"
"430",429,0.1671,0.0192,0.03625,0.77745,"Netlogo_H_1","Net_H"
"431",430,0.16835,0.01845,0.03665,0.77655,"Netlogo_H_1","Net_H"
"432",431,0.16945,0.0184,0.03625,0.7759,"Netlogo_H_1","Net_H"
"433",432,0.1697,0.01845,0.0362,0.77565,"Netlogo_H_1","Net_H"
"434",433,0.1703,0.019,0.0352,0.7755,"Netlogo_H_1","Net_H"
"435",434,0.17115,0.01795,0.03515,0.77575,"Netlogo_H_1","Net_H"
"436",435,0.17265,0.0175,0.0353,0.77455,"Netlogo_H_1","Net_H"
"437",436,0.17315,0.0188,0.03435,0.7737,"Netlogo_H_1","Net_H"
"438",437,0.1734,0.01875,0.0343,0.77355,"Netlogo_H_1","Net_H"
"439",438,0.1758,0.01715,0.0351,0.77195,"Netlogo_H_1","Net_H"
"440",439,0.17585,0.01715,0.03525,0.77175,"Netlogo_H_1","Net_H"
"441",440,0.17605,0.0171,0.03495,0.7719,"Netlogo_H_1","Net_H"
"442",441,0.17605,0.01785,0.0341,0.772,"Netlogo_H_1","Net_H"
"443",442,0.17525,0.0188,0.0346,0.77135,"Netlogo_H_1","Net_H"
"444",443,0.17675,0.0192,0.03455,0.7695,"Netlogo_H_1","Net_H"
"445",444,0.17775,0.0187,0.03545,0.7681,"Netlogo_H_1","Net_H"
"446",445,0.17795,0.01965,0.0348,0.7676,"Netlogo_H_1","Net_H"
"447",446,0.1769,0.0209,0.03475,0.76745,"Netlogo_H_1","Net_H"
"448",447,0.17805,0.02085,0.03485,0.76625,"Netlogo_H_1","Net_H"
"449",448,0.17785,0.02125,0.03475,0.76615,"Netlogo_H_1","Net_H"
"450",449,0.1775,0.02085,0.03485,0.7668,"Netlogo_H_1","Net_H"
"451",450,0.1787,0.02095,0.0351,0.76525,"Netlogo_H_1","Net_H"
"452",451,0.1784,0.02085,0.0359,0.76485,"Netlogo_H_1","Net_H"
"453",452,0.17945,0.02035,0.03685,0.76335,"Netlogo_H_1","Net_H"
"454",453,0.18045,0.0198,0.03645,0.7633,"Netlogo_H_1","Net_H"
"455",454,0.18235,0.0188,0.03725,0.7616,"Netlogo_H_1","Net_H"
"456",455,0.1827,0.0181,0.037,0.7622,"Netlogo_H_1","Net_H"
"457",456,0.1838,0.01855,0.03585,0.7618,"Netlogo_H_1","Net_H"
"458",457,0.18325,0.01915,0.03555,0.76205,"Netlogo_H_1","Net_H"
"459",458,0.1839,0.01925,0.0355,0.76135,"Netlogo_H_1","Net_H"
"460",459,0.18345,0.0197,0.0352,0.76165,"Netlogo_H_1","Net_H"
"461",460,0.18305,0.02025,0.03555,0.76115,"Netlogo_H_1","Net_H"
"462",461,0.18205,0.02045,0.03615,0.76135,"Netlogo_H_1","Net_H"
"463",462,0.1822,0.01985,0.037,0.76095,"Netlogo_H_1","Net_H"
"464",463,0.18255,0.02025,0.0367,0.7605,"Netlogo_H_1","Net_H"
"465",464,0.1822,0.0216,0.0359,0.7603,"Netlogo_H_1","Net_H"
"466",465,0.18275,0.021,0.03675,0.7595,"Netlogo_H_1","Net_H"
"467",466,0.18205,0.02115,0.0367,0.7601,"Netlogo_H_1","Net_H"
"468",467,0.1824,0.02115,0.03695,0.7595,"Netlogo_H_1","Net_H"
"469",468,0.18245,0.021,0.03735,0.7592,"Netlogo_H_1","Net_H"
"470",469,0.18255,0.02055,0.0373,0.7596,"Netlogo_H_1","Net_H"
"471",470,0.18285,0.02055,0.03785,0.75875,"Netlogo_H_1","Net_H"
"472",471,0.1827,0.0213,0.0375,0.7585,"Netlogo_H_1","Net_H"
"473",472,0.18255,0.0212,0.0375,0.75875,"Netlogo_H_1","Net_H"
"474",473,0.18245,0.02165,0.03685,0.75905,"Netlogo_H_1","Net_H"
"475",474,0.18315,0.0218,0.037,0.75805,"Netlogo_H_1","Net_H"
"476",475,0.1836,0.02135,0.0372,0.75785,"Netlogo_H_1","Net_H"
"477",476,0.18395,0.02095,0.03745,0.75765,"Netlogo_H_1","Net_H"
"478",477,0.18405,0.0209,0.03775,0.7573,"Netlogo_H_1","Net_H"
"479",478,0.18335,0.02085,0.038,0.7578,"Netlogo_H_1","Net_H"
"480",479,0.1822,0.02105,0.03725,0.7595,"Netlogo_H_1","Net_H"
"481",480,0.18215,0.0211,0.0369,0.75985,"Netlogo_H_1","Net_H"
"482",481,0.1816,0.0214,0.038,0.759,"Netlogo_H_1","Net_H"
"483",482,0.18085,0.0214,0.0382,0.75955,"Netlogo_H_1","Net_H"
"484",483,0.1805,0.0201,0.0393,0.7601,"Netlogo_H_1","Net_H"
"485",484,0.18105,0.01895,0.03975,0.76025,"Netlogo_H_1","Net_H"
"486",485,0.1816,0.0192,0.039,0.7602,"Netlogo_H_1","Net_H"
"487",486,0.1809,0.02055,0.0383,0.76025,"Netlogo_H_1","Net_H"
"488",487,0.1809,0.02075,0.0382,0.76015,"Netlogo_H_1","Net_H"
"489",488,0.1808,0.02095,0.03815,0.7601,"Netlogo_H_1","Net_H"
"490",489,0.1806,0.0204,0.03885,0.76015,"Netlogo_H_1","Net_H"
"491",490,0.1796,0.0211,0.0389,0.7604,"Netlogo_H_1","Net_H"
"492",491,0.17925,0.0208,0.039,0.76095,"Netlogo_H_1","Net_H"
"493",492,0.17865,0.02105,0.03985,0.76045,"Netlogo_H_1","Net_H"
"494",493,0.17845,0.02185,0.03875,0.76095,"Netlogo_H_1","Net_H"
"495",494,0.17845,0.02105,0.04015,0.76035,"Netlogo_H_1","Net_H"
"496",495,0.17745,0.0224,0.0401,0.76005,"Netlogo_H_1","Net_H"
"497",496,0.17775,0.02175,0.03965,0.76085,"Netlogo_H_1","Net_H"
"498",497,0.1769,0.02225,0.03925,0.7616,"Netlogo_H_1","Net_H"
"499",498,0.17645,0.0229,0.03775,0.7629,"Netlogo_H_1","Net_H"
"500",499,0.1766,0.0213,0.0383,0.7638,"Netlogo_H_1","Net_H"
"501",500,0.1761,0.0209,0.0388,0.7642,"Netlogo_H_1","Net_H"
"502",501,0.1752,0.02125,0.0384,0.76515,"Netlogo_H_1","Net_H"
"503",502,0.1764,0.02095,0.03805,0.7646,"Netlogo_H_1","Net_H"
"504",503,0.17585,0.02105,0.0376,0.7655,"Netlogo_H_1","Net_H"
"505",504,0.1774,0.01915,0.0379,0.76555,"Netlogo_H_1","Net_H"
"506",505,0.1773,0.01915,0.03865,0.7649,"Netlogo_H_1","Net_H"
"507",506,0.17655,0.0206,0.0373,0.76555,"Netlogo_H_1","Net_H"
"508",507,0.17645,0.0209,0.0381,0.76455,"Netlogo_H_1","Net_H"
"509",508,0.1762,0.02095,0.039,0.76385,"Netlogo_H_1","Net_H"
"510",509,0.17645,0.021,0.03865,0.7639,"Netlogo_H_1","Net_H"
"511",510,0.1752,0.02095,0.03885,0.765,"Netlogo_H_1","Net_H"
"512",511,0.17385,0.0219,0.03855,0.7657,"Netlogo_H_1","Net_H"
"513",512,0.1725,0.0234,0.038,0.7661,"Netlogo_H_1","Net_H"
"514",513,0.1728,0.02275,0.0383,0.76615,"Netlogo_H_1","Net_H"
"515",514,0.17195,0.02305,0.03915,0.76585,"Netlogo_H_1","Net_H"
"516",515,0.17165,0.02265,0.0397,0.766,"Netlogo_H_1","Net_H"
"517",516,0.171,0.02245,0.03995,0.7666,"Netlogo_H_1","Net_H"
"518",517,0.17135,0.02205,0.0392,0.7674,"Netlogo_H_1","Net_H"
"519",518,0.17145,0.021,0.0398,0.76775,"Netlogo_H_1","Net_H"
"520",519,0.1714,0.0207,0.039,0.7689,"Netlogo_H_1","Net_H"
"521",520,0.17045,0.02105,0.0394,0.7691,"Netlogo_H_1","Net_H"
"522",521,0.16925,0.02065,0.03995,0.77015,"Netlogo_H_1","Net_H"
"523",522,0.16895,0.0211,0.039,0.77095,"Netlogo_H_1","Net_H"
"524",523,0.169,0.0198,0.03895,0.77225,"Netlogo_H_1","Net_H"
"525",524,0.1694,0.02,0.03755,0.77305,"Netlogo_H_1","Net_H"
"526",525,0.1682,0.021,0.0371,0.7737,"Netlogo_H_1","Net_H"
"527",526,0.1686,0.0203,0.03775,0.77335,"Netlogo_H_1","Net_H"
"528",527,0.16905,0.021,0.03735,0.7726,"Netlogo_H_1","Net_H"
"529",528,0.1692,0.02135,0.03765,0.7718,"Netlogo_H_1","Net_H"
"530",529,0.1702,0.02025,0.03865,0.7709,"Netlogo_H_1","Net_H"
"531",530,0.17025,0.01895,0.0385,0.7723,"Netlogo_H_1","Net_H"
"532",531,0.16975,0.01925,0.03785,0.77315,"Netlogo_H_1","Net_H"
"533",532,0.16965,0.01975,0.03775,0.77285,"Netlogo_H_1","Net_H"
"534",533,0.1696,0.01925,0.03755,0.7736,"Netlogo_H_1","Net_H"
"535",534,0.16975,0.0194,0.03715,0.7737,"Netlogo_H_1","Net_H"
"536",535,0.16945,0.01865,0.03735,0.77455,"Netlogo_H_1","Net_H"
"537",536,0.17035,0.0187,0.0377,0.77325,"Netlogo_H_1","Net_H"
"538",537,0.17205,0.0184,0.0367,0.77285,"Netlogo_H_1","Net_H"
"539",538,0.17205,0.0185,0.03725,0.7722,"Netlogo_H_1","Net_H"
"540",539,0.1724,0.01885,0.0376,0.77115,"Netlogo_H_1","Net_H"
"541",540,0.1731,0.01875,0.0368,0.77135,"Netlogo_H_1","Net_H"
"542",541,0.1738,0.0181,0.03755,0.77055,"Netlogo_H_1","Net_H"
"543",542,0.17385,0.01875,0.03675,0.77065,"Netlogo_H_1","Net_H"
"544",543,0.17535,0.0183,0.0367,0.76965,"Netlogo_H_1","Net_H"
"545",544,0.176,0.0183,0.03665,0.76905,"Netlogo_H_1","Net_H"
"546",545,0.1768,0.018,0.0367,0.7685,"Netlogo_H_1","Net_H"
"547",546,0.1768,0.0188,0.0369,0.7675,"Netlogo_H_1","Net_H"
"548",547,0.17785,0.01945,0.0357,0.767,"Netlogo_H_1","Net_H"
"549",548,0.1778,0.01925,0.0348,0.76815,"Netlogo_H_1","Net_H"
"550",549,0.1788,0.0186,0.0354,0.7672,"Netlogo_H_1","Net_H"
"551",550,0.17935,0.0188,0.03555,0.7663,"Netlogo_H_1","Net_H"
"552",551,0.17955,0.0183,0.03615,0.766,"Netlogo_H_1","Net_H"
"553",552,0.1797,0.0194,0.0355,0.7654,"Netlogo_H_1","Net_H"
"554",553,0.17855,0.02,0.0353,0.76615,"Netlogo_H_1","Net_H"
"555",554,0.17715,0.02145,0.0353,0.7661,"Netlogo_H_1","Net_H"
"556",555,0.17755,0.02075,0.0356,0.7661,"Netlogo_H_1","Net_H"
"557",556,0.1798,0.02005,0.036,0.76415,"Netlogo_H_1","Net_H"
"558",557,0.17915,0.02085,0.0361,0.7639,"Netlogo_H_1","Net_H"
"559",558,0.18065,0.01995,0.0356,0.7638,"Netlogo_H_1","Net_H"
"560",559,0.1817,0.0189,0.0367,0.7627,"Netlogo_H_1","Net_H"
"561",560,0.18205,0.01985,0.0362,0.7619,"Netlogo_H_1","Net_H"
"562",561,0.1825,0.01985,0.036,0.76165,"Netlogo_H_1","Net_H"
"563",562,0.18195,0.02045,0.0347,0.7629,"Netlogo_H_1","Net_H"
"564",563,0.1836,0.01905,0.0361,0.76125,"Netlogo_H_1","Net_H"
"565",564,0.18385,0.01995,0.03545,0.76075,"Netlogo_H_1","Net_H"
"566",565,0.1839,0.0202,0.03505,0.76085,"Netlogo_H_1","Net_H"
"567",566,0.1838,0.0203,0.0349,0.761,"Netlogo_H_1","Net_H"
"568",567,0.18385,0.01905,0.03565,0.76145,"Netlogo_H_1","Net_H"
"569",568,0.18315,0.02035,0.03575,0.76075,"Netlogo_H_1","Net_H"
"570",569,0.1834,0.01985,0.0352,0.76155,"Netlogo_H_1","Net_H"
"571",570,0.1834,0.01995,0.0364,0.76025,"Netlogo_H_1","Net_H"
"572",571,0.18235,0.02085,0.03745,0.75935,"Netlogo_H_1","Net_H"
"573",572,0.18305,0.01995,0.0381,0.7589,"Netlogo_H_1","Net_H"
"574",573,0.18365,0.02,0.03855,0.7578,"Netlogo_H_1","Net_H"
"575",574,0.184,0.01965,0.03945,0.7569,"Netlogo_H_1","Net_H"
"576",575,0.1841,0.0197,0.0394,0.7568,"Netlogo_H_1","Net_H"
"577",576,0.18325,0.0209,0.03925,0.7566,"Netlogo_H_1","Net_H"
"578",577,0.18245,0.02215,0.0385,0.7569,"Netlogo_H_1","Net_H"
"579",578,0.18185,0.023,0.0398,0.75535,"Netlogo_H_1","Net_H"
"580",579,0.1823,0.02245,0.03955,0.7557,"Netlogo_H_1","Net_H"
"581",580,0.18195,0.0227,0.03965,0.7557,"Netlogo_H_1","Net_H"
"582",581,0.18085,0.02315,0.0395,0.7565,"Netlogo_H_1","Net_H"
"583",582,0.1798,0.02305,0.04,0.75715,"Netlogo_H_1","Net_H"
"584",583,0.17945,0.02285,0.03985,0.75785,"Netlogo_H_1","Net_H"
"585",584,0.179,0.0219,0.04105,0.75805,"Netlogo_H_1","Net_H"
"586",585,0.17915,0.0208,0.04095,0.7591,"Netlogo_H_1","Net_H"
"587",586,0.1787,0.02235,0.03995,0.759,"Netlogo_H_1","Net_H"
"588",587,0.1787,0.02155,0.0405,0.75925,"Netlogo_H_1","Net_H"
"589",588,0.17875,0.0226,0.03975,0.7589,"Netlogo_H_1","Net_H"
"590",589,0.17855,0.0233,0.04075,0.7574,"Netlogo_H_1","Net_H"
"591",590,0.17835,0.0242,0.04095,0.7565,"Netlogo_H_1","Net_H"
"592",591,0.17845,0.02425,0.0408,0.7565,"Netlogo_H_1","Net_H"
"593",592,0.17905,0.02365,0.0408,0.7565,"Netlogo_H_1","Net_H"
"594",593,0.17905,0.023,0.04155,0.7564,"Netlogo_H_1","Net_H"
"595",594,0.17755,0.02445,0.0413,0.7567,"Netlogo_H_1","Net_H"
"596",595,0.1761,0.0248,0.0411,0.758,"Netlogo_H_1","Net_H"
"597",596,0.175,0.02425,0.0412,0.75955,"Netlogo_H_1","Net_H"
"598",597,0.17475,0.02285,0.04215,0.76025,"Netlogo_H_1","Net_H"
"599",598,0.1746,0.02185,0.0431,0.76045,"Netlogo_H_1","Net_H"
"600",599,0.1742,0.0216,0.04275,0.76145,"Netlogo_H_1","Net_H"
"601",600,0.17395,0.0219,0.04265,0.7615,"Netlogo_H_1","Net_H"
"602",601,0.173,0.0234,0.0406,0.763,"Netlogo_H_1","Net_H"
"603",602,0.1728,0.02275,0.04075,0.7637,"Netlogo_H_1","Net_H"
"604",603,0.1727,0.0212,0.04135,0.76475,"Netlogo_H_1","Net_H"
"605",604,0.17205,0.02115,0.04285,0.76395,"Netlogo_H_1","Net_H"
"606",605,0.172,0.02255,0.043,0.76245,"Netlogo_H_1","Net_H"
"607",606,0.17185,0.02225,0.04185,0.76405,"Netlogo_H_1","Net_H"
"608",607,0.1728,0.021,0.04265,0.76355,"Netlogo_H_1","Net_H"
"609",608,0.1726,0.02085,0.0416,0.76495,"Netlogo_H_1","Net_H"
"610",609,0.1729,0.02105,0.04105,0.765,"Netlogo_H_1","Net_H"
"611",610,0.1734,0.0215,0.04005,0.76505,"Netlogo_H_1","Net_H"
"612",611,0.1727,0.0213,0.0401,0.7659,"Netlogo_H_1","Net_H"
"613",612,0.1721,0.02175,0.04025,0.7659,"Netlogo_H_1","Net_H"
"614",613,0.17305,0.02165,0.0403,0.765,"Netlogo_H_1","Net_H"
"615",614,0.1733,0.02195,0.03935,0.7654,"Netlogo_H_1","Net_H"
"616",615,0.1736,0.02205,0.0395,0.76485,"Netlogo_H_1","Net_H"
"617",616,0.1746,0.02125,0.0403,0.76385,"Netlogo_H_1","Net_H"
"618",617,0.1745,0.0203,0.0406,0.7646,"Netlogo_H_1","Net_H"
"619",618,0.1743,0.02,0.0403,0.7654,"Netlogo_H_1","Net_H"
"620",619,0.1751,0.02075,0.03815,0.766,"Netlogo_H_1","Net_H"
"621",620,0.17615,0.02,0.0383,0.76555,"Netlogo_H_1","Net_H"
"622",621,0.17485,0.0211,0.0382,0.76585,"Netlogo_H_1","Net_H"
"623",622,0.17665,0.0201,0.03785,0.7654,"Netlogo_H_1","Net_H"
"624",623,0.176,0.02,0.03825,0.76575,"Netlogo_H_1","Net_H"
"625",624,0.17645,0.02125,0.03725,0.76505,"Netlogo_H_1","Net_H"
"626",625,0.17675,0.02135,0.03715,0.76475,"Netlogo_H_1","Net_H"
"627",626,0.1765,0.02095,0.03845,0.7641,"Netlogo_H_1","Net_H"
"628",627,0.17625,0.02055,0.03785,0.76535,"Netlogo_H_1","Net_H"
"629",628,0.17775,0.02025,0.0369,0.7651,"Netlogo_H_1","Net_H"
"630",629,0.17845,0.0199,0.03645,0.7652,"Netlogo_H_1","Net_H"
"631",630,0.17985,0.01965,0.036,0.7645,"Netlogo_H_1","Net_H"
"632",631,0.1807,0.01935,0.0362,0.76375,"Netlogo_H_1","Net_H"
"633",632,0.18155,0.01865,0.03645,0.76335,"Netlogo_H_1","Net_H"
"634",633,0.18195,0.0181,0.0363,0.76365,"Netlogo_H_1","Net_H"
"635",634,0.1817,0.01905,0.0359,0.76335,"Netlogo_H_1","Net_H"
"636",635,0.1819,0.0197,0.03555,0.76285,"Netlogo_H_1","Net_H"
"637",636,0.1811,0.01935,0.0364,0.76315,"Netlogo_H_1","Net_H"
"638",637,0.182,0.01935,0.0366,0.76205,"Netlogo_H_1","Net_H"
"639",638,0.18265,0.0189,0.03795,0.7605,"Netlogo_H_1","Net_H"
"640",639,0.183,0.01945,0.03705,0.7605,"Netlogo_H_1","Net_H"
