"","step","S","E","I","R","simu","Langage"
"1",0,0.999,0,0.001,0,"Netlogo_H_22","Net_H"
"2",1,0.9982,8e-04,0.001,0,"Netlogo_H_22","Net_H"
"3",2,0.9975,0.0015,7e-04,3e-04,"Netlogo_H_22","Net_H"
"4",3,0.99685,0.0017,0.0011,0.00035,"Netlogo_H_22","Net_H"
"5",4,0.9959,0.0024,0.0013,4e-04,"Netlogo_H_22","Net_H"
"6",5,0.9954,0.0023,0.0018,5e-04,"Netlogo_H_22","Net_H"
"7",6,0.99425,0.00305,0.00215,0.00055,"Netlogo_H_22","Net_H"
"8",7,0.99255,0.0043,0.00225,9e-04,"Netlogo_H_22","Net_H"
"9",8,0.99145,0.0046,0.0028,0.00115,"Netlogo_H_22","Net_H"
"10",9,0.9895,0.0057,0.0035,0.0013,"Netlogo_H_22","Net_H"
"11",10,0.98705,0.00685,0.00445,0.00165,"Netlogo_H_22","Net_H"
"12",11,0.98395,0.00895,0.00495,0.00215,"Netlogo_H_22","Net_H"
"13",12,0.9802,0.01095,0.0063,0.00255,"Netlogo_H_22","Net_H"
"14",13,0.97585,0.01315,0.008,0.003,"Netlogo_H_22","Net_H"
"15",14,0.96975,0.01645,0.01015,0.00365,"Netlogo_H_22","Net_H"
"16",15,0.9622,0.0208,0.01255,0.00445,"Netlogo_H_22","Net_H"
"17",16,0.9542,0.025,0.0157,0.0051,"Netlogo_H_22","Net_H"
"18",17,0.9441,0.0295,0.0197,0.0067,"Netlogo_H_22","Net_H"
"19",18,0.93135,0.0376,0.0224,0.00865,"Netlogo_H_22","Net_H"
"20",19,0.91575,0.0461,0.027,0.01115,"Netlogo_H_22","Net_H"
"21",20,0.89825,0.0565,0.0311,0.01415,"Netlogo_H_22","Net_H"
"22",21,0.87875,0.0653,0.039,0.01695,"Netlogo_H_22","Net_H"
"23",22,0.8527,0.07795,0.049,0.02035,"Netlogo_H_22","Net_H"
"24",23,0.82155,0.0934,0.0603,0.02475,"Netlogo_H_22","Net_H"
"25",24,0.78905,0.109,0.07225,0.0297,"Netlogo_H_22","Net_H"
"26",25,0.7519,0.12375,0.08595,0.0384,"Netlogo_H_22","Net_H"
"27",26,0.709,0.14425,0.10045,0.0463,"Netlogo_H_22","Net_H"
"28",27,0.66385,0.1614,0.118,0.05675,"Netlogo_H_22","Net_H"
"29",28,0.61085,0.18095,0.1393,0.0689,"Netlogo_H_22","Net_H"
"30",29,0.5511,0.20455,0.162,0.08235,"Netlogo_H_22","Net_H"
"31",30,0.49045,0.22585,0.1839,0.0998,"Netlogo_H_22","Net_H"
"32",31,0.4308,0.24205,0.2093,0.11785,"Netlogo_H_22","Net_H"
"33",32,0.37295,0.248,0.2385,0.14055,"Netlogo_H_22","Net_H"
"34",33,0.31595,0.2483,0.2712,0.16455,"Netlogo_H_22","Net_H"
"35",34,0.26125,0.24975,0.2973,0.1917,"Netlogo_H_22","Net_H"
"36",35,0.212,0.2453,0.3178,0.2249,"Netlogo_H_22","Net_H"
"37",36,0.1696,0.2333,0.3374,0.2597,"Netlogo_H_22","Net_H"
"38",37,0.1356,0.21405,0.35365,0.2967,"Netlogo_H_22","Net_H"
"39",38,0.1053,0.1926,0.36495,0.33715,"Netlogo_H_22","Net_H"
"40",39,0.08305,0.1699,0.36995,0.3771,"Netlogo_H_22","Net_H"
"41",40,0.0648,0.1466,0.37115,0.41745,"Netlogo_H_22","Net_H"
"42",41,0.052,0.1243,0.3629,0.4608,"Netlogo_H_22","Net_H"
"43",42,0.04145,0.1038,0.35305,0.5017,"Netlogo_H_22","Net_H"
"44",43,0.03325,0.0849,0.3402,0.54165,"Netlogo_H_22","Net_H"
"45",44,0.0274,0.0694,0.31915,0.58405,"Netlogo_H_22","Net_H"
"46",45,0.0238,0.0568,0.2959,0.6235,"Netlogo_H_22","Net_H"
"47",46,0.0208,0.04605,0.27365,0.6595,"Netlogo_H_22","Net_H"
"48",47,0.0195,0.0375,0.25115,0.69185,"Netlogo_H_22","Net_H"
"49",48,0.01865,0.03125,0.22615,0.72395,"Netlogo_H_22","Net_H"
"50",49,0.0194,0.0248,0.20665,0.74915,"Netlogo_H_22","Net_H"
"51",50,0.01835,0.021,0.18585,0.7748,"Netlogo_H_22","Net_H"
"52",51,0.01745,0.01835,0.16655,0.79765,"Netlogo_H_22","Net_H"
"53",52,0.01755,0.0157,0.14935,0.8174,"Netlogo_H_22","Net_H"
"54",53,0.01885,0.0137,0.1346,0.83285,"Netlogo_H_22","Net_H"
"55",54,0.02055,0.0109,0.1217,0.84685,"Netlogo_H_22","Net_H"
"56",55,0.0208,0.01045,0.1091,0.85965,"Netlogo_H_22","Net_H"
"57",56,0.0223,0.0099,0.0965,0.8713,"Netlogo_H_22","Net_H"
"58",57,0.0234,0.009,0.0859,0.8817,"Netlogo_H_22","Net_H"
"59",58,0.02555,0.0082,0.076,0.89025,"Netlogo_H_22","Net_H"
"60",59,0.02745,0.0068,0.06965,0.8961,"Netlogo_H_22","Net_H"
"61",60,0.02985,0.00635,0.06275,0.90105,"Netlogo_H_22","Net_H"
"62",61,0.03275,0.0062,0.0558,0.90525,"Netlogo_H_22","Net_H"
"63",62,0.0349,0.00555,0.04895,0.9106,"Netlogo_H_22","Net_H"
"64",63,0.036,0.0052,0.045,0.9138,"Netlogo_H_22","Net_H"
"65",64,0.03725,0.00505,0.0393,0.9184,"Netlogo_H_22","Net_H"
"66",65,0.04045,0.0042,0.0344,0.92095,"Netlogo_H_22","Net_H"
"67",66,0.0431,0.00415,0.0306,0.92215,"Netlogo_H_22","Net_H"
"68",67,0.04525,0.00395,0.0278,0.923,"Netlogo_H_22","Net_H"
"69",68,0.0481,0.0043,0.025,0.9226,"Netlogo_H_22","Net_H"
"70",69,0.05035,0.0036,0.023,0.92305,"Netlogo_H_22","Net_H"
"71",70,0.05275,0.0031,0.02165,0.9225,"Netlogo_H_22","Net_H"
"72",71,0.0555,0.0035,0.01935,0.92165,"Netlogo_H_22","Net_H"
"73",72,0.0579,0.00355,0.01775,0.9208,"Netlogo_H_22","Net_H"
"74",73,0.06075,0.0033,0.0161,0.91985,"Netlogo_H_22","Net_H"
"75",74,0.0642,0.00275,0.0148,0.91825,"Netlogo_H_22","Net_H"
"76",75,0.06635,0.0025,0.0138,0.91735,"Netlogo_H_22","Net_H"
"77",76,0.0687,0.00215,0.0124,0.91675,"Netlogo_H_22","Net_H"
"78",77,0.07135,0.00195,0.01125,0.91545,"Netlogo_H_22","Net_H"
"79",78,0.0746,0.00175,0.0101,0.91355,"Netlogo_H_22","Net_H"
"80",79,0.0778,0.00185,0.0088,0.91155,"Netlogo_H_22","Net_H"
"81",80,0.0811,0.00205,0.0078,0.90905,"Netlogo_H_22","Net_H"
"82",81,0.08445,0.00225,0.00675,0.90655,"Netlogo_H_22","Net_H"
"83",82,0.0866,0.0026,0.0061,0.9047,"Netlogo_H_22","Net_H"
"84",83,0.08905,0.00305,0.00555,0.90235,"Netlogo_H_22","Net_H"
"85",84,0.0918,0.0025,0.0059,0.8998,"Netlogo_H_22","Net_H"
"86",85,0.0947,0.00215,0.00585,0.8973,"Netlogo_H_22","Net_H"
"87",86,0.0973,0.0019,0.00575,0.89505,"Netlogo_H_22","Net_H"
"88",87,0.09895,0.0024,0.0056,0.89305,"Netlogo_H_22","Net_H"
"89",88,0.10145,0.00265,0.00495,0.89095,"Netlogo_H_22","Net_H"
"90",89,0.1043,0.0023,0.005,0.8884,"Netlogo_H_22","Net_H"
"91",90,0.1071,0.00225,0.00515,0.8855,"Netlogo_H_22","Net_H"
"92",91,0.10965,0.0021,0.00495,0.8833,"Netlogo_H_22","Net_H"
"93",92,0.11225,0.002,0.0051,0.88065,"Netlogo_H_22","Net_H"
"94",93,0.1151,0.0019,0.0049,0.8781,"Netlogo_H_22","Net_H"
"95",94,0.11695,0.0019,0.0049,0.87625,"Netlogo_H_22","Net_H"
"96",95,0.1197,0.0017,0.00475,0.87385,"Netlogo_H_22","Net_H"
"97",96,0.12215,0.00185,0.0046,0.8714,"Netlogo_H_22","Net_H"
"98",97,0.12485,0.00185,0.0046,0.8687,"Netlogo_H_22","Net_H"
"99",98,0.12755,0.00165,0.0043,0.8665,"Netlogo_H_22","Net_H"
"100",99,0.13055,0.0015,0.0043,0.86365,"Netlogo_H_22","Net_H"
"101",100,0.1324,0.00135,0.00435,0.8619,"Netlogo_H_22","Net_H"
"102",101,0.13465,0.0014,0.004,0.85995,"Netlogo_H_22","Net_H"
"103",102,0.1365,0.0015,0.00375,0.85825,"Netlogo_H_22","Net_H"
"104",103,0.139,0.00145,0.00365,0.8559,"Netlogo_H_22","Net_H"
"105",104,0.14125,0.0014,0.00345,0.8539,"Netlogo_H_22","Net_H"
"106",105,0.14375,0.00125,0.00375,0.85125,"Netlogo_H_22","Net_H"
"107",106,0.14625,0.0013,0.00335,0.8491,"Netlogo_H_22","Net_H"
"108",107,0.1489,0.00145,0.0034,0.84625,"Netlogo_H_22","Net_H"
"109",108,0.1511,0.0018,0.003,0.8441,"Netlogo_H_22","Net_H"
"110",109,0.1536,0.0017,0.0029,0.8418,"Netlogo_H_22","Net_H"
"111",110,0.15585,0.0016,0.00285,0.8397,"Netlogo_H_22","Net_H"
"112",111,0.15805,0.00155,0.0029,0.8375,"Netlogo_H_22","Net_H"
"113",112,0.1599,0.0015,0.00315,0.83545,"Netlogo_H_22","Net_H"
"114",113,0.1627,0.00125,0.0034,0.83265,"Netlogo_H_22","Net_H"
"115",114,0.16475,0.0011,0.0034,0.83075,"Netlogo_H_22","Net_H"
"116",115,0.16785,0.00075,0.0031,0.8283,"Netlogo_H_22","Net_H"
"117",116,0.17055,0.00075,0.0031,0.8256,"Netlogo_H_22","Net_H"
"118",117,0.173,0.00095,0.00305,0.823,"Netlogo_H_22","Net_H"
"119",118,0.17485,0.0012,0.0028,0.82115,"Netlogo_H_22","Net_H"
"120",119,0.1777,0.0011,0.00275,0.81845,"Netlogo_H_22","Net_H"
"121",120,0.17985,0.00105,0.00245,0.81665,"Netlogo_H_22","Net_H"
"122",121,0.18155,0.00125,0.0023,0.8149,"Netlogo_H_22","Net_H"
"123",122,0.1841,0.00115,0.00225,0.8125,"Netlogo_H_22","Net_H"
"124",123,0.1863,0.001,0.0023,0.8104,"Netlogo_H_22","Net_H"
"125",124,0.188,0.0012,0.0024,0.8084,"Netlogo_H_22","Net_H"
"126",125,0.1904,0.0011,0.00235,0.80615,"Netlogo_H_22","Net_H"
"127",126,0.19255,0.0011,0.0024,0.80395,"Netlogo_H_22","Net_H"
"128",127,0.19535,0.0011,0.00235,0.8012,"Netlogo_H_22","Net_H"
"129",128,0.19735,0.0012,0.00215,0.7993,"Netlogo_H_22","Net_H"
"130",129,0.199,0.0013,0.00205,0.79765,"Netlogo_H_22","Net_H"
"131",130,0.20075,0.00115,0.002,0.7961,"Netlogo_H_22","Net_H"
"132",131,0.2031,0.001,0.0021,0.7938,"Netlogo_H_22","Net_H"
"133",132,0.20465,0.0013,0.00195,0.7921,"Netlogo_H_22","Net_H"
"134",133,0.2067,0.00135,0.00215,0.7898,"Netlogo_H_22","Net_H"
"135",134,0.2087,0.0014,0.00225,0.78765,"Netlogo_H_22","Net_H"
"136",135,0.2105,0.00125,0.00235,0.7859,"Netlogo_H_22","Net_H"
"137",136,0.212,0.00145,0.00235,0.7842,"Netlogo_H_22","Net_H"
"138",137,0.2142,0.0017,0.0024,0.7817,"Netlogo_H_22","Net_H"
"139",138,0.216,0.0014,0.0027,0.7799,"Netlogo_H_22","Net_H"
"140",139,0.2175,0.0017,0.0027,0.7781,"Netlogo_H_22","Net_H"
"141",140,0.21975,0.00185,0.00265,0.77575,"Netlogo_H_22","Net_H"
"142",141,0.222,0.0019,0.00265,0.77345,"Netlogo_H_22","Net_H"
"143",142,0.22405,0.00175,0.0028,0.7714,"Netlogo_H_22","Net_H"
"144",143,0.22565,0.00175,0.0032,0.7694,"Netlogo_H_22","Net_H"
"145",144,0.22845,0.00165,0.00345,0.76645,"Netlogo_H_22","Net_H"
"146",145,0.2297,0.00195,0.0035,0.76485,"Netlogo_H_22","Net_H"
"147",146,0.23115,0.00225,0.0037,0.7629,"Netlogo_H_22","Net_H"
"148",147,0.2333,0.00225,0.00395,0.7605,"Netlogo_H_22","Net_H"
"149",148,0.23505,0.00225,0.00405,0.75865,"Netlogo_H_22","Net_H"
"150",149,0.23685,0.0028,0.0037,0.75665,"Netlogo_H_22","Net_H"
"151",150,0.2387,0.00275,0.0038,0.75475,"Netlogo_H_22","Net_H"
"152",151,0.24075,0.00255,0.0043,0.7524,"Netlogo_H_22","Net_H"
"153",152,0.2422,0.0028,0.0044,0.7506,"Netlogo_H_22","Net_H"
"154",153,0.2444,0.0026,0.00435,0.74865,"Netlogo_H_22","Net_H"
"155",154,0.2458,0.00285,0.00485,0.7465,"Netlogo_H_22","Net_H"
"156",155,0.2469,0.003,0.005,0.7451,"Netlogo_H_22","Net_H"
"157",156,0.24815,0.0037,0.0046,0.74355,"Netlogo_H_22","Net_H"
"158",157,0.25005,0.0038,0.0048,0.74135,"Netlogo_H_22","Net_H"
"159",158,0.25065,0.0039,0.00545,0.74,"Netlogo_H_22","Net_H"
"160",159,0.25195,0.0038,0.00545,0.7388,"Netlogo_H_22","Net_H"
"161",160,0.25365,0.00325,0.0059,0.7372,"Netlogo_H_22","Net_H"
"162",161,0.2545,0.0039,0.00585,0.73575,"Netlogo_H_22","Net_H"
"163",162,0.2557,0.00425,0.00575,0.7343,"Netlogo_H_22","Net_H"
"164",163,0.25665,0.00465,0.00555,0.73315,"Netlogo_H_22","Net_H"
"165",164,0.25845,0.00395,0.00625,0.73135,"Netlogo_H_22","Net_H"
"166",165,0.25995,0.00405,0.0062,0.7298,"Netlogo_H_22","Net_H"
"167",166,0.2611,0.00395,0.00655,0.7284,"Netlogo_H_22","Net_H"
"168",167,0.2616,0.0045,0.00695,0.72695,"Netlogo_H_22","Net_H"
"169",168,0.2632,0.0049,0.00665,0.72525,"Netlogo_H_22","Net_H"
"170",169,0.2645,0.00475,0.007,0.72375,"Netlogo_H_22","Net_H"
"171",170,0.26505,0.0052,0.00715,0.7226,"Netlogo_H_22","Net_H"
"172",171,0.2663,0.0054,0.00725,0.72105,"Netlogo_H_22","Net_H"
"173",172,0.26735,0.00515,0.0077,0.7198,"Netlogo_H_22","Net_H"
"174",173,0.2681,0.0054,0.00825,0.71825,"Netlogo_H_22","Net_H"
"175",174,0.26835,0.00565,0.00855,0.71745,"Netlogo_H_22","Net_H"
"176",175,0.2688,0.00595,0.00865,0.7166,"Netlogo_H_22","Net_H"
"177",176,0.2686,0.00665,0.0083,0.71645,"Netlogo_H_22","Net_H"
"178",177,0.26955,0.0062,0.0087,0.71555,"Netlogo_H_22","Net_H"
"179",178,0.27005,0.00605,0.00925,0.71465,"Netlogo_H_22","Net_H"
"180",179,0.27035,0.00615,0.00985,0.71365,"Netlogo_H_22","Net_H"
"181",180,0.2706,0.0063,0.0104,0.7127,"Netlogo_H_22","Net_H"
"182",181,0.27065,0.0067,0.01,0.71265,"Netlogo_H_22","Net_H"
"183",182,0.271,0.0075,0.00975,0.71175,"Netlogo_H_22","Net_H"
"184",183,0.27115,0.00715,0.0104,0.7113,"Netlogo_H_22","Net_H"
"185",184,0.2709,0.00805,0.01095,0.7101,"Netlogo_H_22","Net_H"
"186",185,0.2704,0.00935,0.0111,0.70915,"Netlogo_H_22","Net_H"
"187",186,0.2705,0.0093,0.01165,0.70855,"Netlogo_H_22","Net_H"
"188",187,0.27015,0.0087,0.01315,0.708,"Netlogo_H_22","Net_H"
"189",188,0.27035,0.009,0.0138,0.70685,"Netlogo_H_22","Net_H"
"190",189,0.26925,0.01,0.0138,0.70695,"Netlogo_H_22","Net_H"
"191",190,0.26935,0.01025,0.01385,0.70655,"Netlogo_H_22","Net_H"
"192",191,0.26865,0.0105,0.0142,0.70665,"Netlogo_H_22","Net_H"
"193",192,0.2693,0.01095,0.0146,0.70515,"Netlogo_H_22","Net_H"
"194",193,0.26905,0.0105,0.0157,0.70475,"Netlogo_H_22","Net_H"
"195",194,0.26755,0.01165,0.01635,0.70445,"Netlogo_H_22","Net_H"
"196",195,0.26725,0.0122,0.0165,0.70405,"Netlogo_H_22","Net_H"
"197",196,0.26685,0.0126,0.01685,0.7037,"Netlogo_H_22","Net_H"
"198",197,0.2664,0.01335,0.01755,0.7027,"Netlogo_H_22","Net_H"
"199",198,0.266,0.01335,0.01935,0.7013,"Netlogo_H_22","Net_H"
"200",199,0.26455,0.0141,0.0202,0.70115,"Netlogo_H_22","Net_H"
"201",200,0.2623,0.01555,0.021,0.70115,"Netlogo_H_22","Net_H"
"202",201,0.26095,0.0155,0.02255,0.701,"Netlogo_H_22","Net_H"
"203",202,0.2591,0.01585,0.024,0.70105,"Netlogo_H_22","Net_H"
"204",203,0.2558,0.01815,0.02475,0.7013,"Netlogo_H_22","Net_H"
"205",204,0.2535,0.01855,0.02585,0.7021,"Netlogo_H_22","Net_H"
"206",205,0.25175,0.01865,0.02635,0.70325,"Netlogo_H_22","Net_H"
"207",206,0.2483,0.02005,0.02745,0.7042,"Netlogo_H_22","Net_H"
"208",207,0.246,0.02045,0.0281,0.70545,"Netlogo_H_22","Net_H"
"209",208,0.24225,0.0219,0.02935,0.7065,"Netlogo_H_22","Net_H"
"210",209,0.24015,0.0222,0.03055,0.7071,"Netlogo_H_22","Net_H"
"211",210,0.2362,0.0228,0.0323,0.7087,"Netlogo_H_22","Net_H"
"212",211,0.23355,0.02275,0.03395,0.70975,"Netlogo_H_22","Net_H"
"213",212,0.22935,0.02385,0.035,0.7118,"Netlogo_H_22","Net_H"
"214",213,0.2269,0.0246,0.0355,0.713,"Netlogo_H_22","Net_H"
"215",214,0.2252,0.02315,0.0372,0.71445,"Netlogo_H_22","Net_H"
"216",215,0.22185,0.02335,0.039,0.7158,"Netlogo_H_22","Net_H"
"217",216,0.21905,0.0238,0.0403,0.71685,"Netlogo_H_22","Net_H"
"218",217,0.2161,0.0247,0.0412,0.718,"Netlogo_H_22","Net_H"
"219",218,0.213,0.02585,0.03995,0.7212,"Netlogo_H_22","Net_H"
"220",219,0.21035,0.0252,0.0413,0.72315,"Netlogo_H_22","Net_H"
"221",220,0.20685,0.02525,0.04125,0.72665,"Netlogo_H_22","Net_H"
"222",221,0.2034,0.02625,0.04185,0.7285,"Netlogo_H_22","Net_H"
"223",222,0.20175,0.02585,0.0429,0.7295,"Netlogo_H_22","Net_H"
"224",223,0.19835,0.02535,0.04415,0.73215,"Netlogo_H_22","Net_H"
"225",224,0.19505,0.02565,0.04525,0.73405,"Netlogo_H_22","Net_H"
"226",225,0.19135,0.0262,0.0464,0.73605,"Netlogo_H_22","Net_H"
"227",226,0.1888,0.02585,0.047,0.73835,"Netlogo_H_22","Net_H"
"228",227,0.18445,0.0267,0.04685,0.742,"Netlogo_H_22","Net_H"
"229",228,0.1814,0.02655,0.04695,0.7451,"Netlogo_H_22","Net_H"
"230",229,0.1784,0.0262,0.0472,0.7482,"Netlogo_H_22","Net_H"
"231",230,0.17585,0.02495,0.04765,0.75155,"Netlogo_H_22","Net_H"
"232",231,0.1728,0.02515,0.04755,0.7545,"Netlogo_H_22","Net_H"
"233",232,0.17065,0.02545,0.04675,0.75715,"Netlogo_H_22","Net_H"
"234",233,0.16855,0.0255,0.0475,0.75845,"Netlogo_H_22","Net_H"
"235",234,0.16615,0.025,0.04825,0.7606,"Netlogo_H_22","Net_H"
"236",235,0.1639,0.0256,0.0485,0.762,"Netlogo_H_22","Net_H"
"237",236,0.1607,0.0256,0.0484,0.7653,"Netlogo_H_22","Net_H"
"238",237,0.15895,0.02595,0.04835,0.76675,"Netlogo_H_22","Net_H"
"239",238,0.15675,0.0258,0.04845,0.769,"Netlogo_H_22","Net_H"
"240",239,0.15475,0.0245,0.0502,0.77055,"Netlogo_H_22","Net_H"
"241",240,0.1533,0.0239,0.0498,0.773,"Netlogo_H_22","Net_H"
"242",241,0.15105,0.02415,0.049,0.7758,"Netlogo_H_22","Net_H"
"243",242,0.14905,0.0246,0.0482,0.77815,"Netlogo_H_22","Net_H"
"244",243,0.1478,0.02415,0.0466,0.78145,"Netlogo_H_22","Net_H"
"245",244,0.14675,0.0235,0.0462,0.78355,"Netlogo_H_22","Net_H"
"246",245,0.14605,0.02265,0.04615,0.78515,"Netlogo_H_22","Net_H"
"247",246,0.1455,0.0213,0.0452,0.788,"Netlogo_H_22","Net_H"
"248",247,0.14415,0.02015,0.0459,0.7898,"Netlogo_H_22","Net_H"
"249",248,0.1436,0.0195,0.0444,0.7925,"Netlogo_H_22","Net_H"
"250",249,0.1437,0.01895,0.0433,0.79405,"Netlogo_H_22","Net_H"
"251",250,0.1432,0.0186,0.04395,0.79425,"Netlogo_H_22","Net_H"
"252",251,0.14255,0.0192,0.04185,0.7964,"Netlogo_H_22","Net_H"
"253",252,0.1412,0.0202,0.041,0.7976,"Netlogo_H_22","Net_H"
"254",253,0.1403,0.0203,0.03955,0.79985,"Netlogo_H_22","Net_H"
"255",254,0.1395,0.0201,0.03895,0.80145,"Netlogo_H_22","Net_H"
"256",255,0.1405,0.0193,0.03855,0.80165,"Netlogo_H_22","Net_H"
"257",256,0.1406,0.0184,0.03825,0.80275,"Netlogo_H_22","Net_H"
"258",257,0.14025,0.0182,0.03715,0.8044,"Netlogo_H_22","Net_H"
"259",258,0.1418,0.0165,0.0363,0.8054,"Netlogo_H_22","Net_H"
"260",259,0.14235,0.0158,0.03605,0.8058,"Netlogo_H_22","Net_H"
"261",260,0.14315,0.01505,0.0348,0.807,"Netlogo_H_22","Net_H"
"262",261,0.1438,0.0151,0.03365,0.80745,"Netlogo_H_22","Net_H"
"263",262,0.1442,0.0153,0.0333,0.8072,"Netlogo_H_22","Net_H"
"264",263,0.14515,0.0157,0.0332,0.80595,"Netlogo_H_22","Net_H"
"265",264,0.14695,0.0159,0.0317,0.80545,"Netlogo_H_22","Net_H"
"266",265,0.14895,0.01425,0.03115,0.80565,"Netlogo_H_22","Net_H"
"267",266,0.1488,0.0145,0.03095,0.80575,"Netlogo_H_22","Net_H"
"268",267,0.14935,0.0145,0.03,0.80615,"Netlogo_H_22","Net_H"
"269",268,0.15055,0.01515,0.02965,0.80465,"Netlogo_H_22","Net_H"
"270",269,0.15075,0.0154,0.0297,0.80415,"Netlogo_H_22","Net_H"
"271",270,0.15245,0.0148,0.03025,0.8025,"Netlogo_H_22","Net_H"
"272",271,0.1537,0.0144,0.02885,0.80305,"Netlogo_H_22","Net_H"
"273",272,0.1541,0.0141,0.0281,0.8037,"Netlogo_H_22","Net_H"
"274",273,0.1542,0.0147,0.0279,0.8032,"Netlogo_H_22","Net_H"
"275",274,0.15515,0.01375,0.02835,0.80275,"Netlogo_H_22","Net_H"
"276",275,0.1556,0.0142,0.02755,0.80265,"Netlogo_H_22","Net_H"
"277",276,0.1573,0.0137,0.02675,0.80225,"Netlogo_H_22","Net_H"
"278",277,0.1591,0.01315,0.0271,0.80065,"Netlogo_H_22","Net_H"
"279",278,0.1608,0.0125,0.0271,0.7996,"Netlogo_H_22","Net_H"
"280",279,0.1619,0.0124,0.0273,0.7984,"Netlogo_H_22","Net_H"
"281",280,0.16385,0.01205,0.02715,0.79695,"Netlogo_H_22","Net_H"
"282",281,0.165,0.01165,0.0272,0.79615,"Netlogo_H_22","Net_H"
"283",282,0.16675,0.01195,0.02695,0.79435,"Netlogo_H_22","Net_H"
"284",283,0.16715,0.0133,0.02615,0.7934,"Netlogo_H_22","Net_H"
"285",284,0.1682,0.01435,0.02525,0.7922,"Netlogo_H_22","Net_H"
"286",285,0.17035,0.01315,0.026,0.7905,"Netlogo_H_22","Net_H"
"287",286,0.17205,0.0128,0.02675,0.7884,"Netlogo_H_22","Net_H"
"288",287,0.17295,0.01375,0.0259,0.7874,"Netlogo_H_22","Net_H"
"289",288,0.1744,0.01315,0.02635,0.7861,"Netlogo_H_22","Net_H"
"290",289,0.1753,0.0146,0.02535,0.78475,"Netlogo_H_22","Net_H"
"291",290,0.17605,0.01495,0.02575,0.78325,"Netlogo_H_22","Net_H"
"292",291,0.177,0.01515,0.02615,0.7817,"Netlogo_H_22","Net_H"
"293",292,0.1778,0.01515,0.0258,0.78125,"Netlogo_H_22","Net_H"
"294",293,0.17985,0.01465,0.0259,0.7796,"Netlogo_H_22","Net_H"
"295",294,0.18055,0.0147,0.02535,0.7794,"Netlogo_H_22","Net_H"
"296",295,0.1822,0.01505,0.0249,0.77785,"Netlogo_H_22","Net_H"
"297",296,0.18315,0.01535,0.02515,0.77635,"Netlogo_H_22","Net_H"
"298",297,0.1838,0.01635,0.0253,0.77455,"Netlogo_H_22","Net_H"
"299",298,0.18525,0.01555,0.0257,0.7735,"Netlogo_H_22","Net_H"
"300",299,0.18655,0.0151,0.02625,0.7721,"Netlogo_H_22","Net_H"
"301",300,0.18765,0.0156,0.0254,0.77135,"Netlogo_H_22","Net_H"
"302",301,0.1885,0.01495,0.0264,0.77015,"Netlogo_H_22","Net_H"
"303",302,0.18985,0.0149,0.02625,0.769,"Netlogo_H_22","Net_H"
"304",303,0.19075,0.01495,0.0265,0.7678,"Netlogo_H_22","Net_H"
"305",304,0.192,0.01495,0.02765,0.7654,"Netlogo_H_22","Net_H"
"306",305,0.1926,0.015,0.0276,0.7648,"Netlogo_H_22","Net_H"
"307",306,0.19355,0.0156,0.0274,0.76345,"Netlogo_H_22","Net_H"
"308",307,0.1949,0.01585,0.02725,0.762,"Netlogo_H_22","Net_H"
"309",308,0.1947,0.01585,0.02815,0.7613,"Netlogo_H_22","Net_H"
"310",309,0.19535,0.01645,0.0283,0.7599,"Netlogo_H_22","Net_H"
"311",310,0.1967,0.01575,0.02885,0.7587,"Netlogo_H_22","Net_H"
"312",311,0.1973,0.01615,0.03025,0.7563,"Netlogo_H_22","Net_H"
"313",312,0.19825,0.01725,0.0298,0.7547,"Netlogo_H_22","Net_H"
"314",313,0.198,0.01775,0.02985,0.7544,"Netlogo_H_22","Net_H"
"315",314,0.19755,0.0182,0.0302,0.75405,"Netlogo_H_22","Net_H"
"316",315,0.19875,0.01785,0.03045,0.75295,"Netlogo_H_22","Net_H"
"317",316,0.19935,0.0181,0.03025,0.7523,"Netlogo_H_22","Net_H"
"318",317,0.1991,0.01825,0.03115,0.7515,"Netlogo_H_22","Net_H"
"319",318,0.19855,0.018,0.0325,0.75095,"Netlogo_H_22","Net_H"
"320",319,0.19845,0.01815,0.03255,0.75085,"Netlogo_H_22","Net_H"
"321",320,0.19805,0.0193,0.03215,0.7505,"Netlogo_H_22","Net_H"
"322",321,0.19715,0.02015,0.03255,0.75015,"Netlogo_H_22","Net_H"
"323",322,0.1963,0.02055,0.03385,0.7493,"Netlogo_H_22","Net_H"
"324",323,0.1949,0.02085,0.03425,0.75,"Netlogo_H_22","Net_H"
"325",324,0.19415,0.02155,0.03415,0.75015,"Netlogo_H_22","Net_H"
"326",325,0.19395,0.02145,0.0337,0.7509,"Netlogo_H_22","Net_H"
"327",326,0.1946,0.02005,0.03475,0.7506,"Netlogo_H_22","Net_H"
"328",327,0.1947,0.01945,0.03655,0.7493,"Netlogo_H_22","Net_H"
"329",328,0.1951,0.0203,0.0365,0.7481,"Netlogo_H_22","Net_H"
"330",329,0.19415,0.02085,0.0365,0.7485,"Netlogo_H_22","Net_H"
"331",330,0.1924,0.0218,0.03685,0.74895,"Netlogo_H_22","Net_H"
"332",331,0.19275,0.021,0.0383,0.74795,"Netlogo_H_22","Net_H"
"333",332,0.1939,0.0207,0.03865,0.74675,"Netlogo_H_22","Net_H"
"334",333,0.1936,0.02065,0.0393,0.74645,"Netlogo_H_22","Net_H"
"335",334,0.19145,0.02105,0.0397,0.7478,"Netlogo_H_22","Net_H"
"336",335,0.19035,0.02125,0.03975,0.74865,"Netlogo_H_22","Net_H"
"337",336,0.18955,0.0222,0.039,0.74925,"Netlogo_H_22","Net_H"
"338",337,0.18895,0.0222,0.0386,0.75025,"Netlogo_H_22","Net_H"
"339",338,0.188,0.0224,0.0392,0.7504,"Netlogo_H_22","Net_H"
"340",339,0.1877,0.02165,0.03895,0.7517,"Netlogo_H_22","Net_H"
"341",340,0.1865,0.0231,0.0385,0.7519,"Netlogo_H_22","Net_H"
"342",341,0.186,0.0231,0.038,0.7529,"Netlogo_H_22","Net_H"
"343",342,0.1853,0.023,0.03835,0.75335,"Netlogo_H_22","Net_H"
"344",343,0.1851,0.0227,0.03815,0.75405,"Netlogo_H_22","Net_H"
"345",344,0.18455,0.0226,0.0377,0.75515,"Netlogo_H_22","Net_H"
"346",345,0.1848,0.0218,0.03865,0.75475,"Netlogo_H_22","Net_H"
"347",346,0.1837,0.022,0.039,0.7553,"Netlogo_H_22","Net_H"
"348",347,0.18355,0.022,0.03885,0.7556,"Netlogo_H_22","Net_H"
"349",348,0.1838,0.0213,0.03845,0.75645,"Netlogo_H_22","Net_H"
"350",349,0.18345,0.0208,0.03925,0.7565,"Netlogo_H_22","Net_H"
"351",350,0.183,0.022,0.0393,0.7557,"Netlogo_H_22","Net_H"
"352",351,0.1823,0.0229,0.0389,0.7559,"Netlogo_H_22","Net_H"
"353",352,0.1825,0.02225,0.0393,0.75595,"Netlogo_H_22","Net_H"
"354",353,0.182,0.0224,0.0394,0.7562,"Netlogo_H_22","Net_H"
"355",354,0.1824,0.0214,0.0409,0.7553,"Netlogo_H_22","Net_H"
"356",355,0.1814,0.02225,0.0413,0.75505,"Netlogo_H_22","Net_H"
"357",356,0.1811,0.0231,0.04075,0.75505,"Netlogo_H_22","Net_H"
"358",357,0.18115,0.0231,0.04045,0.7553,"Netlogo_H_22","Net_H"
"359",358,0.18075,0.0237,0.04015,0.7554,"Netlogo_H_22","Net_H"
"360",359,0.18,0.0238,0.0401,0.7561,"Netlogo_H_22","Net_H"
"361",360,0.1806,0.0227,0.04005,0.75665,"Netlogo_H_22","Net_H"
"362",361,0.18065,0.0216,0.04045,0.7573,"Netlogo_H_22","Net_H"
"363",362,0.18225,0.0205,0.0414,0.75585,"Netlogo_H_22","Net_H"
"364",363,0.18195,0.02165,0.0408,0.7556,"Netlogo_H_22","Net_H"
"365",364,0.18135,0.0225,0.04015,0.756,"Netlogo_H_22","Net_H"
"366",365,0.18185,0.0218,0.0414,0.75495,"Netlogo_H_22","Net_H"
"367",366,0.1823,0.0209,0.04145,0.75535,"Netlogo_H_22","Net_H"
"368",367,0.1813,0.0219,0.0409,0.7559,"Netlogo_H_22","Net_H"
"369",368,0.18085,0.02245,0.0407,0.756,"Netlogo_H_22","Net_H"
"370",369,0.17985,0.024,0.03965,0.7565,"Netlogo_H_22","Net_H"
"371",370,0.1806,0.02375,0.04055,0.7551,"Netlogo_H_22","Net_H"
"372",371,0.1811,0.02215,0.0412,0.75555,"Netlogo_H_22","Net_H"
"373",372,0.1815,0.02125,0.0421,0.75515,"Netlogo_H_22","Net_H"
"374",373,0.18095,0.02115,0.0424,0.7555,"Netlogo_H_22","Net_H"
"375",374,0.1809,0.0212,0.042,0.7559,"Netlogo_H_22","Net_H"
"376",375,0.17875,0.02275,0.0415,0.757,"Netlogo_H_22","Net_H"
"377",376,0.178,0.02345,0.0411,0.75745,"Netlogo_H_22","Net_H"
"378",377,0.17795,0.02335,0.04035,0.75835,"Netlogo_H_22","Net_H"
"379",378,0.17765,0.0228,0.0412,0.75835,"Netlogo_H_22","Net_H"
"380",379,0.1769,0.02355,0.03935,0.7602,"Netlogo_H_22","Net_H"
"381",380,0.1769,0.0231,0.04045,0.75955,"Netlogo_H_22","Net_H"
"382",381,0.1772,0.02245,0.0406,0.75975,"Netlogo_H_22","Net_H"
"383",382,0.17655,0.0221,0.04155,0.7598,"Netlogo_H_22","Net_H"
"384",383,0.1763,0.0217,0.04065,0.76135,"Netlogo_H_22","Net_H"
"385",384,0.17615,0.0204,0.0408,0.76265,"Netlogo_H_22","Net_H"
"386",385,0.17505,0.02095,0.0406,0.7634,"Netlogo_H_22","Net_H"
"387",386,0.17425,0.0222,0.04005,0.7635,"Netlogo_H_22","Net_H"
"388",387,0.17345,0.0224,0.0397,0.76445,"Netlogo_H_22","Net_H"
"389",388,0.1736,0.02115,0.0407,0.76455,"Netlogo_H_22","Net_H"
"390",389,0.17385,0.02085,0.03965,0.76565,"Netlogo_H_22","Net_H"
"391",390,0.175,0.01915,0.03985,0.766,"Netlogo_H_22","Net_H"
"392",391,0.17665,0.0191,0.0397,0.76455,"Netlogo_H_22","Net_H"
"393",392,0.1764,0.01885,0.0391,0.76565,"Netlogo_H_22","Net_H"
"394",393,0.17625,0.01885,0.0383,0.7666,"Netlogo_H_22","Net_H"
"395",394,0.176,0.01965,0.03775,0.7666,"Netlogo_H_22","Net_H"
"396",395,0.1755,0.0204,0.03765,0.76645,"Netlogo_H_22","Net_H"
"397",396,0.176,0.0216,0.0368,0.7656,"Netlogo_H_22","Net_H"
"398",397,0.17675,0.0216,0.0362,0.76545,"Netlogo_H_22","Net_H"
"399",398,0.1762,0.0212,0.0371,0.7655,"Netlogo_H_22","Net_H"
"400",399,0.17655,0.02055,0.03795,0.76495,"Netlogo_H_22","Net_H"
"401",400,0.17685,0.0211,0.03865,0.7634,"Netlogo_H_22","Net_H"
"402",401,0.17835,0.02,0.039,0.76265,"Netlogo_H_22","Net_H"
"403",402,0.1786,0.02045,0.038,0.76295,"Netlogo_H_22","Net_H"
"404",403,0.179,0.02065,0.03715,0.7632,"Netlogo_H_22","Net_H"
"405",404,0.1784,0.02135,0.0364,0.76385,"Netlogo_H_22","Net_H"
"406",405,0.1782,0.02065,0.0374,0.76375,"Netlogo_H_22","Net_H"
"407",406,0.1785,0.02035,0.038,0.76315,"Netlogo_H_22","Net_H"
"408",407,0.17855,0.0205,0.0385,0.76245,"Netlogo_H_22","Net_H"
"409",408,0.17865,0.02035,0.0387,0.7623,"Netlogo_H_22","Net_H"
"410",409,0.1798,0.0199,0.03875,0.76155,"Netlogo_H_22","Net_H"
"411",410,0.17995,0.01995,0.03945,0.76065,"Netlogo_H_22","Net_H"
"412",411,0.1777,0.0217,0.03945,0.76115,"Netlogo_H_22","Net_H"
"413",412,0.1783,0.02095,0.03915,0.7616,"Netlogo_H_22","Net_H"
"414",413,0.17875,0.0198,0.03945,0.762,"Netlogo_H_22","Net_H"
"415",414,0.1785,0.01995,0.03945,0.7621,"Netlogo_H_22","Net_H"
"416",415,0.1777,0.02125,0.03885,0.7622,"Netlogo_H_22","Net_H"
"417",416,0.1767,0.02185,0.0386,0.76285,"Netlogo_H_22","Net_H"
"418",417,0.1769,0.0221,0.03855,0.76245,"Netlogo_H_22","Net_H"
"419",418,0.1771,0.02145,0.03825,0.7632,"Netlogo_H_22","Net_H"
"420",419,0.1775,0.0199,0.0392,0.7634,"Netlogo_H_22","Net_H"
"421",420,0.1773,0.02005,0.0395,0.76315,"Netlogo_H_22","Net_H"
"422",421,0.17835,0.0197,0.03905,0.7629,"Netlogo_H_22","Net_H"
"423",422,0.17935,0.01865,0.04055,0.76145,"Netlogo_H_22","Net_H"
"424",423,0.1801,0.0185,0.0401,0.7613,"Netlogo_H_22","Net_H"
"425",424,0.1786,0.02005,0.03975,0.7616,"Netlogo_H_22","Net_H"
"426",425,0.1783,0.02045,0.0388,0.76245,"Netlogo_H_22","Net_H"
"427",426,0.17905,0.0211,0.0384,0.76145,"Netlogo_H_22","Net_H"
"428",427,0.1774,0.0224,0.0394,0.7608,"Netlogo_H_22","Net_H"
"429",428,0.17785,0.0224,0.0395,0.76025,"Netlogo_H_22","Net_H"
"430",429,0.17805,0.02255,0.0401,0.7593,"Netlogo_H_22","Net_H"
"431",430,0.1772,0.02325,0.04065,0.7589,"Netlogo_H_22","Net_H"
"432",431,0.17795,0.02335,0.0412,0.7575,"Netlogo_H_22","Net_H"
"433",432,0.17785,0.02225,0.04135,0.75855,"Netlogo_H_22","Net_H"
"434",433,0.1763,0.02355,0.0417,0.75845,"Netlogo_H_22","Net_H"
"435",434,0.17755,0.02255,0.04125,0.75865,"Netlogo_H_22","Net_H"
"436",435,0.1777,0.02245,0.04045,0.7594,"Netlogo_H_22","Net_H"
"437",436,0.1759,0.0237,0.03975,0.76065,"Netlogo_H_22","Net_H"
"438",437,0.1759,0.02365,0.04015,0.7603,"Netlogo_H_22","Net_H"
"439",438,0.1758,0.0223,0.04145,0.76045,"Netlogo_H_22","Net_H"
"440",439,0.1757,0.0222,0.04115,0.76095,"Netlogo_H_22","Net_H"
"441",440,0.17565,0.0224,0.04065,0.7613,"Netlogo_H_22","Net_H"
"442",441,0.17475,0.0224,0.0405,0.76235,"Netlogo_H_22","Net_H"
"443",442,0.1748,0.02235,0.0402,0.76265,"Netlogo_H_22","Net_H"
"444",443,0.17415,0.02275,0.0403,0.7628,"Netlogo_H_22","Net_H"
"445",444,0.1745,0.0219,0.0413,0.7623,"Netlogo_H_22","Net_H"
"446",445,0.1736,0.0219,0.04155,0.76295,"Netlogo_H_22","Net_H"
"447",446,0.1738,0.02125,0.0406,0.76435,"Netlogo_H_22","Net_H"
"448",447,0.1739,0.0208,0.0403,0.765,"Netlogo_H_22","Net_H"
"449",448,0.17445,0.0212,0.0397,0.76465,"Netlogo_H_22","Net_H"
"450",449,0.1728,0.0224,0.0392,0.7656,"Netlogo_H_22","Net_H"
"451",450,0.1726,0.02125,0.03985,0.7663,"Netlogo_H_22","Net_H"
"452",451,0.1726,0.02115,0.0404,0.76585,"Netlogo_H_22","Net_H"
"453",452,0.17245,0.0214,0.041,0.76515,"Netlogo_H_22","Net_H"
"454",453,0.1714,0.0231,0.03935,0.76615,"Netlogo_H_22","Net_H"
"455",454,0.1706,0.02275,0.03985,0.7668,"Netlogo_H_22","Net_H"
"456",455,0.1694,0.02335,0.03965,0.7676,"Netlogo_H_22","Net_H"
"457",456,0.169,0.0235,0.0393,0.7682,"Netlogo_H_22","Net_H"
"458",457,0.17035,0.0227,0.0387,0.76825,"Netlogo_H_22","Net_H"
"459",458,0.16975,0.0219,0.03995,0.7684,"Netlogo_H_22","Net_H"
"460",459,0.17035,0.02215,0.0385,0.769,"Netlogo_H_22","Net_H"
"461",460,0.1705,0.0215,0.0391,0.7689,"Netlogo_H_22","Net_H"
"462",461,0.1702,0.02155,0.0401,0.76815,"Netlogo_H_22","Net_H"
"463",462,0.17065,0.02035,0.04125,0.76775,"Netlogo_H_22","Net_H"
"464",463,0.1706,0.0207,0.04065,0.76805,"Netlogo_H_22","Net_H"
"465",464,0.17215,0.02,0.04095,0.7669,"Netlogo_H_22","Net_H"
"466",465,0.1714,0.02045,0.0406,0.76755,"Netlogo_H_22","Net_H"
"467",466,0.1724,0.01965,0.0408,0.76715,"Netlogo_H_22","Net_H"
"468",467,0.1725,0.02025,0.04025,0.767,"Netlogo_H_22","Net_H"
"469",468,0.17345,0.02065,0.03895,0.76695,"Netlogo_H_22","Net_H"
"470",469,0.17265,0.02145,0.0385,0.7674,"Netlogo_H_22","Net_H"
"471",470,0.17295,0.021,0.03835,0.7677,"Netlogo_H_22","Net_H"
"472",471,0.1734,0.02075,0.03805,0.7678,"Netlogo_H_22","Net_H"
"473",472,0.1738,0.0201,0.03825,0.76785,"Netlogo_H_22","Net_H"
"474",473,0.17545,0.01965,0.03795,0.76695,"Netlogo_H_22","Net_H"
"475",474,0.17535,0.02005,0.0384,0.7662,"Netlogo_H_22","Net_H"
"476",475,0.1749,0.0207,0.03785,0.76655,"Netlogo_H_22","Net_H"
"477",476,0.17365,0.02095,0.03795,0.76745,"Netlogo_H_22","Net_H"
"478",477,0.17395,0.02025,0.0382,0.7676,"Netlogo_H_22","Net_H"
"479",478,0.1735,0.0208,0.03695,0.76875,"Netlogo_H_22","Net_H"
"480",479,0.17325,0.02095,0.03635,0.76945,"Netlogo_H_22","Net_H"
"481",480,0.17285,0.0212,0.0366,0.76935,"Netlogo_H_22","Net_H"
"482",481,0.1724,0.02095,0.03745,0.7692,"Netlogo_H_22","Net_H"
"483",482,0.17175,0.02055,0.038,0.7697,"Netlogo_H_22","Net_H"
"484",483,0.17175,0.0212,0.0381,0.76895,"Netlogo_H_22","Net_H"
"485",484,0.17245,0.02065,0.0384,0.7685,"Netlogo_H_22","Net_H"
"486",485,0.17205,0.02055,0.039,0.7684,"Netlogo_H_22","Net_H"
"487",486,0.17205,0.021,0.03785,0.7691,"Netlogo_H_22","Net_H"
"488",487,0.1721,0.0208,0.03845,0.76865,"Netlogo_H_22","Net_H"
"489",488,0.17205,0.02065,0.03965,0.76765,"Netlogo_H_22","Net_H"
"490",489,0.17175,0.022,0.03895,0.7673,"Netlogo_H_22","Net_H"
"491",490,0.17115,0.02175,0.0388,0.7683,"Netlogo_H_22","Net_H"
"492",491,0.1712,0.02165,0.0391,0.76805,"Netlogo_H_22","Net_H"
"493",492,0.17025,0.0231,0.03745,0.7692,"Netlogo_H_22","Net_H"
"494",493,0.1706,0.02225,0.0388,0.76835,"Netlogo_H_22","Net_H"
"495",494,0.17005,0.0223,0.03955,0.7681,"Netlogo_H_22","Net_H"
"496",495,0.17075,0.022,0.03995,0.7673,"Netlogo_H_22","Net_H"
"497",496,0.17105,0.02135,0.03975,0.76785,"Netlogo_H_22","Net_H"
"498",497,0.1708,0.0219,0.0399,0.7674,"Netlogo_H_22","Net_H"
"499",498,0.1698,0.023,0.0391,0.7681,"Netlogo_H_22","Net_H"
"500",499,0.1701,0.0218,0.0393,0.7688,"Netlogo_H_22","Net_H"
"501",500,0.17055,0.0213,0.04005,0.7681,"Netlogo_H_22","Net_H"
"502",501,0.17095,0.0207,0.03985,0.7685,"Netlogo_H_22","Net_H"
"503",502,0.17055,0.02045,0.0397,0.7693,"Netlogo_H_22","Net_H"
"504",503,0.16945,0.02075,0.0402,0.7696,"Netlogo_H_22","Net_H"
"505",504,0.1682,0.022,0.0392,0.7706,"Netlogo_H_22","Net_H"
"506",505,0.16885,0.02215,0.039,0.77,"Netlogo_H_22","Net_H"
"507",506,0.1699,0.02165,0.0388,0.76965,"Netlogo_H_22","Net_H"
"508",507,0.16995,0.02125,0.03855,0.77025,"Netlogo_H_22","Net_H"
"509",508,0.1702,0.0213,0.0389,0.7696,"Netlogo_H_22","Net_H"
"510",509,0.16975,0.0206,0.0402,0.76945,"Netlogo_H_22","Net_H"
"511",510,0.1701,0.01975,0.03985,0.7703,"Netlogo_H_22","Net_H"
"512",511,0.16985,0.0204,0.0384,0.77135,"Netlogo_H_22","Net_H"
"513",512,0.1715,0.01915,0.0387,0.77065,"Netlogo_H_22","Net_H"
"514",513,0.17165,0.01855,0.03935,0.77045,"Netlogo_H_22","Net_H"
"515",514,0.1717,0.0188,0.0388,0.7707,"Netlogo_H_22","Net_H"
"516",515,0.17075,0.0198,0.0378,0.77165,"Netlogo_H_22","Net_H"
"517",516,0.16975,0.021,0.0368,0.77245,"Netlogo_H_22","Net_H"
"518",517,0.16965,0.02145,0.037,0.7719,"Netlogo_H_22","Net_H"
"519",518,0.1699,0.02195,0.03765,0.7705,"Netlogo_H_22","Net_H"
"520",519,0.1717,0.0206,0.0386,0.7691,"Netlogo_H_22","Net_H"
"521",520,0.1727,0.02055,0.0388,0.76795,"Netlogo_H_22","Net_H"
"522",521,0.1741,0.0199,0.03845,0.76755,"Netlogo_H_22","Net_H"
"523",522,0.17545,0.0197,0.0378,0.76705,"Netlogo_H_22","Net_H"
"524",523,0.17535,0.0195,0.0378,0.76735,"Netlogo_H_22","Net_H"
"525",524,0.17515,0.01935,0.0377,0.7678,"Netlogo_H_22","Net_H"
"526",525,0.17365,0.0202,0.03755,0.7686,"Netlogo_H_22","Net_H"
"527",526,0.1732,0.02,0.0372,0.7696,"Netlogo_H_22","Net_H"
"528",527,0.17395,0.0202,0.03705,0.7688,"Netlogo_H_22","Net_H"
"529",528,0.17345,0.0204,0.03735,0.7688,"Netlogo_H_22","Net_H"
"530",529,0.17445,0.01995,0.0367,0.7689,"Netlogo_H_22","Net_H"
"531",530,0.17475,0.0203,0.0367,0.76825,"Netlogo_H_22","Net_H"
"532",531,0.1749,0.0203,0.03695,0.76785,"Netlogo_H_22","Net_H"
"533",532,0.17565,0.0204,0.0375,0.76645,"Netlogo_H_22","Net_H"
"534",533,0.17645,0.0205,0.0375,0.76555,"Netlogo_H_22","Net_H"
"535",534,0.1764,0.02065,0.0373,0.76565,"Netlogo_H_22","Net_H"
"536",535,0.1767,0.0208,0.03725,0.76525,"Netlogo_H_22","Net_H"
"537",536,0.1775,0.0208,0.0365,0.7652,"Netlogo_H_22","Net_H"
"538",537,0.17735,0.0207,0.0376,0.76435,"Netlogo_H_22","Net_H"
"539",538,0.17575,0.0232,0.03705,0.764,"Netlogo_H_22","Net_H"
"540",539,0.17525,0.0231,0.03765,0.764,"Netlogo_H_22","Net_H"
"541",540,0.17605,0.0216,0.03845,0.7639,"Netlogo_H_22","Net_H"
"542",541,0.1768,0.02135,0.03805,0.7638,"Netlogo_H_22","Net_H"
"543",542,0.17885,0.02055,0.03825,0.76235,"Netlogo_H_22","Net_H"
"544",543,0.17865,0.01985,0.03985,0.76165,"Netlogo_H_22","Net_H"
"545",544,0.1788,0.0206,0.03855,0.76205,"Netlogo_H_22","Net_H"
"546",545,0.17945,0.02065,0.03865,0.76125,"Netlogo_H_22","Net_H"
"547",546,0.17925,0.0202,0.03875,0.7618,"Netlogo_H_22","Net_H"
"548",547,0.1799,0.02,0.03895,0.76115,"Netlogo_H_22","Net_H"
"549",548,0.1801,0.02025,0.03895,0.7607,"Netlogo_H_22","Net_H"
"550",549,0.17955,0.01985,0.03855,0.76205,"Netlogo_H_22","Net_H"
"551",550,0.1787,0.0205,0.0392,0.7616,"Netlogo_H_22","Net_H"
"552",551,0.1786,0.0218,0.0372,0.7624,"Netlogo_H_22","Net_H"
"553",552,0.1789,0.0214,0.03725,0.76245,"Netlogo_H_22","Net_H"
"554",553,0.17875,0.02125,0.03755,0.76245,"Netlogo_H_22","Net_H"
"555",554,0.1797,0.02135,0.0378,0.76115,"Netlogo_H_22","Net_H"
"556",555,0.1801,0.02025,0.0393,0.76035,"Netlogo_H_22","Net_H"
"557",556,0.1809,0.02015,0.03985,0.7591,"Netlogo_H_22","Net_H"
"558",557,0.18045,0.02105,0.03935,0.75915,"Netlogo_H_22","Net_H"
"559",558,0.17965,0.0217,0.0382,0.76045,"Netlogo_H_22","Net_H"
"560",559,0.18,0.0218,0.0392,0.759,"Netlogo_H_22","Net_H"
"561",560,0.1805,0.02215,0.0391,0.75825,"Netlogo_H_22","Net_H"
"562",561,0.18095,0.02185,0.04,0.7572,"Netlogo_H_22","Net_H"
"563",562,0.1815,0.02105,0.0397,0.75775,"Netlogo_H_22","Net_H"
"564",563,0.18205,0.02105,0.0401,0.7568,"Netlogo_H_22","Net_H"
"565",564,0.1813,0.02065,0.0401,0.75795,"Netlogo_H_22","Net_H"
"566",565,0.18065,0.02195,0.0398,0.7576,"Netlogo_H_22","Net_H"
"567",566,0.18055,0.0223,0.03945,0.7577,"Netlogo_H_22","Net_H"
"568",567,0.1802,0.0231,0.0395,0.7572,"Netlogo_H_22","Net_H"
"569",568,0.1794,0.0229,0.0406,0.7571,"Netlogo_H_22","Net_H"
"570",569,0.1798,0.02245,0.0416,0.75615,"Netlogo_H_22","Net_H"
"571",570,0.17915,0.02255,0.0418,0.7565,"Netlogo_H_22","Net_H"
"572",571,0.1787,0.0232,0.0413,0.7568,"Netlogo_H_22","Net_H"
"573",572,0.17945,0.02325,0.0405,0.7568,"Netlogo_H_22","Net_H"
"574",573,0.1779,0.023,0.0418,0.7573,"Netlogo_H_22","Net_H"
"575",574,0.17655,0.02415,0.04155,0.75775,"Netlogo_H_22","Net_H"
"576",575,0.1759,0.0242,0.0414,0.7585,"Netlogo_H_22","Net_H"
"577",576,0.17525,0.0241,0.0426,0.75805,"Netlogo_H_22","Net_H"
"578",577,0.1752,0.0233,0.04285,0.75865,"Netlogo_H_22","Net_H"
"579",578,0.1738,0.0231,0.04275,0.76035,"Netlogo_H_22","Net_H"
"580",579,0.17255,0.0232,0.04255,0.7617,"Netlogo_H_22","Net_H"
"581",580,0.1733,0.02245,0.0421,0.76215,"Netlogo_H_22","Net_H"
"582",581,0.1728,0.02265,0.04185,0.7627,"Netlogo_H_22","Net_H"
"583",582,0.1724,0.02295,0.04175,0.7629,"Netlogo_H_22","Net_H"
"584",583,0.17215,0.02325,0.041,0.7636,"Netlogo_H_22","Net_H"
"585",584,0.17235,0.0219,0.0419,0.76385,"Netlogo_H_22","Net_H"
"586",585,0.1721,0.0225,0.0408,0.7646,"Netlogo_H_22","Net_H"
"587",586,0.17265,0.02195,0.0406,0.7648,"Netlogo_H_22","Net_H"
"588",587,0.17225,0.02145,0.04105,0.76525,"Netlogo_H_22","Net_H"
"589",588,0.17165,0.02175,0.04155,0.76505,"Netlogo_H_22","Net_H"
"590",589,0.17205,0.0213,0.04185,0.7648,"Netlogo_H_22","Net_H"
"591",590,0.1721,0.02165,0.04195,0.7643,"Netlogo_H_22","Net_H"
"592",591,0.17245,0.02185,0.04135,0.76435,"Netlogo_H_22","Net_H"
"593",592,0.1721,0.02125,0.04205,0.7646,"Netlogo_H_22","Net_H"
"594",593,0.17275,0.0215,0.04185,0.7639,"Netlogo_H_22","Net_H"
"595",594,0.1725,0.02185,0.0406,0.76505,"Netlogo_H_22","Net_H"
"596",595,0.17295,0.0216,0.0413,0.76415,"Netlogo_H_22","Net_H"
"597",596,0.17285,0.0224,0.0405,0.76425,"Netlogo_H_22","Net_H"
"598",597,0.1727,0.023,0.03975,0.76455,"Netlogo_H_22","Net_H"
"599",598,0.1732,0.0219,0.04035,0.76455,"Netlogo_H_22","Net_H"
"600",599,0.17325,0.02125,0.04045,0.76505,"Netlogo_H_22","Net_H"
"601",600,0.17215,0.02115,0.04125,0.76545,"Netlogo_H_22","Net_H"
"602",601,0.17215,0.02195,0.04035,0.76555,"Netlogo_H_22","Net_H"
"603",602,0.17145,0.02305,0.03945,0.76605,"Netlogo_H_22","Net_H"
"604",603,0.17245,0.02195,0.04035,0.76525,"Netlogo_H_22","Net_H"
"605",604,0.1715,0.0226,0.0404,0.7655,"Netlogo_H_22","Net_H"
"606",605,0.1723,0.02165,0.04095,0.7651,"Netlogo_H_22","Net_H"
"607",606,0.1726,0.02135,0.04055,0.7655,"Netlogo_H_22","Net_H"
"608",607,0.17325,0.02165,0.04,0.7651,"Netlogo_H_22","Net_H"
"609",608,0.17415,0.0208,0.03955,0.7655,"Netlogo_H_22","Net_H"
"610",609,0.17545,0.01965,0.04005,0.76485,"Netlogo_H_22","Net_H"
"611",610,0.17555,0.0195,0.04095,0.764,"Netlogo_H_22","Net_H"
"612",611,0.1758,0.0201,0.04105,0.76305,"Netlogo_H_22","Net_H"
"613",612,0.1751,0.0207,0.04015,0.76405,"Netlogo_H_22","Net_H"
"614",613,0.1748,0.02115,0.03985,0.7642,"Netlogo_H_22","Net_H"
"615",614,0.17545,0.02,0.0403,0.76425,"Netlogo_H_22","Net_H"
"616",615,0.17605,0.0199,0.03995,0.7641,"Netlogo_H_22","Net_H"
"617",616,0.1765,0.0197,0.0396,0.7642,"Netlogo_H_22","Net_H"
"618",617,0.1777,0.02015,0.0387,0.76345,"Netlogo_H_22","Net_H"
"619",618,0.17845,0.01965,0.039,0.7629,"Netlogo_H_22","Net_H"
"620",619,0.17585,0.0215,0.0391,0.76355,"Netlogo_H_22","Net_H"
"621",620,0.1765,0.02195,0.03855,0.763,"Netlogo_H_22","Net_H"
"622",621,0.17605,0.0211,0.0392,0.76365,"Netlogo_H_22","Net_H"
"623",622,0.17585,0.02165,0.0393,0.7632,"Netlogo_H_22","Net_H"
"624",623,0.1782,0.0204,0.03945,0.76195,"Netlogo_H_22","Net_H"
"625",624,0.1794,0.02015,0.03925,0.7612,"Netlogo_H_22","Net_H"
"626",625,0.1796,0.0207,0.03925,0.76045,"Netlogo_H_22","Net_H"
"627",626,0.1805,0.02,0.03955,0.75995,"Netlogo_H_22","Net_H"
"628",627,0.1803,0.02045,0.0398,0.75945,"Netlogo_H_22","Net_H"
"629",628,0.1809,0.0206,0.03835,0.76015,"Netlogo_H_22","Net_H"
"630",629,0.1816,0.0194,0.0388,0.7602,"Netlogo_H_22","Net_H"
