"","step","S","E","I","R","simu","Langage"
"1",0,0.999,0,0.001,0,"Netlogo_H_12","Net_H"
"2",1,0.9984,6e-04,0.001,0,"Netlogo_H_12","Net_H"
"3",2,0.99755,0.00145,9e-04,1e-04,"Netlogo_H_12","Net_H"
"4",3,0.99715,0.00155,0.0011,2e-04,"Netlogo_H_12","Net_H"
"5",4,0.99635,0.00215,0.0012,3e-04,"Netlogo_H_12","Net_H"
"6",5,0.9958,0.0024,0.00145,0.00035,"Netlogo_H_12","Net_H"
"7",6,0.9951,0.00245,0.00195,5e-04,"Netlogo_H_12","Net_H"
"8",7,0.9937,0.00325,0.0023,0.00075,"Netlogo_H_12","Net_H"
"9",8,0.99235,0.004,0.00275,9e-04,"Netlogo_H_12","Net_H"
"10",9,0.9901,0.00565,0.0028,0.00145,"Netlogo_H_12","Net_H"
"11",10,0.98815,0.00655,0.0036,0.0017,"Netlogo_H_12","Net_H"
"12",11,0.98535,0.008,0.00475,0.0019,"Netlogo_H_12","Net_H"
"13",12,0.9816,0.01055,0.00525,0.0026,"Netlogo_H_12","Net_H"
"14",13,0.9773,0.01305,0.00665,0.003,"Netlogo_H_12","Net_H"
"15",14,0.97325,0.0143,0.0085,0.00395,"Netlogo_H_12","Net_H"
"16",15,0.96785,0.01675,0.01045,0.00495,"Netlogo_H_12","Net_H"
"17",16,0.9607,0.02035,0.01305,0.0059,"Netlogo_H_12","Net_H"
"18",17,0.95225,0.02525,0.01515,0.00735,"Netlogo_H_12","Net_H"
"19",18,0.94335,0.02965,0.018,0.009,"Netlogo_H_12","Net_H"
"20",19,0.93105,0.0359,0.02245,0.0106,"Netlogo_H_12","Net_H"
"21",20,0.9173,0.04275,0.0273,0.01265,"Netlogo_H_12","Net_H"
"22",21,0.90015,0.05215,0.03295,0.01475,"Netlogo_H_12","Net_H"
"23",22,0.88035,0.0623,0.0387,0.01865,"Netlogo_H_12","Net_H"
"24",23,0.8561,0.0751,0.04705,0.02175,"Netlogo_H_12","Net_H"
"25",24,0.82755,0.0884,0.05795,0.0261,"Netlogo_H_12","Net_H"
"26",25,0.7934,0.10535,0.06915,0.0321,"Netlogo_H_12","Net_H"
"27",26,0.7533,0.12495,0.08315,0.0386,"Netlogo_H_12","Net_H"
"28",27,0.71125,0.1427,0.0997,0.04635,"Netlogo_H_12","Net_H"
"29",28,0.6632,0.1613,0.12065,0.05485,"Netlogo_H_12","Net_H"
"30",29,0.61035,0.18285,0.14075,0.06605,"Netlogo_H_12","Net_H"
"31",30,0.55175,0.20455,0.16335,0.08035,"Netlogo_H_12","Net_H"
"32",31,0.49315,0.22155,0.1889,0.0964,"Netlogo_H_12","Net_H"
"33",32,0.43445,0.23415,0.2146,0.1168,"Netlogo_H_12","Net_H"
"34",33,0.37485,0.2437,0.2426,0.13885,"Netlogo_H_12","Net_H"
"35",34,0.31755,0.24805,0.2699,0.1645,"Netlogo_H_12","Net_H"
"36",35,0.2637,0.25005,0.29115,0.1951,"Netlogo_H_12","Net_H"
"37",36,0.21685,0.242,0.3158,0.22535,"Netlogo_H_12","Net_H"
"38",37,0.1747,0.2277,0.3377,0.2599,"Netlogo_H_12","Net_H"
"39",38,0.1373,0.21265,0.3527,0.29735,"Netlogo_H_12","Net_H"
"40",39,0.1082,0.19205,0.36255,0.3372,"Netlogo_H_12","Net_H"
"41",40,0.0838,0.1724,0.36335,0.38045,"Netlogo_H_12","Net_H"
"42",41,0.0655,0.14725,0.3644,0.42285,"Netlogo_H_12","Net_H"
"43",42,0.05215,0.1241,0.3605,0.46325,"Netlogo_H_12","Net_H"
"44",43,0.0418,0.10565,0.347,0.50555,"Netlogo_H_12","Net_H"
"45",44,0.03505,0.08785,0.332,0.5451,"Netlogo_H_12","Net_H"
"46",45,0.02905,0.0732,0.31315,0.5846,"Netlogo_H_12","Net_H"
"47",46,0.02455,0.0601,0.29165,0.6237,"Netlogo_H_12","Net_H"
"48",47,0.0208,0.0481,0.2702,0.6609,"Netlogo_H_12","Net_H"
"49",48,0.01955,0.0387,0.2484,0.69335,"Netlogo_H_12","Net_H"
"50",49,0.0187,0.03155,0.226,0.72375,"Netlogo_H_12","Net_H"
"51",50,0.0178,0.0253,0.206,0.7509,"Netlogo_H_12","Net_H"
"52",51,0.0184,0.02075,0.18505,0.7758,"Netlogo_H_12","Net_H"
"53",52,0.01765,0.01845,0.1674,0.7965,"Netlogo_H_12","Net_H"
"54",53,0.01855,0.0153,0.14995,0.8162,"Netlogo_H_12","Net_H"
"55",54,0.0196,0.01305,0.13415,0.8332,"Netlogo_H_12","Net_H"
"56",55,0.01995,0.01155,0.12055,0.84795,"Netlogo_H_12","Net_H"
"57",56,0.0202,0.0105,0.1076,0.8617,"Netlogo_H_12","Net_H"
"58",57,0.02135,0.0094,0.0957,0.87355,"Netlogo_H_12","Net_H"
"59",58,0.02245,0.00825,0.08585,0.88345,"Netlogo_H_12","Net_H"
"60",59,0.0245,0.00695,0.0767,0.89185,"Netlogo_H_12","Net_H"
"61",60,0.02525,0.00635,0.06835,0.90005,"Netlogo_H_12","Net_H"
"62",61,0.0272,0.00625,0.0609,0.90565,"Netlogo_H_12","Net_H"
"63",62,0.02855,0.00635,0.05515,0.90995,"Netlogo_H_12","Net_H"
"64",63,0.0306,0.00625,0.04875,0.9144,"Netlogo_H_12","Net_H"
"65",64,0.03245,0.0057,0.0428,0.91905,"Netlogo_H_12","Net_H"
"66",65,0.03485,0.0049,0.0384,0.92185,"Netlogo_H_12","Net_H"
"67",66,0.037,0.00475,0.0348,0.92345,"Netlogo_H_12","Net_H"
"68",67,0.03845,0.0052,0.0312,0.92515,"Netlogo_H_12","Net_H"
"69",68,0.04075,0.00465,0.0277,0.9269,"Netlogo_H_12","Net_H"
"70",69,0.04325,0.0041,0.025,0.92765,"Netlogo_H_12","Net_H"
"71",70,0.04625,0.0034,0.0226,0.92775,"Netlogo_H_12","Net_H"
"72",71,0.05005,0.00335,0.0201,0.9265,"Netlogo_H_12","Net_H"
"73",72,0.0519,0.0031,0.01855,0.92645,"Netlogo_H_12","Net_H"
"74",73,0.05485,0.0032,0.01665,0.9253,"Netlogo_H_12","Net_H"
"75",74,0.0574,0.00305,0.0148,0.92475,"Netlogo_H_12","Net_H"
"76",75,0.05955,0.00345,0.0135,0.9235,"Netlogo_H_12","Net_H"
"77",76,0.0622,0.00325,0.0123,0.92225,"Netlogo_H_12","Net_H"
"78",77,0.0643,0.00365,0.0114,0.92065,"Netlogo_H_12","Net_H"
"79",78,0.06715,0.0032,0.0106,0.91905,"Netlogo_H_12","Net_H"
"80",79,0.06965,0.0032,0.00995,0.9172,"Netlogo_H_12","Net_H"
"81",80,0.07245,0.0029,0.0094,0.91525,"Netlogo_H_12","Net_H"
"82",81,0.07545,0.00235,0.0092,0.913,"Netlogo_H_12","Net_H"
"83",82,0.0787,0.0021,0.00845,0.91075,"Netlogo_H_12","Net_H"
"84",83,0.08095,0.00215,0.0076,0.9093,"Netlogo_H_12","Net_H"
"85",84,0.0838,0.00205,0.00715,0.907,"Netlogo_H_12","Net_H"
"86",85,0.0866,0.0021,0.0067,0.9046,"Netlogo_H_12","Net_H"
"87",86,0.0896,0.0018,0.0065,0.9021,"Netlogo_H_12","Net_H"
"88",87,0.0919,0.0019,0.00615,0.90005,"Netlogo_H_12","Net_H"
"89",88,0.095,0.0017,0.00555,0.89775,"Netlogo_H_12","Net_H"
"90",89,0.09765,0.0017,0.00515,0.8955,"Netlogo_H_12","Net_H"
"91",90,0.10015,0.00155,0.0049,0.8934,"Netlogo_H_12","Net_H"
"92",91,0.1026,0.0016,0.00455,0.89125,"Netlogo_H_12","Net_H"
"93",92,0.10585,0.00185,0.00395,0.88835,"Netlogo_H_12","Net_H"
"94",93,0.10855,0.00165,0.00385,0.88595,"Netlogo_H_12","Net_H"
"95",94,0.11155,0.00145,0.00385,0.88315,"Netlogo_H_12","Net_H"
"96",95,0.1135,0.00145,0.0039,0.88115,"Netlogo_H_12","Net_H"
"97",96,0.11615,0.00155,0.00385,0.87845,"Netlogo_H_12","Net_H"
"98",97,0.1189,0.0012,0.004,0.8759,"Netlogo_H_12","Net_H"
"99",98,0.12035,0.0011,0.00365,0.8749,"Netlogo_H_12","Net_H"
"100",99,0.12305,0.00095,0.0037,0.8723,"Netlogo_H_12","Net_H"
"101",100,0.1251,0.00115,0.0031,0.87065,"Netlogo_H_12","Net_H"
"102",101,0.12765,0.0013,0.00275,0.8683,"Netlogo_H_12","Net_H"
"103",102,0.13045,0.00125,0.0023,0.866,"Netlogo_H_12","Net_H"
"104",103,0.13335,0.001,0.00255,0.8631,"Netlogo_H_12","Net_H"
"105",104,0.1361,0.00105,0.00255,0.8603,"Netlogo_H_12","Net_H"
"106",105,0.13875,0.00115,0.00235,0.85775,"Netlogo_H_12","Net_H"
"107",106,0.1409,0.00115,0.00225,0.8557,"Netlogo_H_12","Net_H"
"108",107,0.14415,0.00125,0.0021,0.8525,"Netlogo_H_12","Net_H"
"109",108,0.1468,0.00115,0.00205,0.85,"Netlogo_H_12","Net_H"
"110",109,0.14965,0.0011,0.00185,0.8474,"Netlogo_H_12","Net_H"
"111",110,0.15165,0.00125,0.00185,0.84525,"Netlogo_H_12","Net_H"
"112",111,0.1535,0.00135,0.00195,0.8432,"Netlogo_H_12","Net_H"
"113",112,0.1559,0.0012,0.00185,0.84105,"Netlogo_H_12","Net_H"
"114",113,0.15965,0.00115,0.0018,0.8374,"Netlogo_H_12","Net_H"
"115",114,0.1621,9e-04,0.0019,0.8351,"Netlogo_H_12","Net_H"
"116",115,0.16465,0.00075,0.00195,0.83265,"Netlogo_H_12","Net_H"
"117",116,0.16725,0.00085,0.0018,0.8301,"Netlogo_H_12","Net_H"
"118",117,0.16975,0.00095,0.00155,0.82775,"Netlogo_H_12","Net_H"
"119",118,0.17225,0.00105,0.0013,0.8254,"Netlogo_H_12","Net_H"
"120",119,0.17525,0.00085,0.00125,0.82265,"Netlogo_H_12","Net_H"
"121",120,0.17715,8e-04,0.0013,0.82075,"Netlogo_H_12","Net_H"
"122",121,0.1802,0.00075,0.0014,0.81765,"Netlogo_H_12","Net_H"
"123",122,0.18265,0.00065,0.00145,0.81525,"Netlogo_H_12","Net_H"
"124",123,0.1844,0.00065,0.0013,0.81365,"Netlogo_H_12","Net_H"
"125",124,0.1861,0.00065,0.0013,0.81195,"Netlogo_H_12","Net_H"
"126",125,0.1884,0.00075,0.00115,0.8097,"Netlogo_H_12","Net_H"
"127",126,0.1902,0.00065,0.00125,0.8079,"Netlogo_H_12","Net_H"
"128",127,0.19205,0.00075,0.0011,0.8061,"Netlogo_H_12","Net_H"
"129",128,0.1944,0.001,0.00105,0.80355,"Netlogo_H_12","Net_H"
"130",129,0.1964,0.001,0.00115,0.80145,"Netlogo_H_12","Net_H"
"131",130,0.1988,0.0014,8e-04,0.799,"Netlogo_H_12","Net_H"
"132",131,0.20145,0.0013,0.00075,0.7965,"Netlogo_H_12","Net_H"
"133",132,0.20425,9e-04,0.00115,0.7937,"Netlogo_H_12","Net_H"
"134",133,0.20655,0.00085,0.0012,0.7914,"Netlogo_H_12","Net_H"
"135",134,0.2085,0.00085,0.00135,0.7893,"Netlogo_H_12","Net_H"
"136",135,0.21085,0.00095,0.0014,0.7868,"Netlogo_H_12","Net_H"
"137",136,0.2132,9e-04,0.00145,0.78445,"Netlogo_H_12","Net_H"
"138",137,0.2151,0.00065,0.00145,0.7828,"Netlogo_H_12","Net_H"
"139",138,0.2169,8e-04,0.00135,0.78095,"Netlogo_H_12","Net_H"
"140",139,0.2192,0.00085,0.0013,0.77865,"Netlogo_H_12","Net_H"
"141",140,0.22145,0.001,0.0013,0.77625,"Netlogo_H_12","Net_H"
"142",141,0.22305,0.00095,0.0013,0.7747,"Netlogo_H_12","Net_H"
"143",142,0.2255,0.00105,0.00135,0.7721,"Netlogo_H_12","Net_H"
"144",143,0.22745,0.0011,0.0013,0.77015,"Netlogo_H_12","Net_H"
"145",144,0.2289,0.00105,0.00145,0.7686,"Netlogo_H_12","Net_H"
"146",145,0.2302,0.00105,0.0016,0.76715,"Netlogo_H_12","Net_H"
"147",146,0.23225,0.00115,0.0018,0.7648,"Netlogo_H_12","Net_H"
"148",147,0.2344,0.0011,0.00195,0.76255,"Netlogo_H_12","Net_H"
"149",148,0.2366,8e-04,0.0023,0.7603,"Netlogo_H_12","Net_H"
"150",149,0.23915,0.00075,0.00225,0.75785,"Netlogo_H_12","Net_H"
"151",150,0.2409,0.00105,0.0023,0.75575,"Netlogo_H_12","Net_H"
"152",151,0.2434,0.00115,0.0022,0.75325,"Netlogo_H_12","Net_H"
"153",152,0.24595,0.0011,0.00235,0.7506,"Netlogo_H_12","Net_H"
"154",153,0.2479,0.00115,0.00225,0.7487,"Netlogo_H_12","Net_H"
"155",154,0.2495,0.00135,0.002,0.74715,"Netlogo_H_12","Net_H"
"156",155,0.2508,0.00155,0.00205,0.7456,"Netlogo_H_12","Net_H"
"157",156,0.25235,0.0015,0.0023,0.74385,"Netlogo_H_12","Net_H"
"158",157,0.25395,0.00155,0.0025,0.742,"Netlogo_H_12","Net_H"
"159",158,0.25605,0.00195,0.0025,0.7395,"Netlogo_H_12","Net_H"
"160",159,0.2582,0.00195,0.0024,0.73745,"Netlogo_H_12","Net_H"
"161",160,0.2597,0.0018,0.0027,0.7358,"Netlogo_H_12","Net_H"
"162",161,0.26145,0.00175,0.00265,0.73415,"Netlogo_H_12","Net_H"
"163",162,0.26285,0.0018,0.00255,0.7328,"Netlogo_H_12","Net_H"
"164",163,0.2648,0.00195,0.00275,0.7305,"Netlogo_H_12","Net_H"
"165",164,0.26635,0.0018,0.00285,0.729,"Netlogo_H_12","Net_H"
"166",165,0.26845,0.00195,0.0026,0.727,"Netlogo_H_12","Net_H"
"167",166,0.2696,0.00235,0.00255,0.7255,"Netlogo_H_12","Net_H"
"168",167,0.2709,0.00195,0.00295,0.7242,"Netlogo_H_12","Net_H"
"169",168,0.2725,0.00225,0.003,0.72225,"Netlogo_H_12","Net_H"
"170",169,0.27375,0.0026,0.00295,0.7207,"Netlogo_H_12","Net_H"
"171",170,0.27525,0.0028,0.00295,0.719,"Netlogo_H_12","Net_H"
"172",171,0.2766,0.0027,0.00315,0.71755,"Netlogo_H_12","Net_H"
"173",172,0.27795,0.00255,0.0036,0.7159,"Netlogo_H_12","Net_H"
"174",173,0.27925,0.0025,0.004,0.71425,"Netlogo_H_12","Net_H"
"175",174,0.28035,0.00275,0.0039,0.713,"Netlogo_H_12","Net_H"
"176",175,0.2818,0.00295,0.00385,0.7114,"Netlogo_H_12","Net_H"
"177",176,0.28275,0.00375,0.0041,0.7094,"Netlogo_H_12","Net_H"
"178",177,0.2844,0.004,0.0043,0.7073,"Netlogo_H_12","Net_H"
"179",178,0.28565,0.0044,0.0042,0.70575,"Netlogo_H_12","Net_H"
"180",179,0.2874,0.00375,0.0046,0.70425,"Netlogo_H_12","Net_H"
"181",180,0.2875,0.0042,0.00485,0.70345,"Netlogo_H_12","Net_H"
"182",181,0.2888,0.0043,0.00495,0.70195,"Netlogo_H_12","Net_H"
"183",182,0.29005,0.00415,0.0055,0.7003,"Netlogo_H_12","Net_H"
"184",183,0.2919,0.0038,0.0064,0.6979,"Netlogo_H_12","Net_H"
"185",184,0.2925,0.00445,0.00635,0.6967,"Netlogo_H_12","Net_H"
"186",185,0.2929,0.0047,0.0063,0.6961,"Netlogo_H_12","Net_H"
"187",186,0.29365,0.00485,0.00665,0.69485,"Netlogo_H_12","Net_H"
"188",187,0.2941,0.0048,0.00675,0.69435,"Netlogo_H_12","Net_H"
"189",188,0.2948,0.00475,0.0074,0.69305,"Netlogo_H_12","Net_H"
"190",189,0.29625,0.0048,0.00765,0.6913,"Netlogo_H_12","Net_H"
"191",190,0.297,0.00515,0.0079,0.68995,"Netlogo_H_12","Net_H"
"192",191,0.29695,0.00605,0.008,0.689,"Netlogo_H_12","Net_H"
"193",192,0.2971,0.0064,0.00805,0.68845,"Netlogo_H_12","Net_H"
"194",193,0.297,0.0068,0.0085,0.6877,"Netlogo_H_12","Net_H"
"195",194,0.29715,0.0071,0.00845,0.6873,"Netlogo_H_12","Net_H"
"196",195,0.2978,0.0069,0.00925,0.68605,"Netlogo_H_12","Net_H"
"197",196,0.29845,0.0071,0.0097,0.68475,"Netlogo_H_12","Net_H"
"198",197,0.2981,0.0076,0.0099,0.6844,"Netlogo_H_12","Net_H"
"199",198,0.2984,0.0075,0.0107,0.6834,"Netlogo_H_12","Net_H"
"200",199,0.2981,0.0083,0.0113,0.6823,"Netlogo_H_12","Net_H"
"201",200,0.2969,0.01,0.0115,0.6816,"Netlogo_H_12","Net_H"
"202",201,0.2965,0.01025,0.012,0.68125,"Netlogo_H_12","Net_H"
"203",202,0.29645,0.01055,0.0126,0.6804,"Netlogo_H_12","Net_H"
"204",203,0.29575,0.01135,0.0134,0.6795,"Netlogo_H_12","Net_H"
"205",204,0.29465,0.0117,0.01455,0.6791,"Netlogo_H_12","Net_H"
"206",205,0.2943,0.01275,0.0146,0.67835,"Netlogo_H_12","Net_H"
"207",206,0.2939,0.0133,0.01515,0.67765,"Netlogo_H_12","Net_H"
"208",207,0.293,0.01345,0.0165,0.67705,"Netlogo_H_12","Net_H"
"209",208,0.2919,0.0139,0.01735,0.67685,"Netlogo_H_12","Net_H"
"210",209,0.29085,0.0139,0.0183,0.67695,"Netlogo_H_12","Net_H"
"211",210,0.2895,0.0144,0.0199,0.6762,"Netlogo_H_12","Net_H"
"212",211,0.28785,0.0153,0.0207,0.67615,"Netlogo_H_12","Net_H"
"213",212,0.2857,0.01575,0.02145,0.6771,"Netlogo_H_12","Net_H"
"214",213,0.2833,0.0182,0.02125,0.67725,"Netlogo_H_12","Net_H"
"215",214,0.2812,0.01925,0.0228,0.67675,"Netlogo_H_12","Net_H"
"216",215,0.2791,0.01925,0.0243,0.67735,"Netlogo_H_12","Net_H"
"217",216,0.2756,0.02015,0.026,0.67825,"Netlogo_H_12","Net_H"
"218",217,0.273,0.02035,0.0273,0.67935,"Netlogo_H_12","Net_H"
"219",218,0.2706,0.0197,0.02905,0.68065,"Netlogo_H_12","Net_H"
"220",219,0.26775,0.0199,0.0309,0.68145,"Netlogo_H_12","Net_H"
"221",220,0.2648,0.0207,0.03205,0.68245,"Netlogo_H_12","Net_H"
"222",221,0.2618,0.02145,0.03305,0.6837,"Netlogo_H_12","Net_H"
"223",222,0.25835,0.0228,0.03415,0.6847,"Netlogo_H_12","Net_H"
"224",223,0.2535,0.0242,0.0352,0.6871,"Netlogo_H_12","Net_H"
"225",224,0.2496,0.02525,0.03595,0.6892,"Netlogo_H_12","Net_H"
"226",225,0.24605,0.027,0.03625,0.6907,"Netlogo_H_12","Net_H"
"227",226,0.2423,0.0267,0.0378,0.6932,"Netlogo_H_12","Net_H"
"228",227,0.23795,0.02645,0.03925,0.69635,"Netlogo_H_12","Net_H"
"229",228,0.2333,0.02705,0.04135,0.6983,"Netlogo_H_12","Net_H"
"230",229,0.2282,0.02905,0.0423,0.70045,"Netlogo_H_12","Net_H"
"231",230,0.22345,0.03025,0.0435,0.7028,"Netlogo_H_12","Net_H"
"232",231,0.2195,0.0291,0.04595,0.70545,"Netlogo_H_12","Net_H"
"233",232,0.2145,0.02945,0.04825,0.7078,"Netlogo_H_12","Net_H"
"234",233,0.2089,0.0312,0.04805,0.71185,"Netlogo_H_12","Net_H"
"235",234,0.2042,0.0312,0.0487,0.7159,"Netlogo_H_12","Net_H"
"236",235,0.19995,0.03015,0.049,0.7209,"Netlogo_H_12","Net_H"
"237",236,0.19575,0.0299,0.0497,0.72465,"Netlogo_H_12","Net_H"
"238",237,0.1923,0.0286,0.05,0.7291,"Netlogo_H_12","Net_H"
"239",238,0.1884,0.0289,0.0513,0.7314,"Netlogo_H_12","Net_H"
"240",239,0.1852,0.029,0.05195,0.73385,"Netlogo_H_12","Net_H"
"241",240,0.18115,0.03145,0.0508,0.7366,"Netlogo_H_12","Net_H"
"242",241,0.17805,0.03055,0.0516,0.7398,"Netlogo_H_12","Net_H"
"243",242,0.17335,0.03135,0.05265,0.74265,"Netlogo_H_12","Net_H"
"244",243,0.16975,0.03025,0.0547,0.7453,"Netlogo_H_12","Net_H"
"245",244,0.1684,0.03005,0.05375,0.7478,"Netlogo_H_12","Net_H"
"246",245,0.16485,0.0295,0.054,0.75165,"Netlogo_H_12","Net_H"
"247",246,0.16215,0.0296,0.05405,0.7542,"Netlogo_H_12","Net_H"
"248",247,0.1598,0.0301,0.05245,0.75765,"Netlogo_H_12","Net_H"
"249",248,0.1579,0.0285,0.0522,0.7614,"Netlogo_H_12","Net_H"
"250",249,0.15495,0.0277,0.05325,0.7641,"Netlogo_H_12","Net_H"
"251",250,0.15345,0.0268,0.05205,0.7677,"Netlogo_H_12","Net_H"
"252",251,0.15115,0.0258,0.05165,0.7714,"Netlogo_H_12","Net_H"
"253",252,0.14865,0.02565,0.05115,0.77455,"Netlogo_H_12","Net_H"
"254",253,0.14725,0.0247,0.0499,0.77815,"Netlogo_H_12","Net_H"
"255",254,0.1461,0.0242,0.05025,0.77945,"Netlogo_H_12","Net_H"
"256",255,0.1441,0.0225,0.05005,0.78335,"Netlogo_H_12","Net_H"
"257",256,0.14225,0.02165,0.05,0.7861,"Netlogo_H_12","Net_H"
"258",257,0.14075,0.0219,0.0498,0.78755,"Netlogo_H_12","Net_H"
"259",258,0.13875,0.02295,0.04755,0.79075,"Netlogo_H_12","Net_H"
"260",259,0.1383,0.0224,0.04615,0.79315,"Netlogo_H_12","Net_H"
"261",260,0.1377,0.0219,0.0456,0.7948,"Netlogo_H_12","Net_H"
"262",261,0.13635,0.02165,0.0451,0.7969,"Netlogo_H_12","Net_H"
"263",262,0.13495,0.02125,0.04415,0.79965,"Netlogo_H_12","Net_H"
"264",263,0.13455,0.0194,0.04455,0.8015,"Netlogo_H_12","Net_H"
"265",264,0.13385,0.01895,0.0449,0.8023,"Netlogo_H_12","Net_H"
"266",265,0.13355,0.0187,0.04335,0.8044,"Netlogo_H_12","Net_H"
"267",266,0.13265,0.01915,0.0413,0.8069,"Netlogo_H_12","Net_H"
"268",267,0.1325,0.0188,0.04015,0.80855,"Netlogo_H_12","Net_H"
"269",268,0.1323,0.01765,0.04005,0.81,"Netlogo_H_12","Net_H"
"270",269,0.13325,0.01595,0.0401,0.8107,"Netlogo_H_12","Net_H"
"271",270,0.1331,0.01655,0.0381,0.81225,"Netlogo_H_12","Net_H"
"272",271,0.1339,0.016,0.03615,0.81395,"Netlogo_H_12","Net_H"
"273",272,0.13435,0.0159,0.03445,0.8153,"Netlogo_H_12","Net_H"
"274",273,0.13535,0.0153,0.0332,0.81615,"Netlogo_H_12","Net_H"
"275",274,0.1367,0.0146,0.033,0.8157,"Netlogo_H_12","Net_H"
"276",275,0.1373,0.01435,0.0328,0.81555,"Netlogo_H_12","Net_H"
"277",276,0.1376,0.01415,0.0317,0.81655,"Netlogo_H_12","Net_H"
"278",277,0.1392,0.01365,0.03105,0.8161,"Netlogo_H_12","Net_H"
"279",278,0.1412,0.01225,0.0307,0.81585,"Netlogo_H_12","Net_H"
"280",279,0.1427,0.01215,0.03085,0.8143,"Netlogo_H_12","Net_H"
"281",280,0.14455,0.01305,0.0301,0.8123,"Netlogo_H_12","Net_H"
"282",281,0.1465,0.01285,0.0286,0.81205,"Netlogo_H_12","Net_H"
"283",282,0.1483,0.01255,0.0275,0.81165,"Netlogo_H_12","Net_H"
"284",283,0.1487,0.01265,0.02595,0.8127,"Netlogo_H_12","Net_H"
"285",284,0.1495,0.01305,0.0256,0.81185,"Netlogo_H_12","Net_H"
"286",285,0.1515,0.0116,0.02615,0.81075,"Netlogo_H_12","Net_H"
"287",286,0.15365,0.012,0.0251,0.80925,"Netlogo_H_12","Net_H"
"288",287,0.1562,0.0112,0.02405,0.80855,"Netlogo_H_12","Net_H"
"289",288,0.158,0.01085,0.02415,0.807,"Netlogo_H_12","Net_H"
"290",289,0.1605,0.01105,0.0231,0.80535,"Netlogo_H_12","Net_H"
"291",290,0.16185,0.0108,0.0225,0.80485,"Netlogo_H_12","Net_H"
"292",291,0.1632,0.01055,0.0225,0.80375,"Netlogo_H_12","Net_H"
"293",292,0.16565,0.01075,0.0219,0.8017,"Netlogo_H_12","Net_H"
"294",293,0.1678,0.01115,0.0213,0.79975,"Netlogo_H_12","Net_H"
"295",294,0.1707,0.0104,0.0213,0.7976,"Netlogo_H_12","Net_H"
"296",295,0.1722,0.0108,0.0209,0.7961,"Netlogo_H_12","Net_H"
"297",296,0.1749,0.01075,0.0207,0.79365,"Netlogo_H_12","Net_H"
"298",297,0.1763,0.0105,0.02075,0.79245,"Netlogo_H_12","Net_H"
"299",298,0.1786,0.00995,0.0211,0.79035,"Netlogo_H_12","Net_H"
"300",299,0.18045,0.01045,0.0207,0.7884,"Netlogo_H_12","Net_H"
"301",300,0.182,0.01075,0.0206,0.78665,"Netlogo_H_12","Net_H"
"302",301,0.1833,0.01145,0.0204,0.78485,"Netlogo_H_12","Net_H"
"303",302,0.18475,0.012,0.02,0.78325,"Netlogo_H_12","Net_H"
"304",303,0.1863,0.0127,0.02045,0.78055,"Netlogo_H_12","Net_H"
"305",304,0.18745,0.01225,0.0218,0.7785,"Netlogo_H_12","Net_H"
"306",305,0.1896,0.0115,0.0214,0.7775,"Netlogo_H_12","Net_H"
"307",306,0.1914,0.0116,0.0207,0.7763,"Netlogo_H_12","Net_H"
"308",307,0.1926,0.01115,0.02125,0.775,"Netlogo_H_12","Net_H"
"309",308,0.1943,0.01065,0.02175,0.7733,"Netlogo_H_12","Net_H"
"310",309,0.1953,0.01145,0.021,0.77225,"Netlogo_H_12","Net_H"
"311",310,0.1961,0.0115,0.0212,0.7712,"Netlogo_H_12","Net_H"
"312",311,0.1981,0.0114,0.0221,0.7684,"Netlogo_H_12","Net_H"
"313",312,0.2001,0.01105,0.0224,0.76645,"Netlogo_H_12","Net_H"
"314",313,0.2023,0.01145,0.0222,0.76405,"Netlogo_H_12","Net_H"
"315",314,0.204,0.01225,0.0221,0.76165,"Netlogo_H_12","Net_H"
"316",315,0.205,0.0131,0.02195,0.75995,"Netlogo_H_12","Net_H"
"317",316,0.20595,0.0133,0.0216,0.75915,"Netlogo_H_12","Net_H"
"318",317,0.20735,0.0139,0.02195,0.7568,"Netlogo_H_12","Net_H"
"319",318,0.2093,0.01415,0.02225,0.7543,"Netlogo_H_12","Net_H"
"320",319,0.2115,0.0131,0.0221,0.7533,"Netlogo_H_12","Net_H"
"321",320,0.2125,0.013,0.02275,0.75175,"Netlogo_H_12","Net_H"
"322",321,0.21315,0.01325,0.02305,0.75055,"Netlogo_H_12","Net_H"
"323",322,0.2139,0.01275,0.0236,0.74975,"Netlogo_H_12","Net_H"
"324",323,0.2151,0.0122,0.0242,0.7485,"Netlogo_H_12","Net_H"
"325",324,0.2156,0.0126,0.02425,0.74755,"Netlogo_H_12","Net_H"
"326",325,0.21755,0.013,0.0245,0.74495,"Netlogo_H_12","Net_H"
"327",326,0.2176,0.0147,0.02415,0.74355,"Netlogo_H_12","Net_H"
"328",327,0.2173,0.01625,0.0231,0.74335,"Netlogo_H_12","Net_H"
"329",328,0.21785,0.01615,0.02425,0.74175,"Netlogo_H_12","Net_H"
"330",329,0.21755,0.0165,0.02535,0.7406,"Netlogo_H_12","Net_H"
"331",330,0.2179,0.01645,0.02655,0.7391,"Netlogo_H_12","Net_H"
"332",331,0.2182,0.0157,0.02725,0.73885,"Netlogo_H_12","Net_H"
"333",332,0.2198,0.0161,0.02775,0.73635,"Netlogo_H_12","Net_H"
"334",333,0.21845,0.01785,0.0276,0.7361,"Netlogo_H_12","Net_H"
"335",334,0.21805,0.0193,0.0274,0.73525,"Netlogo_H_12","Net_H"
"336",335,0.21835,0.01875,0.0283,0.7346,"Netlogo_H_12","Net_H"
"337",336,0.21845,0.019,0.02895,0.7336,"Netlogo_H_12","Net_H"
"338",337,0.21805,0.0188,0.02935,0.7338,"Netlogo_H_12","Net_H"
"339",338,0.2175,0.01785,0.03065,0.734,"Netlogo_H_12","Net_H"
"340",339,0.2171,0.01825,0.03065,0.734,"Netlogo_H_12","Net_H"
"341",340,0.21685,0.01755,0.03155,0.73405,"Netlogo_H_12","Net_H"
"342",341,0.2154,0.01925,0.031,0.73435,"Netlogo_H_12","Net_H"
"343",342,0.2152,0.01965,0.03135,0.7338,"Netlogo_H_12","Net_H"
"344",343,0.21435,0.0204,0.0321,0.73315,"Netlogo_H_12","Net_H"
"345",344,0.21475,0.0205,0.0328,0.73195,"Netlogo_H_12","Net_H"
"346",345,0.2139,0.0215,0.03255,0.73205,"Netlogo_H_12","Net_H"
"347",346,0.21325,0.0222,0.0331,0.73145,"Netlogo_H_12","Net_H"
"348",347,0.21305,0.02145,0.03345,0.73205,"Netlogo_H_12","Net_H"
"349",348,0.212,0.0223,0.0344,0.7313,"Netlogo_H_12","Net_H"
"350",349,0.2123,0.02195,0.03505,0.7307,"Netlogo_H_12","Net_H"
"351",350,0.2115,0.0218,0.03665,0.73005,"Netlogo_H_12","Net_H"
"352",351,0.2096,0.0232,0.03775,0.72945,"Netlogo_H_12","Net_H"
"353",352,0.207,0.0247,0.0384,0.7299,"Netlogo_H_12","Net_H"
"354",353,0.2057,0.02445,0.03855,0.7313,"Netlogo_H_12","Net_H"
"355",354,0.204,0.02555,0.04015,0.7303,"Netlogo_H_12","Net_H"
"356",355,0.20265,0.02625,0.0399,0.7312,"Netlogo_H_12","Net_H"
"357",356,0.20015,0.0268,0.04055,0.7325,"Netlogo_H_12","Net_H"
"358",357,0.19935,0.02555,0.0422,0.7329,"Netlogo_H_12","Net_H"
"359",358,0.1977,0.02545,0.0435,0.73335,"Netlogo_H_12","Net_H"
"360",359,0.1965,0.0245,0.04485,0.73415,"Netlogo_H_12","Net_H"
"361",360,0.19525,0.02515,0.04545,0.73415,"Netlogo_H_12","Net_H"
"362",361,0.19315,0.02575,0.0443,0.7368,"Netlogo_H_12","Net_H"
"363",362,0.19215,0.02545,0.04425,0.73815,"Netlogo_H_12","Net_H"
"364",363,0.191,0.0252,0.0451,0.7387,"Netlogo_H_12","Net_H"
"365",364,0.18905,0.02545,0.04535,0.74015,"Netlogo_H_12","Net_H"
"366",365,0.1883,0.0247,0.0463,0.7407,"Netlogo_H_12","Net_H"
"367",366,0.18745,0.02535,0.04545,0.74175,"Netlogo_H_12","Net_H"
"368",367,0.18605,0.0264,0.04355,0.744,"Netlogo_H_12","Net_H"
"369",368,0.18495,0.0259,0.0445,0.74465,"Netlogo_H_12","Net_H"
"370",369,0.1842,0.02485,0.04465,0.7463,"Netlogo_H_12","Net_H"
"371",370,0.18305,0.0244,0.04505,0.7475,"Netlogo_H_12","Net_H"
"372",371,0.181,0.025,0.04445,0.74955,"Netlogo_H_12","Net_H"
"373",372,0.18065,0.02565,0.04435,0.74935,"Netlogo_H_12","Net_H"
"374",373,0.17905,0.0253,0.0442,0.75145,"Netlogo_H_12","Net_H"
"375",374,0.1776,0.0256,0.04395,0.75285,"Netlogo_H_12","Net_H"
"376",375,0.1769,0.0249,0.04455,0.75365,"Netlogo_H_12","Net_H"
"377",376,0.1753,0.02595,0.043,0.75575,"Netlogo_H_12","Net_H"
"378",377,0.1738,0.0263,0.0435,0.7564,"Netlogo_H_12","Net_H"
"379",378,0.1728,0.0253,0.0431,0.7588,"Netlogo_H_12","Net_H"
"380",379,0.1717,0.02455,0.0438,0.75995,"Netlogo_H_12","Net_H"
"381",380,0.17035,0.0242,0.04465,0.7608,"Netlogo_H_12","Net_H"
"382",381,0.16955,0.02445,0.0453,0.7607,"Netlogo_H_12","Net_H"
"383",382,0.1688,0.02405,0.0462,0.76095,"Netlogo_H_12","Net_H"
"384",383,0.16905,0.0236,0.0458,0.76155,"Netlogo_H_12","Net_H"
"385",384,0.16855,0.0235,0.04525,0.7627,"Netlogo_H_12","Net_H"
"386",385,0.16785,0.0237,0.0451,0.76335,"Netlogo_H_12","Net_H"
"387",386,0.16835,0.02265,0.0442,0.7648,"Netlogo_H_12","Net_H"
"388",387,0.1671,0.02245,0.0443,0.76615,"Netlogo_H_12","Net_H"
"389",388,0.16685,0.0214,0.0434,0.76835,"Netlogo_H_12","Net_H"
"390",389,0.16695,0.0211,0.0429,0.76905,"Netlogo_H_12","Net_H"
"391",390,0.16675,0.02025,0.0435,0.7695,"Netlogo_H_12","Net_H"
"392",391,0.16625,0.0208,0.0425,0.77045,"Netlogo_H_12","Net_H"
"393",392,0.1675,0.0201,0.0417,0.7707,"Netlogo_H_12","Net_H"
"394",393,0.1685,0.02085,0.04105,0.7696,"Netlogo_H_12","Net_H"
"395",394,0.1692,0.02,0.0393,0.7715,"Netlogo_H_12","Net_H"
"396",395,0.16975,0.019,0.03905,0.7722,"Netlogo_H_12","Net_H"
"397",396,0.169,0.01985,0.03795,0.7732,"Netlogo_H_12","Net_H"
"398",397,0.1702,0.01905,0.0375,0.77325,"Netlogo_H_12","Net_H"
"399",398,0.17145,0.01835,0.037,0.7732,"Netlogo_H_12","Net_H"
"400",399,0.1717,0.01855,0.0365,0.77325,"Netlogo_H_12","Net_H"
"401",400,0.17135,0.01915,0.0358,0.7737,"Netlogo_H_12","Net_H"
"402",401,0.1723,0.0191,0.03545,0.77315,"Netlogo_H_12","Net_H"
"403",402,0.1723,0.01935,0.03525,0.7731,"Netlogo_H_12","Net_H"
"404",403,0.1726,0.01945,0.03595,0.772,"Netlogo_H_12","Net_H"
"405",404,0.17385,0.0183,0.03665,0.7712,"Netlogo_H_12","Net_H"
"406",405,0.17445,0.01835,0.0375,0.7697,"Netlogo_H_12","Net_H"
"407",406,0.17555,0.01865,0.0375,0.7683,"Netlogo_H_12","Net_H"
"408",407,0.1761,0.0191,0.0383,0.7665,"Netlogo_H_12","Net_H"
"409",408,0.1767,0.01905,0.0376,0.76665,"Netlogo_H_12","Net_H"
"410",409,0.1758,0.01905,0.0379,0.76725,"Netlogo_H_12","Net_H"
"411",410,0.176,0.01965,0.03705,0.7673,"Netlogo_H_12","Net_H"
"412",411,0.17445,0.0209,0.03575,0.7689,"Netlogo_H_12","Net_H"
"413",412,0.17515,0.02085,0.03565,0.76835,"Netlogo_H_12","Net_H"
"414",413,0.17575,0.0211,0.03555,0.7676,"Netlogo_H_12","Net_H"
"415",414,0.1767,0.0205,0.03625,0.76655,"Netlogo_H_12","Net_H"
"416",415,0.17605,0.0204,0.03645,0.7671,"Netlogo_H_12","Net_H"
"417",416,0.17605,0.02115,0.0367,0.7661,"Netlogo_H_12","Net_H"
"418",417,0.17705,0.0215,0.03685,0.7646,"Netlogo_H_12","Net_H"
"419",418,0.1781,0.0202,0.0382,0.7635,"Netlogo_H_12","Net_H"
"420",419,0.17825,0.0201,0.03905,0.7626,"Netlogo_H_12","Net_H"
"421",420,0.17835,0.0212,0.038,0.76245,"Netlogo_H_12","Net_H"
"422",421,0.1786,0.0219,0.03705,0.76245,"Netlogo_H_12","Net_H"
"423",422,0.17885,0.02195,0.0373,0.7619,"Netlogo_H_12","Net_H"
"424",423,0.1795,0.0215,0.03705,0.76195,"Netlogo_H_12","Net_H"
"425",424,0.18025,0.02095,0.03725,0.76155,"Netlogo_H_12","Net_H"
"426",425,0.1811,0.0198,0.0388,0.7603,"Netlogo_H_12","Net_H"
"427",426,0.1807,0.01985,0.0395,0.75995,"Netlogo_H_12","Net_H"
"428",427,0.1812,0.0193,0.03905,0.76045,"Netlogo_H_12","Net_H"
"429",428,0.1804,0.0197,0.0391,0.7608,"Netlogo_H_12","Net_H"
"430",429,0.1811,0.02045,0.0385,0.75995,"Netlogo_H_12","Net_H"
"431",430,0.18105,0.0205,0.0378,0.76065,"Netlogo_H_12","Net_H"
"432",431,0.1811,0.0198,0.0377,0.7614,"Netlogo_H_12","Net_H"
"433",432,0.18025,0.0206,0.03835,0.7608,"Netlogo_H_12","Net_H"
"434",433,0.18005,0.0212,0.03755,0.7612,"Netlogo_H_12","Net_H"
"435",434,0.18095,0.0212,0.03745,0.7604,"Netlogo_H_12","Net_H"
"436",435,0.1805,0.0219,0.037,0.7606,"Netlogo_H_12","Net_H"
"437",436,0.18135,0.0207,0.037,0.76095,"Netlogo_H_12","Net_H"
"438",437,0.18185,0.02025,0.0371,0.7608,"Netlogo_H_12","Net_H"
"439",438,0.18355,0.02015,0.0365,0.7598,"Netlogo_H_12","Net_H"
"440",439,0.18375,0.0195,0.0375,0.75925,"Netlogo_H_12","Net_H"
"441",440,0.1838,0.02035,0.0378,0.75805,"Netlogo_H_12","Net_H"
"442",441,0.18395,0.02015,0.0372,0.7587,"Netlogo_H_12","Net_H"
"443",442,0.1843,0.02125,0.03705,0.7574,"Netlogo_H_12","Net_H"
"444",443,0.1844,0.02115,0.0375,0.75695,"Netlogo_H_12","Net_H"
"445",444,0.1837,0.0221,0.03655,0.75765,"Netlogo_H_12","Net_H"
"446",445,0.18425,0.02115,0.03695,0.75765,"Netlogo_H_12","Net_H"
"447",446,0.18495,0.02035,0.037,0.7577,"Netlogo_H_12","Net_H"
"448",447,0.1851,0.02075,0.0357,0.75845,"Netlogo_H_12","Net_H"
"449",448,0.18565,0.021,0.0359,0.75745,"Netlogo_H_12","Net_H"
"450",449,0.1859,0.02095,0.0372,0.75595,"Netlogo_H_12","Net_H"
"451",450,0.1863,0.02065,0.03725,0.7558,"Netlogo_H_12","Net_H"
"452",451,0.18625,0.0206,0.03665,0.7565,"Netlogo_H_12","Net_H"
"453",452,0.18605,0.02045,0.0364,0.7571,"Netlogo_H_12","Net_H"
"454",453,0.18555,0.02115,0.0361,0.7572,"Netlogo_H_12","Net_H"
"455",454,0.18565,0.02175,0.03615,0.75645,"Netlogo_H_12","Net_H"
"456",455,0.18485,0.02125,0.03675,0.75715,"Netlogo_H_12","Net_H"
"457",456,0.18535,0.02045,0.0381,0.7561,"Netlogo_H_12","Net_H"
"458",457,0.1852,0.02035,0.0386,0.75585,"Netlogo_H_12","Net_H"
"459",458,0.18465,0.02065,0.03915,0.75555,"Netlogo_H_12","Net_H"
"460",459,0.18355,0.0209,0.0395,0.75605,"Netlogo_H_12","Net_H"
"461",460,0.18275,0.0218,0.0385,0.75695,"Netlogo_H_12","Net_H"
"462",461,0.1834,0.02055,0.03905,0.757,"Netlogo_H_12","Net_H"
"463",462,0.18205,0.0219,0.0384,0.75765,"Netlogo_H_12","Net_H"
"464",463,0.18135,0.0214,0.03895,0.7583,"Netlogo_H_12","Net_H"
"465",464,0.18075,0.0219,0.03855,0.7588,"Netlogo_H_12","Net_H"
"466",465,0.1801,0.02105,0.03935,0.7595,"Netlogo_H_12","Net_H"
"467",466,0.18075,0.0211,0.03895,0.7592,"Netlogo_H_12","Net_H"
"468",467,0.1806,0.02145,0.0393,0.75865,"Netlogo_H_12","Net_H"
"469",468,0.18075,0.0222,0.03845,0.7586,"Netlogo_H_12","Net_H"
"470",469,0.18,0.02285,0.03845,0.7587,"Netlogo_H_12","Net_H"
"471",470,0.17965,0.0226,0.03945,0.7583,"Netlogo_H_12","Net_H"
"472",471,0.1796,0.02205,0.04075,0.7576,"Netlogo_H_12","Net_H"
"473",472,0.17895,0.0221,0.0406,0.75835,"Netlogo_H_12","Net_H"
"474",473,0.17845,0.0221,0.04055,0.7589,"Netlogo_H_12","Net_H"
"475",474,0.1776,0.02295,0.04,0.75945,"Netlogo_H_12","Net_H"
"476",475,0.1775,0.0226,0.0403,0.7596,"Netlogo_H_12","Net_H"
"477",476,0.17675,0.0227,0.04055,0.76,"Netlogo_H_12","Net_H"
"478",477,0.17545,0.0236,0.0396,0.76135,"Netlogo_H_12","Net_H"
"479",478,0.17545,0.02225,0.04095,0.76135,"Netlogo_H_12","Net_H"
"480",479,0.17485,0.0226,0.0414,0.76115,"Netlogo_H_12","Net_H"
"481",480,0.1742,0.02175,0.04105,0.763,"Netlogo_H_12","Net_H"
"482",481,0.17375,0.0221,0.04205,0.7621,"Netlogo_H_12","Net_H"
"483",482,0.1739,0.0216,0.04205,0.76245,"Netlogo_H_12","Net_H"
"484",483,0.17295,0.0222,0.0414,0.76345,"Netlogo_H_12","Net_H"
"485",484,0.1719,0.0226,0.0418,0.7637,"Netlogo_H_12","Net_H"
"486",485,0.1707,0.02215,0.0425,0.76465,"Netlogo_H_12","Net_H"
"487",486,0.16995,0.0239,0.042,0.76415,"Netlogo_H_12","Net_H"
"488",487,0.16895,0.02415,0.0428,0.7641,"Netlogo_H_12","Net_H"
"489",488,0.1685,0.02325,0.04375,0.7645,"Netlogo_H_12","Net_H"
"490",489,0.16765,0.02305,0.0437,0.7656,"Netlogo_H_12","Net_H"
"491",490,0.1662,0.02345,0.04305,0.7673,"Netlogo_H_12","Net_H"
"492",491,0.1664,0.0229,0.04405,0.76665,"Netlogo_H_12","Net_H"
"493",492,0.16615,0.02255,0.04375,0.76755,"Netlogo_H_12","Net_H"
"494",493,0.16675,0.0221,0.04405,0.7671,"Netlogo_H_12","Net_H"
"495",494,0.16615,0.02275,0.04445,0.76665,"Netlogo_H_12","Net_H"
"496",495,0.16645,0.0224,0.0441,0.76705,"Netlogo_H_12","Net_H"
"497",496,0.167,0.0225,0.0437,0.7668,"Netlogo_H_12","Net_H"
"498",497,0.16495,0.02265,0.04345,0.76895,"Netlogo_H_12","Net_H"
"499",498,0.1654,0.02135,0.04405,0.7692,"Netlogo_H_12","Net_H"
"500",499,0.16535,0.02145,0.04415,0.76905,"Netlogo_H_12","Net_H"
"501",500,0.166,0.0216,0.0439,0.7685,"Netlogo_H_12","Net_H"
"502",501,0.16555,0.02065,0.0445,0.7693,"Netlogo_H_12","Net_H"
"503",502,0.16405,0.0215,0.0436,0.77085,"Netlogo_H_12","Net_H"
"504",503,0.1646,0.0218,0.0421,0.7715,"Netlogo_H_12","Net_H"
"505",504,0.16375,0.02145,0.0421,0.7727,"Netlogo_H_12","Net_H"
"506",505,0.1648,0.02105,0.04115,0.773,"Netlogo_H_12","Net_H"
"507",506,0.165,0.0215,0.0408,0.7727,"Netlogo_H_12","Net_H"
"508",507,0.165,0.0209,0.0403,0.7738,"Netlogo_H_12","Net_H"
"509",508,0.1649,0.0211,0.0403,0.7737,"Netlogo_H_12","Net_H"
"510",509,0.1651,0.0211,0.0398,0.774,"Netlogo_H_12","Net_H"
"511",510,0.165,0.0216,0.0394,0.774,"Netlogo_H_12","Net_H"
"512",511,0.16535,0.0213,0.03975,0.7736,"Netlogo_H_12","Net_H"
"513",512,0.16685,0.0206,0.0396,0.77295,"Netlogo_H_12","Net_H"
"514",513,0.16695,0.0207,0.03965,0.7727,"Netlogo_H_12","Net_H"
"515",514,0.1676,0.02035,0.03885,0.7732,"Netlogo_H_12","Net_H"
"516",515,0.16835,0.0196,0.0381,0.77395,"Netlogo_H_12","Net_H"
"517",516,0.1688,0.0191,0.03825,0.77385,"Netlogo_H_12","Net_H"
"518",517,0.16835,0.0199,0.03795,0.7738,"Netlogo_H_12","Net_H"
"519",518,0.16825,0.0204,0.03735,0.774,"Netlogo_H_12","Net_H"
"520",519,0.1678,0.02025,0.038,0.77395,"Netlogo_H_12","Net_H"
"521",520,0.1685,0.0197,0.03825,0.77355,"Netlogo_H_12","Net_H"
"522",521,0.1689,0.02085,0.03665,0.7736,"Netlogo_H_12","Net_H"
"523",522,0.17035,0.0199,0.03665,0.7731,"Netlogo_H_12","Net_H"
"524",523,0.1701,0.0195,0.03695,0.77345,"Netlogo_H_12","Net_H"
"525",524,0.17135,0.0187,0.0367,0.77325,"Netlogo_H_12","Net_H"
"526",525,0.17135,0.0183,0.03605,0.7743,"Netlogo_H_12","Net_H"
"527",526,0.1711,0.01925,0.0358,0.77385,"Netlogo_H_12","Net_H"
"528",527,0.1715,0.01995,0.03555,0.773,"Netlogo_H_12","Net_H"
"529",528,0.17185,0.01905,0.03645,0.77265,"Netlogo_H_12","Net_H"
"530",529,0.17105,0.0191,0.03685,0.773,"Netlogo_H_12","Net_H"
"531",530,0.1717,0.0197,0.0362,0.7724,"Netlogo_H_12","Net_H"
"532",531,0.17115,0.01985,0.0359,0.7731,"Netlogo_H_12","Net_H"
"533",532,0.17185,0.0198,0.03575,0.7726,"Netlogo_H_12","Net_H"
"534",533,0.1735,0.0193,0.03565,0.77155,"Netlogo_H_12","Net_H"
"535",534,0.17375,0.01945,0.03505,0.77175,"Netlogo_H_12","Net_H"
"536",535,0.17515,0.0191,0.0357,0.77005,"Netlogo_H_12","Net_H"
"537",536,0.17575,0.0191,0.0355,0.76965,"Netlogo_H_12","Net_H"
"538",537,0.17615,0.01895,0.03545,0.76945,"Netlogo_H_12","Net_H"
"539",538,0.17645,0.0185,0.03605,0.769,"Netlogo_H_12","Net_H"
"540",539,0.17585,0.0187,0.0356,0.76985,"Netlogo_H_12","Net_H"
"541",540,0.1755,0.0188,0.0353,0.7704,"Netlogo_H_12","Net_H"
"542",541,0.1759,0.0182,0.03555,0.77035,"Netlogo_H_12","Net_H"
"543",542,0.1764,0.01805,0.03555,0.77,"Netlogo_H_12","Net_H"
"544",543,0.17655,0.0193,0.03475,0.7694,"Netlogo_H_12","Net_H"
"545",544,0.1763,0.0192,0.03525,0.76925,"Netlogo_H_12","Net_H"
"546",545,0.17575,0.01935,0.03585,0.76905,"Netlogo_H_12","Net_H"
"547",546,0.17475,0.0191,0.0357,0.77045,"Netlogo_H_12","Net_H"
"548",547,0.175,0.01965,0.0358,0.76955,"Netlogo_H_12","Net_H"
"549",548,0.17415,0.02105,0.034,0.7708,"Netlogo_H_12","Net_H"
"550",549,0.17475,0.0196,0.0341,0.77155,"Netlogo_H_12","Net_H"
"551",550,0.1757,0.01855,0.0343,0.77145,"Netlogo_H_12","Net_H"
"552",551,0.1748,0.0195,0.03365,0.77205,"Netlogo_H_12","Net_H"
"553",552,0.17605,0.0189,0.0341,0.77095,"Netlogo_H_12","Net_H"
"554",553,0.17755,0.018,0.034,0.77045,"Netlogo_H_12","Net_H"
"555",554,0.17825,0.01765,0.0337,0.7704,"Netlogo_H_12","Net_H"
"556",555,0.1792,0.0163,0.03495,0.76955,"Netlogo_H_12","Net_H"
"557",556,0.1805,0.01655,0.0344,0.76855,"Netlogo_H_12","Net_H"
"558",557,0.18005,0.0184,0.03345,0.7681,"Netlogo_H_12","Net_H"
"559",558,0.18085,0.01835,0.03265,0.76815,"Netlogo_H_12","Net_H"
"560",559,0.18125,0.0179,0.034,0.76685,"Netlogo_H_12","Net_H"
"561",560,0.18225,0.0181,0.0328,0.76685,"Netlogo_H_12","Net_H"
"562",561,0.18245,0.0183,0.0322,0.76705,"Netlogo_H_12","Net_H"
"563",562,0.183,0.0188,0.03215,0.76605,"Netlogo_H_12","Net_H"
"564",563,0.18405,0.0182,0.0325,0.76525,"Netlogo_H_12","Net_H"
"565",564,0.18415,0.01835,0.0329,0.7646,"Netlogo_H_12","Net_H"
"566",565,0.1842,0.0188,0.0325,0.7645,"Netlogo_H_12","Net_H"
"567",566,0.1844,0.01895,0.0322,0.76445,"Netlogo_H_12","Net_H"
"568",567,0.1847,0.0186,0.03235,0.76435,"Netlogo_H_12","Net_H"
"569",568,0.18535,0.01865,0.0328,0.7632,"Netlogo_H_12","Net_H"
"570",569,0.18635,0.01825,0.0331,0.7623,"Netlogo_H_12","Net_H"
"571",570,0.18635,0.01835,0.03315,0.76215,"Netlogo_H_12","Net_H"
"572",571,0.18685,0.01935,0.0327,0.7611,"Netlogo_H_12","Net_H"
"573",572,0.1861,0.01955,0.0336,0.76075,"Netlogo_H_12","Net_H"
"574",573,0.1867,0.0191,0.03475,0.75945,"Netlogo_H_12","Net_H"
"575",574,0.18755,0.0193,0.0342,0.75895,"Netlogo_H_12","Net_H"
"576",575,0.18905,0.01795,0.03465,0.75835,"Netlogo_H_12","Net_H"
"577",576,0.18845,0.01935,0.03375,0.75845,"Netlogo_H_12","Net_H"
"578",577,0.1891,0.0192,0.0346,0.7571,"Netlogo_H_12","Net_H"
"579",578,0.1878,0.01925,0.03535,0.7576,"Netlogo_H_12","Net_H"
"580",579,0.1888,0.01905,0.03525,0.7569,"Netlogo_H_12","Net_H"
"581",580,0.1897,0.01865,0.0353,0.75635,"Netlogo_H_12","Net_H"
"582",581,0.18915,0.0196,0.03475,0.7565,"Netlogo_H_12","Net_H"
"583",582,0.18955,0.0199,0.03445,0.7561,"Netlogo_H_12","Net_H"
"584",583,0.1906,0.0195,0.0347,0.7552,"Netlogo_H_12","Net_H"
"585",584,0.1898,0.02025,0.0351,0.75485,"Netlogo_H_12","Net_H"
"586",585,0.19005,0.02095,0.03525,0.75375,"Netlogo_H_12","Net_H"
"587",586,0.18915,0.02145,0.03585,0.75355,"Netlogo_H_12","Net_H"
"588",587,0.18805,0.0212,0.03725,0.7535,"Netlogo_H_12","Net_H"
"589",588,0.1867,0.0214,0.0368,0.7551,"Netlogo_H_12","Net_H"
"590",589,0.18665,0.0211,0.0372,0.75505,"Netlogo_H_12","Net_H"
"591",590,0.18535,0.0212,0.0381,0.75535,"Netlogo_H_12","Net_H"
"592",591,0.18505,0.0217,0.0377,0.75555,"Netlogo_H_12","Net_H"
"593",592,0.18365,0.0232,0.0377,0.75545,"Netlogo_H_12","Net_H"
"594",593,0.18385,0.02265,0.03785,0.75565,"Netlogo_H_12","Net_H"
"595",594,0.1833,0.0228,0.03775,0.75615,"Netlogo_H_12","Net_H"
"596",595,0.1828,0.02275,0.0388,0.75565,"Netlogo_H_12","Net_H"
"597",596,0.18245,0.02315,0.03915,0.75525,"Netlogo_H_12","Net_H"
"598",597,0.18205,0.0241,0.0391,0.75475,"Netlogo_H_12","Net_H"
"599",598,0.1814,0.0244,0.03955,0.75465,"Netlogo_H_12","Net_H"
"600",599,0.1798,0.02465,0.0408,0.75475,"Netlogo_H_12","Net_H"
"601",600,0.1792,0.02495,0.04105,0.7548,"Netlogo_H_12","Net_H"
"602",601,0.17955,0.0246,0.0413,0.75455,"Netlogo_H_12","Net_H"
"603",602,0.17935,0.024,0.04255,0.7541,"Netlogo_H_12","Net_H"
"604",603,0.1802,0.0237,0.0424,0.7537,"Netlogo_H_12","Net_H"
"605",604,0.17985,0.02305,0.04245,0.75465,"Netlogo_H_12","Net_H"
"606",605,0.17835,0.02365,0.04315,0.75485,"Netlogo_H_12","Net_H"
"607",606,0.17785,0.02335,0.04275,0.75605,"Netlogo_H_12","Net_H"
"608",607,0.17715,0.0232,0.0421,0.75755,"Netlogo_H_12","Net_H"
"609",608,0.17775,0.0212,0.0427,0.75835,"Netlogo_H_12","Net_H"
"610",609,0.17765,0.02075,0.04195,0.75965,"Netlogo_H_12","Net_H"
"611",610,0.1784,0.02105,0.04135,0.7592,"Netlogo_H_12","Net_H"
"612",611,0.1789,0.0211,0.04075,0.75925,"Netlogo_H_12","Net_H"
"613",612,0.1776,0.0214,0.04115,0.75985,"Netlogo_H_12","Net_H"
"614",613,0.17705,0.02195,0.041,0.76,"Netlogo_H_12","Net_H"
"615",614,0.17755,0.02195,0.04075,0.75975,"Netlogo_H_12","Net_H"
"616",615,0.17805,0.0206,0.0418,0.75955,"Netlogo_H_12","Net_H"
"617",616,0.1768,0.02215,0.0409,0.76015,"Netlogo_H_12","Net_H"
"618",617,0.17595,0.0212,0.04175,0.7611,"Netlogo_H_12","Net_H"
"619",618,0.1756,0.02245,0.0416,0.76035,"Netlogo_H_12","Net_H"
"620",619,0.1757,0.0227,0.0398,0.7618,"Netlogo_H_12","Net_H"
"621",620,0.1765,0.0216,0.0407,0.7612,"Netlogo_H_12","Net_H"
"622",621,0.1763,0.0215,0.0408,0.7614,"Netlogo_H_12","Net_H"
"623",622,0.1767,0.0214,0.04105,0.76085,"Netlogo_H_12","Net_H"
"624",623,0.1772,0.02135,0.04085,0.7606,"Netlogo_H_12","Net_H"
"625",624,0.1775,0.0214,0.04045,0.76065,"Netlogo_H_12","Net_H"
"626",625,0.17735,0.02065,0.04215,0.75985,"Netlogo_H_12","Net_H"
"627",626,0.17685,0.02205,0.04145,0.75965,"Netlogo_H_12","Net_H"
"628",627,0.17615,0.02275,0.04155,0.75955,"Netlogo_H_12","Net_H"
"629",628,0.17625,0.0228,0.0418,0.75915,"Netlogo_H_12","Net_H"
"630",629,0.1748,0.0234,0.0423,0.7595,"Netlogo_H_12","Net_H"
