"","step","S","E","I","R","simu","Langage"
"1",0,0.999,0,0.001,0,"Netlogo_H_14","Net_H"
"2",1,0.9983,7e-04,0.001,0,"Netlogo_H_14","Net_H"
"3",2,0.9977,0.0013,0.00095,5e-05,"Netlogo_H_14","Net_H"
"4",3,0.99705,0.0019,8e-04,0.00025,"Netlogo_H_14","Net_H"
"5",4,0.9967,0.0019,0.0011,3e-04,"Netlogo_H_14","Net_H"
"6",5,0.996,0.002,0.0016,4e-04,"Netlogo_H_14","Net_H"
"7",6,0.9947,0.0029,0.00195,0.00045,"Netlogo_H_14","Net_H"
"8",7,0.99305,0.004,0.00235,6e-04,"Netlogo_H_14","Net_H"
"9",8,0.9917,0.00475,0.00295,6e-04,"Netlogo_H_14","Net_H"
"10",9,0.9897,0.0059,0.00355,0.00085,"Netlogo_H_14","Net_H"
"11",10,0.9873,0.00705,0.0042,0.00145,"Netlogo_H_14","Net_H"
"12",11,0.9852,0.00775,0.00535,0.0017,"Netlogo_H_14","Net_H"
"13",12,0.9816,0.0096,0.00655,0.00225,"Netlogo_H_14","Net_H"
"14",13,0.97715,0.01225,0.0076,0.003,"Netlogo_H_14","Net_H"
"15",14,0.97135,0.016,0.0087,0.00395,"Netlogo_H_14","Net_H"
"16",15,0.9653,0.01925,0.0106,0.00485,"Netlogo_H_14","Net_H"
"17",16,0.9586,0.02155,0.0138,0.00605,"Netlogo_H_14","Net_H"
"18",17,0.94945,0.02595,0.01735,0.00725,"Netlogo_H_14","Net_H"
"19",18,0.9389,0.03155,0.021,0.00855,"Netlogo_H_14","Net_H"
"20",19,0.9252,0.03975,0.02405,0.011,"Netlogo_H_14","Net_H"
"21",20,0.90765,0.0492,0.0299,0.01325,"Netlogo_H_14","Net_H"
"22",21,0.889,0.0577,0.03755,0.01575,"Netlogo_H_14","Net_H"
"23",22,0.8655,0.0687,0.0461,0.0197,"Netlogo_H_14","Net_H"
"24",23,0.83915,0.0828,0.054,0.02405,"Netlogo_H_14","Net_H"
"25",24,0.8093,0.09655,0.06495,0.0292,"Netlogo_H_14","Net_H"
"26",25,0.7738,0.1126,0.0782,0.0354,"Netlogo_H_14","Net_H"
"27",26,0.73155,0.1325,0.09285,0.0431,"Netlogo_H_14","Net_H"
"28",27,0.6861,0.15295,0.10965,0.0513,"Netlogo_H_14","Net_H"
"29",28,0.63635,0.1732,0.12765,0.0628,"Netlogo_H_14","Net_H"
"30",29,0.5831,0.19075,0.15045,0.0757,"Netlogo_H_14","Net_H"
"31",30,0.52425,0.2084,0.17645,0.0909,"Netlogo_H_14","Net_H"
"32",31,0.4634,0.22825,0.19995,0.1084,"Netlogo_H_14","Net_H"
"33",32,0.39835,0.2454,0.22585,0.1304,"Netlogo_H_14","Net_H"
"34",33,0.34155,0.2533,0.2506,0.15455,"Netlogo_H_14","Net_H"
"35",34,0.2855,0.2538,0.2783,0.1824,"Netlogo_H_14","Net_H"
"36",35,0.23445,0.24905,0.3032,0.2133,"Netlogo_H_14","Net_H"
"37",36,0.1896,0.23815,0.3263,0.24595,"Netlogo_H_14","Net_H"
"38",37,0.15255,0.2218,0.34595,0.2797,"Netlogo_H_14","Net_H"
"39",38,0.12175,0.1992,0.36095,0.3181,"Netlogo_H_14","Net_H"
"40",39,0.09485,0.1795,0.36615,0.3595,"Netlogo_H_14","Net_H"
"41",40,0.07585,0.15845,0.3645,0.4012,"Netlogo_H_14","Net_H"
"42",41,0.0608,0.1358,0.36295,0.44045,"Netlogo_H_14","Net_H"
"43",42,0.04935,0.1146,0.3526,0.48345,"Netlogo_H_14","Net_H"
"44",43,0.03935,0.0961,0.3383,0.52625,"Netlogo_H_14","Net_H"
"45",44,0.03155,0.07925,0.32175,0.56745,"Netlogo_H_14","Net_H"
"46",45,0.0258,0.06585,0.3028,0.60555,"Netlogo_H_14","Net_H"
"47",46,0.02285,0.05295,0.28325,0.64095,"Netlogo_H_14","Net_H"
"48",47,0.02025,0.0443,0.26065,0.6748,"Netlogo_H_14","Net_H"
"49",48,0.0195,0.0349,0.24105,0.70455,"Netlogo_H_14","Net_H"
"50",49,0.01835,0.0294,0.2183,0.73395,"Netlogo_H_14","Net_H"
"51",50,0.01835,0.02385,0.1974,0.7604,"Netlogo_H_14","Net_H"
"52",51,0.01825,0.02125,0.1786,0.7819,"Netlogo_H_14","Net_H"
"53",52,0.01825,0.01785,0.1602,0.8037,"Netlogo_H_14","Net_H"
"54",53,0.01885,0.01465,0.1441,0.8224,"Netlogo_H_14","Net_H"
"55",54,0.01985,0.013,0.1277,0.83945,"Netlogo_H_14","Net_H"
"56",55,0.0209,0.0109,0.1153,0.8529,"Netlogo_H_14","Net_H"
"57",56,0.0215,0.0101,0.10295,0.86545,"Netlogo_H_14","Net_H"
"58",57,0.02285,0.0086,0.09175,0.8768,"Netlogo_H_14","Net_H"
"59",58,0.02475,0.00785,0.08195,0.88545,"Netlogo_H_14","Net_H"
"60",59,0.0251,0.0077,0.0733,0.8939,"Netlogo_H_14","Net_H"
"61",60,0.0273,0.0066,0.0662,0.8999,"Netlogo_H_14","Net_H"
"62",61,0.0291,0.00595,0.05845,0.9065,"Netlogo_H_14","Net_H"
"63",62,0.03055,0.0055,0.05265,0.9113,"Netlogo_H_14","Net_H"
"64",63,0.0325,0.00485,0.04715,0.9155,"Netlogo_H_14","Net_H"
"65",64,0.03565,0.0049,0.04125,0.9182,"Netlogo_H_14","Net_H"
"66",65,0.0378,0.0041,0.03745,0.92065,"Netlogo_H_14","Net_H"
"67",66,0.03975,0.00345,0.0343,0.9225,"Netlogo_H_14","Net_H"
"68",67,0.0417,0.00375,0.0307,0.92385,"Netlogo_H_14","Net_H"
"69",68,0.04375,0.00385,0.02775,0.92465,"Netlogo_H_14","Net_H"
"70",69,0.04615,0.0037,0.0244,0.92575,"Netlogo_H_14","Net_H"
"71",70,0.04945,0.0031,0.0223,0.92515,"Netlogo_H_14","Net_H"
"72",71,0.05175,0.00295,0.0202,0.9251,"Netlogo_H_14","Net_H"
"73",72,0.0548,0.00255,0.01815,0.9245,"Netlogo_H_14","Net_H"
"74",73,0.0569,0.0026,0.0168,0.9237,"Netlogo_H_14","Net_H"
"75",74,0.0591,0.00255,0.0154,0.92295,"Netlogo_H_14","Net_H"
"76",75,0.0619,0.0031,0.01355,0.92145,"Netlogo_H_14","Net_H"
"77",76,0.06405,0.0035,0.012,0.92045,"Netlogo_H_14","Net_H"
"78",77,0.06655,0.0031,0.0112,0.91915,"Netlogo_H_14","Net_H"
"79",78,0.0699,0.0029,0.0106,0.9166,"Netlogo_H_14","Net_H"
"80",79,0.0722,0.00275,0.00995,0.9151,"Netlogo_H_14","Net_H"
"81",80,0.0739,0.003,0.0091,0.914,"Netlogo_H_14","Net_H"
"82",81,0.0761,0.0028,0.00835,0.91275,"Netlogo_H_14","Net_H"
"83",82,0.07925,0.00255,0.0081,0.9101,"Netlogo_H_14","Net_H"
"84",83,0.08155,0.0023,0.00815,0.908,"Netlogo_H_14","Net_H"
"85",84,0.0851,0.0025,0.00735,0.90505,"Netlogo_H_14","Net_H"
"86",85,0.0877,0.0025,0.00665,0.90315,"Netlogo_H_14","Net_H"
"87",86,0.0906,0.0021,0.0066,0.9007,"Netlogo_H_14","Net_H"
"88",87,0.09365,0.00155,0.00625,0.89855,"Netlogo_H_14","Net_H"
"89",88,0.0962,0.0016,0.00555,0.89665,"Netlogo_H_14","Net_H"
"90",89,0.09805,0.0014,0.00525,0.8953,"Netlogo_H_14","Net_H"
"91",90,0.1006,0.00105,0.0051,0.89325,"Netlogo_H_14","Net_H"
"92",91,0.10285,0.0013,0.0047,0.89115,"Netlogo_H_14","Net_H"
"93",92,0.1064,0.0016,0.0042,0.8878,"Netlogo_H_14","Net_H"
"94",93,0.109,0.00165,0.00365,0.8857,"Netlogo_H_14","Net_H"
"95",94,0.1115,0.00135,0.00375,0.8834,"Netlogo_H_14","Net_H"
"96",95,0.11485,0.00115,0.00345,0.88055,"Netlogo_H_14","Net_H"
"97",96,0.11715,0.00115,0.0034,0.8783,"Netlogo_H_14","Net_H"
"98",97,0.1198,0.001,0.0031,0.8761,"Netlogo_H_14","Net_H"
"99",98,0.1226,0.0011,0.0029,0.8734,"Netlogo_H_14","Net_H"
"100",99,0.1257,0.00095,0.0026,0.87075,"Netlogo_H_14","Net_H"
"101",100,0.12835,9e-04,0.0027,0.86805,"Netlogo_H_14","Net_H"
"102",101,0.13145,0.00095,0.00265,0.86495,"Netlogo_H_14","Net_H"
"103",102,0.1339,0.00115,0.00215,0.8628,"Netlogo_H_14","Net_H"
"104",103,0.13685,0.0012,0.0021,0.85985,"Netlogo_H_14","Net_H"
"105",104,0.13915,0.0011,0.0019,0.85785,"Netlogo_H_14","Net_H"
"106",105,0.14185,0.001,0.0018,0.85535,"Netlogo_H_14","Net_H"
"107",106,0.1443,9e-04,0.00165,0.85315,"Netlogo_H_14","Net_H"
"108",107,0.14635,8e-04,0.0017,0.85115,"Netlogo_H_14","Net_H"
"109",108,0.1498,6e-04,0.00175,0.84785,"Netlogo_H_14","Net_H"
"110",109,0.1521,7e-04,0.00165,0.84555,"Netlogo_H_14","Net_H"
"111",110,0.15415,0.00075,0.0017,0.8434,"Netlogo_H_14","Net_H"
"112",111,0.15635,0.00075,0.0015,0.8414,"Netlogo_H_14","Net_H"
"113",112,0.1591,7e-04,0.00155,0.83865,"Netlogo_H_14","Net_H"
"114",113,0.16175,0.00035,0.00175,0.83615,"Netlogo_H_14","Net_H"
"115",114,0.16435,4e-04,0.0015,0.83375,"Netlogo_H_14","Net_H"
"116",115,0.1665,5e-04,0.00145,0.83155,"Netlogo_H_14","Net_H"
"117",116,0.1687,8e-04,0.00135,0.82915,"Netlogo_H_14","Net_H"
"118",117,0.1716,0.00085,0.0013,0.82625,"Netlogo_H_14","Net_H"
"119",118,0.1745,7e-04,0.00135,0.82345,"Netlogo_H_14","Net_H"
"120",119,0.1771,6e-04,0.0015,0.8208,"Netlogo_H_14","Net_H"
"121",120,0.1798,0.00065,0.00155,0.818,"Netlogo_H_14","Net_H"
"122",121,0.18225,7e-04,0.00175,0.8153,"Netlogo_H_14","Net_H"
"123",122,0.1845,7e-04,0.00165,0.81315,"Netlogo_H_14","Net_H"
"124",123,0.1868,7e-04,0.0016,0.8109,"Netlogo_H_14","Net_H"
"125",124,0.1884,6e-04,0.00165,0.80935,"Netlogo_H_14","Net_H"
"126",125,0.191,7e-04,0.00145,0.80685,"Netlogo_H_14","Net_H"
"127",126,0.19305,0.00045,0.0017,0.8048,"Netlogo_H_14","Net_H"
"128",127,0.19545,4e-04,0.00185,0.8023,"Netlogo_H_14","Net_H"
"129",128,0.1979,0.00055,0.00155,0.8,"Netlogo_H_14","Net_H"
"130",129,0.2004,6e-04,0.0015,0.7975,"Netlogo_H_14","Net_H"
"131",130,0.2028,6e-04,0.00125,0.79535,"Netlogo_H_14","Net_H"
"132",131,0.20495,5e-04,0.00125,0.7933,"Netlogo_H_14","Net_H"
"133",132,0.20735,7e-04,0.0012,0.79075,"Netlogo_H_14","Net_H"
"134",133,0.20995,8e-04,0.00115,0.7881,"Netlogo_H_14","Net_H"
"135",134,0.2122,0.00075,0.0011,0.78595,"Netlogo_H_14","Net_H"
"136",135,0.21485,0.00095,0.001,0.7832,"Netlogo_H_14","Net_H"
"137",136,0.2168,9e-04,0.00095,0.78135,"Netlogo_H_14","Net_H"
"138",137,0.21905,0.00085,8e-04,0.7793,"Netlogo_H_14","Net_H"
"139",138,0.22075,6e-04,0.00105,0.7776,"Netlogo_H_14","Net_H"
"140",139,0.22275,5e-04,0.0011,0.77565,"Netlogo_H_14","Net_H"
"141",140,0.22515,5e-04,0.00105,0.7733,"Netlogo_H_14","Net_H"
"142",141,0.22715,4e-04,0.00105,0.7714,"Netlogo_H_14","Net_H"
"143",142,0.22945,5e-04,0.00085,0.7692,"Netlogo_H_14","Net_H"
"144",143,0.2315,0.00055,7e-04,0.76725,"Netlogo_H_14","Net_H"
"145",144,0.23305,0.00055,6e-04,0.7658,"Netlogo_H_14","Net_H"
"146",145,0.23495,0.00055,6e-04,0.7639,"Netlogo_H_14","Net_H"
"147",146,0.23675,6e-04,0.00055,0.7621,"Netlogo_H_14","Net_H"
"148",147,0.239,5e-04,7e-04,0.7598,"Netlogo_H_14","Net_H"
"149",148,0.24095,0.00035,0.00085,0.75785,"Netlogo_H_14","Net_H"
"150",149,0.2432,0.00055,0.00075,0.7555,"Netlogo_H_14","Net_H"
"151",150,0.24485,0.00055,0.00075,0.75385,"Netlogo_H_14","Net_H"
"152",151,0.24665,0.00065,8e-04,0.7519,"Netlogo_H_14","Net_H"
"153",152,0.24795,0.00065,0.00095,0.75045,"Netlogo_H_14","Net_H"
"154",153,0.2501,0.00055,0.0012,0.74815,"Netlogo_H_14","Net_H"
"155",154,0.2527,6e-04,0.0012,0.7455,"Netlogo_H_14","Net_H"
"156",155,0.25425,8e-04,0.0012,0.74375,"Netlogo_H_14","Net_H"
"157",156,0.25605,9e-04,0.00115,0.7419,"Netlogo_H_14","Net_H"
"158",157,0.2578,0.00085,0.00115,0.7402,"Netlogo_H_14","Net_H"
"159",158,0.259,0.0011,0.00115,0.73875,"Netlogo_H_14","Net_H"
"160",159,0.2607,0.001,0.00125,0.73705,"Netlogo_H_14","Net_H"
"161",160,0.26215,0.001,0.0012,0.73565,"Netlogo_H_14","Net_H"
"162",161,0.2637,9e-04,0.00115,0.73425,"Netlogo_H_14","Net_H"
"163",162,0.26505,8e-04,0.00125,0.7329,"Netlogo_H_14","Net_H"
"164",163,0.2668,8e-04,0.00135,0.73105,"Netlogo_H_14","Net_H"
"165",164,0.2682,9e-04,0.00135,0.72955,"Netlogo_H_14","Net_H"
"166",165,0.27015,9e-04,0.00135,0.7276,"Netlogo_H_14","Net_H"
"167",166,0.272,0.001,0.00135,0.72565,"Netlogo_H_14","Net_H"
"168",167,0.2737,0.00125,0.00125,0.7238,"Netlogo_H_14","Net_H"
"169",168,0.27555,0.0012,0.00145,0.7218,"Netlogo_H_14","Net_H"
"170",169,0.27805,0.0012,0.00155,0.7192,"Netlogo_H_14","Net_H"
"171",170,0.2798,0.001,0.00195,0.71725,"Netlogo_H_14","Net_H"
"172",171,0.2813,0.00105,0.0019,0.71575,"Netlogo_H_14","Net_H"
"173",172,0.28275,0.00155,0.00175,0.71395,"Netlogo_H_14","Net_H"
"174",173,0.28405,0.0017,0.0018,0.71245,"Netlogo_H_14","Net_H"
"175",174,0.28655,0.0017,0.00175,0.71,"Netlogo_H_14","Net_H"
"176",175,0.28775,0.00165,0.002,0.7086,"Netlogo_H_14","Net_H"
"177",176,0.289,0.0018,0.00215,0.70705,"Netlogo_H_14","Net_H"
"178",177,0.29065,0.0019,0.0021,0.70535,"Netlogo_H_14","Net_H"
"179",178,0.29255,0.00185,0.0023,0.7033,"Netlogo_H_14","Net_H"
"180",179,0.29395,0.0017,0.0026,0.70175,"Netlogo_H_14","Net_H"
"181",180,0.2955,0.0019,0.0027,0.6999,"Netlogo_H_14","Net_H"
"182",181,0.2974,0.0022,0.00245,0.69795,"Netlogo_H_14","Net_H"
"183",182,0.2984,0.0026,0.00245,0.69655,"Netlogo_H_14","Net_H"
"184",183,0.2996,0.00245,0.0027,0.69525,"Netlogo_H_14","Net_H"
"185",184,0.30085,0.0023,0.00305,0.6938,"Netlogo_H_14","Net_H"
"186",185,0.3022,0.0021,0.0033,0.6924,"Netlogo_H_14","Net_H"
"187",186,0.30375,0.00255,0.0033,0.6904,"Netlogo_H_14","Net_H"
"188",187,0.3052,0.00305,0.00345,0.6883,"Netlogo_H_14","Net_H"
"189",188,0.30635,0.00305,0.0038,0.6868,"Netlogo_H_14","Net_H"
"190",189,0.3082,0.00315,0.004,0.68465,"Netlogo_H_14","Net_H"
"191",190,0.30945,0.00285,0.0046,0.6831,"Netlogo_H_14","Net_H"
"192",191,0.31035,0.00345,0.00445,0.68175,"Netlogo_H_14","Net_H"
"193",192,0.31095,0.0043,0.0041,0.68065,"Netlogo_H_14","Net_H"
"194",193,0.31175,0.00445,0.0044,0.6794,"Netlogo_H_14","Net_H"
"195",194,0.31265,0.0044,0.0046,0.67835,"Netlogo_H_14","Net_H"
"196",195,0.31305,0.00435,0.0051,0.6775,"Netlogo_H_14","Net_H"
"197",196,0.31395,0.00455,0.0054,0.6761,"Netlogo_H_14","Net_H"
"198",197,0.3147,0.0046,0.00585,0.67485,"Netlogo_H_14","Net_H"
"199",198,0.3152,0.005,0.00635,0.67345,"Netlogo_H_14","Net_H"
"200",199,0.31565,0.00505,0.00675,0.67255,"Netlogo_H_14","Net_H"
"201",200,0.31585,0.0057,0.00655,0.6719,"Netlogo_H_14","Net_H"
"202",201,0.3159,0.00615,0.00695,0.671,"Netlogo_H_14","Net_H"
"203",202,0.3161,0.0063,0.0076,0.67,"Netlogo_H_14","Net_H"
"204",203,0.31615,0.00705,0.0081,0.6687,"Netlogo_H_14","Net_H"
"205",204,0.317,0.00705,0.00835,0.6676,"Netlogo_H_14","Net_H"
"206",205,0.31715,0.00695,0.00925,0.66665,"Netlogo_H_14","Net_H"
"207",206,0.3162,0.0076,0.0099,0.6663,"Netlogo_H_14","Net_H"
"208",207,0.31645,0.0083,0.00975,0.6655,"Netlogo_H_14","Net_H"
"209",208,0.3162,0.0082,0.01025,0.66535,"Netlogo_H_14","Net_H"
"210",209,0.31625,0.0076,0.01155,0.6646,"Netlogo_H_14","Net_H"
"211",210,0.3141,0.0093,0.0125,0.6641,"Netlogo_H_14","Net_H"
"212",211,0.31265,0.0105,0.0133,0.66355,"Netlogo_H_14","Net_H"
"213",212,0.31165,0.0117,0.0138,0.66285,"Netlogo_H_14","Net_H"
"214",213,0.31105,0.0122,0.01445,0.6623,"Netlogo_H_14","Net_H"
"215",214,0.3091,0.01355,0.01555,0.6618,"Netlogo_H_14","Net_H"
"216",215,0.30715,0.015,0.016,0.66185,"Netlogo_H_14","Net_H"
"217",216,0.30625,0.0153,0.0174,0.66105,"Netlogo_H_14","Net_H"
"218",217,0.30415,0.0153,0.01935,0.6612,"Netlogo_H_14","Net_H"
"219",218,0.3014,0.01735,0.01965,0.6616,"Netlogo_H_14","Net_H"
"220",219,0.2986,0.0185,0.021,0.6619,"Netlogo_H_14","Net_H"
"221",220,0.2967,0.0182,0.0229,0.6622,"Netlogo_H_14","Net_H"
"222",221,0.294,0.01835,0.02475,0.6629,"Netlogo_H_14","Net_H"
"223",222,0.29135,0.01915,0.025,0.6645,"Netlogo_H_14","Net_H"
"224",223,0.2878,0.0206,0.02645,0.66515,"Netlogo_H_14","Net_H"
"225",224,0.2852,0.02155,0.02645,0.6668,"Netlogo_H_14","Net_H"
"226",225,0.2817,0.02165,0.0285,0.66815,"Netlogo_H_14","Net_H"
"227",226,0.27765,0.0234,0.0294,0.66955,"Netlogo_H_14","Net_H"
"228",227,0.2748,0.0235,0.0313,0.6704,"Netlogo_H_14","Net_H"
"229",228,0.27075,0.02395,0.0321,0.6732,"Netlogo_H_14","Net_H"
"230",229,0.2673,0.02415,0.03385,0.6747,"Netlogo_H_14","Net_H"
"231",230,0.26265,0.0261,0.0348,0.67645,"Netlogo_H_14","Net_H"
"232",231,0.25795,0.02785,0.03645,0.67775,"Netlogo_H_14","Net_H"
"233",232,0.25315,0.0289,0.0376,0.68035,"Netlogo_H_14","Net_H"
"234",233,0.2496,0.028,0.03995,0.68245,"Netlogo_H_14","Net_H"
"235",234,0.2447,0.0293,0.0413,0.6847,"Netlogo_H_14","Net_H"
"236",235,0.2392,0.0305,0.0425,0.6878,"Netlogo_H_14","Net_H"
"237",236,0.23385,0.03095,0.04415,0.69105,"Netlogo_H_14","Net_H"
"238",237,0.22985,0.0309,0.04535,0.6939,"Netlogo_H_14","Net_H"
"239",238,0.2251,0.0303,0.04825,0.69635,"Netlogo_H_14","Net_H"
"240",239,0.22025,0.0313,0.04975,0.6987,"Netlogo_H_14","Net_H"
"241",240,0.2155,0.03135,0.05095,0.7022,"Netlogo_H_14","Net_H"
"242",241,0.21055,0.0316,0.0521,0.70575,"Netlogo_H_14","Net_H"
"243",242,0.20575,0.03185,0.0541,0.7083,"Netlogo_H_14","Net_H"
"244",243,0.2009,0.0321,0.05415,0.71285,"Netlogo_H_14","Net_H"
"245",244,0.19715,0.0318,0.05475,0.7163,"Netlogo_H_14","Net_H"
"246",245,0.19275,0.0313,0.05485,0.7211,"Netlogo_H_14","Net_H"
"247",246,0.1872,0.03325,0.0545,0.72505,"Netlogo_H_14","Net_H"
"248",247,0.18345,0.0331,0.0541,0.72935,"Netlogo_H_14","Net_H"
"249",248,0.17825,0.0332,0.05575,0.7328,"Netlogo_H_14","Net_H"
"250",249,0.17415,0.0326,0.05605,0.7372,"Netlogo_H_14","Net_H"
"251",250,0.1697,0.0317,0.05775,0.74085,"Netlogo_H_14","Net_H"
"252",251,0.1656,0.03025,0.05985,0.7443,"Netlogo_H_14","Net_H"
"253",252,0.16245,0.0306,0.0592,0.74775,"Netlogo_H_14","Net_H"
"254",253,0.1583,0.0302,0.0589,0.7526,"Netlogo_H_14","Net_H"
"255",254,0.1554,0.0284,0.06,0.7562,"Netlogo_H_14","Net_H"
"256",255,0.1522,0.0277,0.0583,0.7618,"Netlogo_H_14","Net_H"
"257",256,0.14935,0.027,0.05765,0.766,"Netlogo_H_14","Net_H"
"258",257,0.14715,0.0261,0.0563,0.77045,"Netlogo_H_14","Net_H"
"259",258,0.14495,0.0256,0.05565,0.7738,"Netlogo_H_14","Net_H"
"260",259,0.1424,0.0254,0.05405,0.77815,"Netlogo_H_14","Net_H"
"261",260,0.1394,0.02515,0.0537,0.78175,"Netlogo_H_14","Net_H"
"262",261,0.13805,0.024,0.05365,0.7843,"Netlogo_H_14","Net_H"
"263",262,0.137,0.02255,0.0511,0.78935,"Netlogo_H_14","Net_H"
"264",263,0.1348,0.02295,0.04955,0.7927,"Netlogo_H_14","Net_H"
"265",264,0.1333,0.02355,0.0476,0.79555,"Netlogo_H_14","Net_H"
"266",265,0.1327,0.0225,0.04675,0.79805,"Netlogo_H_14","Net_H"
"267",266,0.13175,0.021,0.0468,0.80045,"Netlogo_H_14","Net_H"
"268",267,0.13065,0.0204,0.0453,0.80365,"Netlogo_H_14","Net_H"
"269",268,0.1306,0.01955,0.04485,0.805,"Netlogo_H_14","Net_H"
"270",269,0.13035,0.01935,0.0433,0.807,"Netlogo_H_14","Net_H"
"271",270,0.13065,0.01915,0.0423,0.8079,"Netlogo_H_14","Net_H"
"272",271,0.1309,0.0186,0.0418,0.8087,"Netlogo_H_14","Net_H"
"273",272,0.13105,0.0183,0.0407,0.80995,"Netlogo_H_14","Net_H"
"274",273,0.13045,0.0177,0.0403,0.81155,"Netlogo_H_14","Net_H"
"275",274,0.13095,0.0163,0.0395,0.81325,"Netlogo_H_14","Net_H"
"276",275,0.1316,0.015,0.0392,0.8142,"Netlogo_H_14","Net_H"
"277",276,0.13125,0.01545,0.0377,0.8156,"Netlogo_H_14","Net_H"
"278",277,0.1318,0.01525,0.03705,0.8159,"Netlogo_H_14","Net_H"
"279",278,0.13225,0.0158,0.03625,0.8157,"Netlogo_H_14","Net_H"
"280",279,0.133,0.0153,0.03515,0.81655,"Netlogo_H_14","Net_H"
"281",280,0.1345,0.01475,0.0348,0.81595,"Netlogo_H_14","Net_H"
"282",281,0.13535,0.01455,0.0344,0.8157,"Netlogo_H_14","Net_H"
"283",282,0.1377,0.0136,0.0325,0.8162,"Netlogo_H_14","Net_H"
"284",283,0.13745,0.01405,0.03095,0.81755,"Netlogo_H_14","Net_H"
"285",284,0.13905,0.0141,0.0289,0.81795,"Netlogo_H_14","Net_H"
"286",285,0.14105,0.0136,0.0277,0.81765,"Netlogo_H_14","Net_H"
"287",286,0.1429,0.0126,0.027,0.8175,"Netlogo_H_14","Net_H"
"288",287,0.14475,0.01165,0.0271,0.8165,"Netlogo_H_14","Net_H"
"289",288,0.1455,0.0123,0.0273,0.8149,"Netlogo_H_14","Net_H"
"290",289,0.1472,0.0129,0.02585,0.81405,"Netlogo_H_14","Net_H"
"291",290,0.14845,0.01395,0.0247,0.8129,"Netlogo_H_14","Net_H"
"292",291,0.1497,0.01355,0.02465,0.8121,"Netlogo_H_14","Net_H"
"293",292,0.15025,0.013,0.02515,0.8116,"Netlogo_H_14","Net_H"
"294",293,0.152,0.01255,0.02545,0.81,"Netlogo_H_14","Net_H"
"295",294,0.153,0.01295,0.02435,0.8097,"Netlogo_H_14","Net_H"
"296",295,0.1552,0.0129,0.02435,0.80755,"Netlogo_H_14","Net_H"
"297",296,0.15695,0.0125,0.0233,0.80725,"Netlogo_H_14","Net_H"
"298",297,0.1592,0.0124,0.02315,0.80525,"Netlogo_H_14","Net_H"
"299",298,0.1609,0.0124,0.0228,0.8039,"Netlogo_H_14","Net_H"
"300",299,0.16285,0.01135,0.0233,0.8025,"Netlogo_H_14","Net_H"
"301",300,0.1642,0.01105,0.0229,0.80185,"Netlogo_H_14","Net_H"
"302",301,0.16505,0.0121,0.022,0.80085,"Netlogo_H_14","Net_H"
"303",302,0.1673,0.0121,0.0221,0.7985,"Netlogo_H_14","Net_H"
"304",303,0.16865,0.01215,0.0222,0.797,"Netlogo_H_14","Net_H"
"305",304,0.16965,0.01215,0.02255,0.79565,"Netlogo_H_14","Net_H"
"306",305,0.1712,0.01255,0.02255,0.7937,"Netlogo_H_14","Net_H"
"307",306,0.1735,0.01175,0.02255,0.7922,"Netlogo_H_14","Net_H"
"308",307,0.17475,0.01175,0.0225,0.791,"Netlogo_H_14","Net_H"
"309",308,0.17625,0.01225,0.0213,0.7902,"Netlogo_H_14","Net_H"
"310",309,0.1787,0.012,0.0204,0.7889,"Netlogo_H_14","Net_H"
"311",310,0.1792,0.01165,0.0205,0.78865,"Netlogo_H_14","Net_H"
"312",311,0.181,0.01155,0.0201,0.78735,"Netlogo_H_14","Net_H"
"313",312,0.1835,0.0118,0.01935,0.78535,"Netlogo_H_14","Net_H"
"314",313,0.18515,0.0116,0.0195,0.78375,"Netlogo_H_14","Net_H"
"315",314,0.18695,0.01185,0.01945,0.78175,"Netlogo_H_14","Net_H"
"316",315,0.18875,0.0108,0.0203,0.78015,"Netlogo_H_14","Net_H"
"317",316,0.18995,0.01105,0.02015,0.77885,"Netlogo_H_14","Net_H"
"318",317,0.19125,0.0112,0.0195,0.77805,"Netlogo_H_14","Net_H"
"319",318,0.1931,0.0111,0.01955,0.77625,"Netlogo_H_14","Net_H"
"320",319,0.1946,0.0118,0.0197,0.7739,"Netlogo_H_14","Net_H"
"321",320,0.19665,0.01135,0.0196,0.7724,"Netlogo_H_14","Net_H"
"322",321,0.199,0.0108,0.02035,0.76985,"Netlogo_H_14","Net_H"
"323",322,0.1997,0.0124,0.02085,0.76705,"Netlogo_H_14","Net_H"
"324",323,0.20105,0.0134,0.0206,0.76495,"Netlogo_H_14","Net_H"
"325",324,0.20255,0.0131,0.02085,0.7635,"Netlogo_H_14","Net_H"
"326",325,0.20275,0.01365,0.02105,0.76255,"Netlogo_H_14","Net_H"
"327",326,0.2038,0.01375,0.02085,0.7616,"Netlogo_H_14","Net_H"
"328",327,0.20455,0.013,0.0223,0.76015,"Netlogo_H_14","Net_H"
"329",328,0.2063,0.01315,0.0228,0.75775,"Netlogo_H_14","Net_H"
"330",329,0.2068,0.0132,0.0233,0.7567,"Netlogo_H_14","Net_H"
"331",330,0.20735,0.01315,0.0242,0.7553,"Netlogo_H_14","Net_H"
"332",331,0.20695,0.01395,0.02455,0.75455,"Netlogo_H_14","Net_H"
"333",332,0.2089,0.01395,0.0248,0.75235,"Netlogo_H_14","Net_H"
"334",333,0.20855,0.01465,0.02615,0.75065,"Netlogo_H_14","Net_H"
"335",334,0.20885,0.0155,0.02585,0.7498,"Netlogo_H_14","Net_H"
"336",335,0.20965,0.0161,0.0261,0.74815,"Netlogo_H_14","Net_H"
"337",336,0.2103,0.01595,0.02675,0.747,"Netlogo_H_14","Net_H"
"338",337,0.2112,0.0161,0.0263,0.7464,"Netlogo_H_14","Net_H"
"339",338,0.2114,0.016,0.0268,0.7458,"Netlogo_H_14","Net_H"
"340",339,0.2116,0.0172,0.02635,0.74485,"Netlogo_H_14","Net_H"
"341",340,0.21265,0.01735,0.0262,0.7438,"Netlogo_H_14","Net_H"
"342",341,0.21325,0.0172,0.0264,0.74315,"Netlogo_H_14","Net_H"
"343",342,0.2134,0.01685,0.0265,0.74325,"Netlogo_H_14","Net_H"
"344",343,0.2133,0.01735,0.02645,0.7429,"Netlogo_H_14","Net_H"
"345",344,0.21335,0.01745,0.02755,0.74165,"Netlogo_H_14","Net_H"
"346",345,0.2133,0.01785,0.0279,0.74095,"Netlogo_H_14","Net_H"
"347",346,0.214,0.0176,0.02945,0.73895,"Netlogo_H_14","Net_H"
"348",347,0.2134,0.018,0.0297,0.7389,"Netlogo_H_14","Net_H"
"349",348,0.2125,0.0186,0.02935,0.73955,"Netlogo_H_14","Net_H"
"350",349,0.2133,0.0183,0.02945,0.73895,"Netlogo_H_14","Net_H"
"351",350,0.2136,0.0181,0.03105,0.73725,"Netlogo_H_14","Net_H"
"352",351,0.2138,0.01975,0.0309,0.73555,"Netlogo_H_14","Net_H"
"353",352,0.2132,0.01955,0.0311,0.73615,"Netlogo_H_14","Net_H"
"354",353,0.21285,0.02045,0.03175,0.73495,"Netlogo_H_14","Net_H"
"355",354,0.21105,0.02165,0.03285,0.73445,"Netlogo_H_14","Net_H"
"356",355,0.2107,0.02155,0.0332,0.73455,"Netlogo_H_14","Net_H"
"357",356,0.21165,0.0214,0.03385,0.7331,"Netlogo_H_14","Net_H"
"358",357,0.21075,0.02095,0.03485,0.73345,"Netlogo_H_14","Net_H"
"359",358,0.2103,0.02095,0.03585,0.7329,"Netlogo_H_14","Net_H"
"360",359,0.2087,0.02205,0.0363,0.73295,"Netlogo_H_14","Net_H"
"361",360,0.20685,0.0232,0.03655,0.7334,"Netlogo_H_14","Net_H"
"362",361,0.2064,0.02285,0.0366,0.73415,"Netlogo_H_14","Net_H"
"363",362,0.20605,0.0225,0.0376,0.73385,"Netlogo_H_14","Net_H"
"364",363,0.20515,0.0222,0.0386,0.73405,"Netlogo_H_14","Net_H"
"365",364,0.20465,0.0233,0.03865,0.7334,"Netlogo_H_14","Net_H"
"366",365,0.2049,0.0219,0.04025,0.73295,"Netlogo_H_14","Net_H"
"367",366,0.20225,0.02355,0.0411,0.7331,"Netlogo_H_14","Net_H"
"368",367,0.2005,0.02435,0.04115,0.734,"Netlogo_H_14","Net_H"
"369",368,0.1986,0.02505,0.04045,0.7359,"Netlogo_H_14","Net_H"
"370",369,0.1972,0.02605,0.0408,0.73595,"Netlogo_H_14","Net_H"
"371",370,0.1947,0.02635,0.0418,0.73715,"Netlogo_H_14","Net_H"
"372",371,0.19435,0.02465,0.043,0.738,"Netlogo_H_14","Net_H"
"373",372,0.19295,0.02435,0.04395,0.73875,"Netlogo_H_14","Net_H"
"374",373,0.1916,0.0249,0.0445,0.739,"Netlogo_H_14","Net_H"
"375",374,0.1902,0.026,0.0447,0.7391,"Netlogo_H_14","Net_H"
"376",375,0.18875,0.02615,0.04495,0.74015,"Netlogo_H_14","Net_H"
"377",376,0.1864,0.02555,0.0467,0.74135,"Netlogo_H_14","Net_H"
"378",377,0.1867,0.02555,0.04595,0.7418,"Netlogo_H_14","Net_H"
"379",378,0.18485,0.025,0.04745,0.7427,"Netlogo_H_14","Net_H"
"380",379,0.1845,0.02415,0.0482,0.74315,"Netlogo_H_14","Net_H"
"381",380,0.1825,0.02545,0.0473,0.74475,"Netlogo_H_14","Net_H"
"382",381,0.1806,0.0269,0.0467,0.7458,"Netlogo_H_14","Net_H"
"383",382,0.1806,0.0249,0.0476,0.7469,"Netlogo_H_14","Net_H"
"384",383,0.1803,0.0248,0.04835,0.74655,"Netlogo_H_14","Net_H"
"385",384,0.1789,0.02505,0.04795,0.7481,"Netlogo_H_14","Net_H"
"386",385,0.1777,0.02555,0.0473,0.74945,"Netlogo_H_14","Net_H"
"387",386,0.1778,0.02525,0.04725,0.7497,"Netlogo_H_14","Net_H"
"388",387,0.1759,0.025,0.0477,0.7514,"Netlogo_H_14","Net_H"
"389",388,0.17435,0.02565,0.04725,0.75275,"Netlogo_H_14","Net_H"
"390",389,0.17405,0.02525,0.04645,0.75425,"Netlogo_H_14","Net_H"
"391",390,0.17275,0.0248,0.04615,0.7563,"Netlogo_H_14","Net_H"
"392",391,0.1717,0.0244,0.04585,0.75805,"Netlogo_H_14","Net_H"
"393",392,0.1711,0.0242,0.04565,0.75905,"Netlogo_H_14","Net_H"
"394",393,0.17135,0.02395,0.04505,0.75965,"Netlogo_H_14","Net_H"
"395",394,0.1695,0.02455,0.0446,0.76135,"Netlogo_H_14","Net_H"
"396",395,0.1689,0.02425,0.04455,0.7623,"Netlogo_H_14","Net_H"
"397",396,0.1685,0.02405,0.0449,0.76255,"Netlogo_H_14","Net_H"
"398",397,0.1696,0.0237,0.0443,0.7624,"Netlogo_H_14","Net_H"
"399",398,0.16915,0.02235,0.0447,0.7638,"Netlogo_H_14","Net_H"
"400",399,0.16935,0.0219,0.0445,0.76425,"Netlogo_H_14","Net_H"
"401",400,0.16875,0.02135,0.04505,0.76485,"Netlogo_H_14","Net_H"
"402",401,0.16855,0.02135,0.0437,0.7664,"Netlogo_H_14","Net_H"
"403",402,0.16765,0.0223,0.04285,0.7672,"Netlogo_H_14","Net_H"
"404",403,0.1672,0.0214,0.0432,0.7682,"Netlogo_H_14","Net_H"
"405",404,0.16755,0.02055,0.043,0.7689,"Netlogo_H_14","Net_H"
"406",405,0.16675,0.02135,0.04335,0.76855,"Netlogo_H_14","Net_H"
"407",406,0.1681,0.02125,0.0422,0.76845,"Netlogo_H_14","Net_H"
"408",407,0.16895,0.0205,0.04255,0.768,"Netlogo_H_14","Net_H"
"409",408,0.1683,0.02055,0.0424,0.76875,"Netlogo_H_14","Net_H"
"410",409,0.16815,0.02045,0.042,0.7694,"Netlogo_H_14","Net_H"
"411",410,0.16555,0.022,0.04075,0.7717,"Netlogo_H_14","Net_H"
"412",411,0.16615,0.0216,0.03965,0.7726,"Netlogo_H_14","Net_H"
"413",412,0.16695,0.0203,0.04,0.77275,"Netlogo_H_14","Net_H"
"414",413,0.16785,0.01995,0.03965,0.77255,"Netlogo_H_14","Net_H"
"415",414,0.16775,0.0209,0.03905,0.7723,"Netlogo_H_14","Net_H"
"416",415,0.1679,0.02155,0.0379,0.77265,"Netlogo_H_14","Net_H"
"417",416,0.16855,0.02165,0.03735,0.77245,"Netlogo_H_14","Net_H"
"418",417,0.1678,0.0209,0.03885,0.77245,"Netlogo_H_14","Net_H"
"419",418,0.1681,0.0197,0.0401,0.7721,"Netlogo_H_14","Net_H"
"420",419,0.16795,0.0206,0.0397,0.77175,"Netlogo_H_14","Net_H"
"421",420,0.16835,0.02,0.039,0.77265,"Netlogo_H_14","Net_H"
"422",421,0.1697,0.0192,0.03865,0.77245,"Netlogo_H_14","Net_H"
"423",422,0.16975,0.0199,0.03665,0.7737,"Netlogo_H_14","Net_H"
"424",423,0.17095,0.019,0.03735,0.7727,"Netlogo_H_14","Net_H"
"425",424,0.1708,0.01965,0.0369,0.77265,"Netlogo_H_14","Net_H"
"426",425,0.17015,0.02035,0.03715,0.77235,"Netlogo_H_14","Net_H"
"427",426,0.1701,0.0203,0.03705,0.77255,"Netlogo_H_14","Net_H"
"428",427,0.17035,0.02025,0.0373,0.7721,"Netlogo_H_14","Net_H"
"429",428,0.17125,0.0196,0.03745,0.7717,"Netlogo_H_14","Net_H"
"430",429,0.17105,0.01965,0.0377,0.7716,"Netlogo_H_14","Net_H"
"431",430,0.17235,0.01895,0.0373,0.7714,"Netlogo_H_14","Net_H"
"432",431,0.17285,0.01835,0.03775,0.77105,"Netlogo_H_14","Net_H"
"433",432,0.17445,0.0188,0.0366,0.77015,"Netlogo_H_14","Net_H"
"434",433,0.1751,0.0184,0.03725,0.76925,"Netlogo_H_14","Net_H"
"435",434,0.1756,0.01785,0.0372,0.76935,"Netlogo_H_14","Net_H"
"436",435,0.17435,0.01845,0.03685,0.77035,"Netlogo_H_14","Net_H"
"437",436,0.1748,0.0193,0.03605,0.76985,"Netlogo_H_14","Net_H"
"438",437,0.1739,0.0193,0.0362,0.7706,"Netlogo_H_14","Net_H"
"439",438,0.17355,0.02025,0.0361,0.7701,"Netlogo_H_14","Net_H"
"440",439,0.17395,0.01955,0.0362,0.7703,"Netlogo_H_14","Net_H"
"441",440,0.1751,0.01945,0.0362,0.76925,"Netlogo_H_14","Net_H"
"442",441,0.17545,0.0191,0.0359,0.76955,"Netlogo_H_14","Net_H"
"443",442,0.17565,0.01975,0.0357,0.7689,"Netlogo_H_14","Net_H"
"444",443,0.1766,0.01895,0.03755,0.7669,"Netlogo_H_14","Net_H"
"445",444,0.17795,0.0186,0.03785,0.7656,"Netlogo_H_14","Net_H"
"446",445,0.17795,0.01955,0.03765,0.76485,"Netlogo_H_14","Net_H"
"447",446,0.1769,0.0202,0.037,0.7659,"Netlogo_H_14","Net_H"
"448",447,0.1781,0.0201,0.03605,0.76575,"Netlogo_H_14","Net_H"
"449",448,0.178,0.01935,0.03695,0.7657,"Netlogo_H_14","Net_H"
"450",449,0.1785,0.01995,0.0365,0.76505,"Netlogo_H_14","Net_H"
"451",450,0.1781,0.02005,0.0366,0.76525,"Netlogo_H_14","Net_H"
"452",451,0.1785,0.02045,0.03625,0.7648,"Netlogo_H_14","Net_H"
"453",452,0.17775,0.0205,0.036,0.76575,"Netlogo_H_14","Net_H"
"454",453,0.17765,0.02105,0.0357,0.7656,"Netlogo_H_14","Net_H"
"455",454,0.17705,0.021,0.0359,0.76605,"Netlogo_H_14","Net_H"
"456",455,0.17625,0.02085,0.0362,0.7667,"Netlogo_H_14","Net_H"
"457",456,0.1767,0.0216,0.035,0.7667,"Netlogo_H_14","Net_H"
"458",457,0.1765,0.0218,0.03565,0.76605,"Netlogo_H_14","Net_H"
"459",458,0.1759,0.02145,0.03605,0.7666,"Netlogo_H_14","Net_H"
"460",459,0.1765,0.02045,0.0378,0.76525,"Netlogo_H_14","Net_H"
"461",460,0.17615,0.02085,0.0373,0.7657,"Netlogo_H_14","Net_H"
"462",461,0.17735,0.0206,0.0377,0.76435,"Netlogo_H_14","Net_H"
"463",462,0.1775,0.02015,0.03855,0.7638,"Netlogo_H_14","Net_H"
"464",463,0.17685,0.01985,0.03895,0.76435,"Netlogo_H_14","Net_H"
"465",464,0.1761,0.01995,0.0391,0.76485,"Netlogo_H_14","Net_H"
"466",465,0.176,0.0204,0.039,0.7646,"Netlogo_H_14","Net_H"
"467",466,0.17595,0.02155,0.0377,0.7648,"Netlogo_H_14","Net_H"
"468",467,0.1757,0.02145,0.03835,0.7645,"Netlogo_H_14","Net_H"
"469",468,0.175,0.02235,0.0385,0.76415,"Netlogo_H_14","Net_H"
"470",469,0.17575,0.02195,0.0388,0.7635,"Netlogo_H_14","Net_H"
"471",470,0.17555,0.0211,0.039,0.76435,"Netlogo_H_14","Net_H"
"472",471,0.17525,0.02175,0.0377,0.7653,"Netlogo_H_14","Net_H"
"473",472,0.17545,0.022,0.0376,0.76495,"Netlogo_H_14","Net_H"
"474",473,0.1766,0.0212,0.03755,0.76465,"Netlogo_H_14","Net_H"
"475",474,0.1765,0.0204,0.03865,0.76445,"Netlogo_H_14","Net_H"
"476",475,0.17655,0.0197,0.0397,0.76405,"Netlogo_H_14","Net_H"
"477",476,0.1768,0.0204,0.0391,0.7637,"Netlogo_H_14","Net_H"
"478",477,0.1771,0.01935,0.0397,0.76385,"Netlogo_H_14","Net_H"
"479",478,0.17705,0.0204,0.03875,0.7638,"Netlogo_H_14","Net_H"
"480",479,0.17715,0.02005,0.0391,0.7637,"Netlogo_H_14","Net_H"
"481",480,0.177,0.0191,0.03985,0.76405,"Netlogo_H_14","Net_H"
"482",481,0.1768,0.01995,0.0393,0.76395,"Netlogo_H_14","Net_H"
"483",482,0.17605,0.0211,0.0382,0.76465,"Netlogo_H_14","Net_H"
"484",483,0.1768,0.0204,0.03855,0.76425,"Netlogo_H_14","Net_H"
"485",484,0.1761,0.0214,0.03765,0.76485,"Netlogo_H_14","Net_H"
"486",485,0.177,0.02125,0.03665,0.7651,"Netlogo_H_14","Net_H"
"487",486,0.1776,0.01975,0.03685,0.7658,"Netlogo_H_14","Net_H"
"488",487,0.1782,0.01875,0.03695,0.7661,"Netlogo_H_14","Net_H"
"489",488,0.1775,0.0197,0.0357,0.7671,"Netlogo_H_14","Net_H"
"490",489,0.17785,0.02,0.03485,0.7673,"Netlogo_H_14","Net_H"
"491",490,0.1795,0.01875,0.03535,0.7664,"Netlogo_H_14","Net_H"
"492",491,0.18135,0.01805,0.0357,0.7649,"Netlogo_H_14","Net_H"
"493",492,0.181,0.02025,0.035,0.76375,"Netlogo_H_14","Net_H"
"494",493,0.18025,0.0209,0.0343,0.76455,"Netlogo_H_14","Net_H"
"495",494,0.1803,0.02135,0.0349,0.76345,"Netlogo_H_14","Net_H"
"496",495,0.17935,0.0207,0.035,0.76495,"Netlogo_H_14","Net_H"
"497",496,0.1789,0.02055,0.0361,0.76445,"Netlogo_H_14","Net_H"
"498",497,0.17885,0.0201,0.03765,0.7634,"Netlogo_H_14","Net_H"
"499",498,0.1786,0.0207,0.03665,0.76405,"Netlogo_H_14","Net_H"
"500",499,0.17845,0.0203,0.03665,0.7646,"Netlogo_H_14","Net_H"
"501",500,0.17925,0.0208,0.0359,0.76405,"Netlogo_H_14","Net_H"
"502",501,0.17855,0.0208,0.03625,0.7644,"Netlogo_H_14","Net_H"
"503",502,0.17815,0.02055,0.03685,0.76445,"Netlogo_H_14","Net_H"
"504",503,0.1792,0.02,0.03705,0.76375,"Netlogo_H_14","Net_H"
"505",504,0.1797,0.02025,0.03725,0.7628,"Netlogo_H_14","Net_H"
"506",505,0.1806,0.01915,0.03825,0.762,"Netlogo_H_14","Net_H"
"507",506,0.1798,0.0201,0.0369,0.7632,"Netlogo_H_14","Net_H"
"508",507,0.17905,0.01935,0.0374,0.7642,"Netlogo_H_14","Net_H"
"509",508,0.17885,0.01905,0.03765,0.76445,"Netlogo_H_14","Net_H"
"510",509,0.17875,0.0196,0.03755,0.7641,"Netlogo_H_14","Net_H"
"511",510,0.17915,0.01955,0.0383,0.763,"Netlogo_H_14","Net_H"
"512",511,0.179,0.0193,0.03755,0.76415,"Netlogo_H_14","Net_H"
"513",512,0.17815,0.0207,0.03645,0.7647,"Netlogo_H_14","Net_H"
"514",513,0.17805,0.02075,0.0365,0.7647,"Netlogo_H_14","Net_H"
"515",514,0.179,0.021,0.0366,0.7634,"Netlogo_H_14","Net_H"
"516",515,0.1774,0.02215,0.03635,0.7641,"Netlogo_H_14","Net_H"
"517",516,0.17805,0.0194,0.038,0.76455,"Netlogo_H_14","Net_H"
"518",517,0.17805,0.0204,0.03705,0.7645,"Netlogo_H_14","Net_H"
"519",518,0.1777,0.0201,0.0375,0.7647,"Netlogo_H_14","Net_H"
"520",519,0.17745,0.02025,0.03705,0.76525,"Netlogo_H_14","Net_H"
"521",520,0.1761,0.0206,0.03805,0.76525,"Netlogo_H_14","Net_H"
"522",521,0.1758,0.0216,0.0374,0.7652,"Netlogo_H_14","Net_H"
"523",522,0.17575,0.0217,0.03655,0.766,"Netlogo_H_14","Net_H"
"524",523,0.1755,0.0212,0.03705,0.76625,"Netlogo_H_14","Net_H"
"525",524,0.1758,0.02045,0.03765,0.7661,"Netlogo_H_14","Net_H"
"526",525,0.17585,0.02,0.038,0.76615,"Netlogo_H_14","Net_H"
"527",526,0.1771,0.01975,0.03675,0.7664,"Netlogo_H_14","Net_H"
"528",527,0.1773,0.01885,0.0377,0.76615,"Netlogo_H_14","Net_H"
"529",528,0.17725,0.0198,0.03785,0.7651,"Netlogo_H_14","Net_H"
"530",529,0.1777,0.02015,0.03615,0.766,"Netlogo_H_14","Net_H"
"531",530,0.177,0.02015,0.0375,0.76535,"Netlogo_H_14","Net_H"
"532",531,0.17765,0.0206,0.0374,0.76435,"Netlogo_H_14","Net_H"
"533",532,0.17785,0.01955,0.03775,0.76485,"Netlogo_H_14","Net_H"
"534",533,0.1761,0.0206,0.0383,0.765,"Netlogo_H_14","Net_H"
"535",534,0.1768,0.02025,0.03865,0.7643,"Netlogo_H_14","Net_H"
"536",535,0.1772,0.01955,0.03865,0.7646,"Netlogo_H_14","Net_H"
"537",536,0.1764,0.0208,0.0388,0.764,"Netlogo_H_14","Net_H"
"538",537,0.17605,0.0202,0.039,0.76475,"Netlogo_H_14","Net_H"
"539",538,0.17535,0.02095,0.0385,0.7652,"Netlogo_H_14","Net_H"
"540",539,0.175,0.02135,0.0382,0.76545,"Netlogo_H_14","Net_H"
"541",540,0.1742,0.02145,0.03785,0.7665,"Netlogo_H_14","Net_H"
"542",541,0.1729,0.02115,0.03905,0.7669,"Netlogo_H_14","Net_H"
"543",542,0.1729,0.02095,0.03945,0.7667,"Netlogo_H_14","Net_H"
"544",543,0.17395,0.01995,0.03925,0.76685,"Netlogo_H_14","Net_H"
"545",544,0.17425,0.0201,0.0386,0.76705,"Netlogo_H_14","Net_H"
"546",545,0.1747,0.019,0.0396,0.7667,"Netlogo_H_14","Net_H"
"547",546,0.1745,0.0189,0.0401,0.7665,"Netlogo_H_14","Net_H"
"548",547,0.17605,0.01865,0.0391,0.7662,"Netlogo_H_14","Net_H"
"549",548,0.1754,0.0194,0.0384,0.7668,"Netlogo_H_14","Net_H"
"550",549,0.1763,0.0188,0.03875,0.76615,"Netlogo_H_14","Net_H"
"551",550,0.17655,0.01905,0.03795,0.76645,"Netlogo_H_14","Net_H"
"552",551,0.17545,0.0202,0.0363,0.76805,"Netlogo_H_14","Net_H"
"553",552,0.17585,0.01965,0.0371,0.7674,"Netlogo_H_14","Net_H"
"554",553,0.17645,0.0191,0.03665,0.7678,"Netlogo_H_14","Net_H"
"555",554,0.1766,0.01975,0.0362,0.76745,"Netlogo_H_14","Net_H"
"556",555,0.1763,0.02045,0.0353,0.76795,"Netlogo_H_14","Net_H"
"557",556,0.17585,0.02095,0.03545,0.76775,"Netlogo_H_14","Net_H"
"558",557,0.17665,0.02035,0.0356,0.7674,"Netlogo_H_14","Net_H"
"559",558,0.17505,0.02115,0.03515,0.76865,"Netlogo_H_14","Net_H"
"560",559,0.1754,0.02055,0.03525,0.7688,"Netlogo_H_14","Net_H"
"561",560,0.1757,0.02085,0.03555,0.7679,"Netlogo_H_14","Net_H"
"562",561,0.1766,0.0201,0.0365,0.7668,"Netlogo_H_14","Net_H"
"563",562,0.17715,0.01935,0.03755,0.76595,"Netlogo_H_14","Net_H"
"564",563,0.17695,0.01955,0.03785,0.76565,"Netlogo_H_14","Net_H"
"565",564,0.1764,0.01965,0.0383,0.76565,"Netlogo_H_14","Net_H"
"566",565,0.17555,0.02025,0.0376,0.7666,"Netlogo_H_14","Net_H"
"567",566,0.1749,0.02065,0.03735,0.7671,"Netlogo_H_14","Net_H"
"568",567,0.17515,0.02045,0.03805,0.76635,"Netlogo_H_14","Net_H"
"569",568,0.1748,0.0205,0.03775,0.76695,"Netlogo_H_14","Net_H"
"570",569,0.17485,0.0197,0.03835,0.7671,"Netlogo_H_14","Net_H"
"571",570,0.1734,0.0218,0.0373,0.7675,"Netlogo_H_14","Net_H"
"572",571,0.1743,0.02185,0.038,0.76585,"Netlogo_H_14","Net_H"
"573",572,0.17505,0.021,0.0384,0.76555,"Netlogo_H_14","Net_H"
"574",573,0.17605,0.02005,0.03825,0.76565,"Netlogo_H_14","Net_H"
"575",574,0.1765,0.0205,0.03815,0.76485,"Netlogo_H_14","Net_H"
"576",575,0.17555,0.0214,0.03765,0.7654,"Netlogo_H_14","Net_H"
"577",576,0.17615,0.02085,0.03855,0.76445,"Netlogo_H_14","Net_H"
"578",577,0.1773,0.02075,0.0379,0.76405,"Netlogo_H_14","Net_H"
"579",578,0.17825,0.02095,0.03765,0.76315,"Netlogo_H_14","Net_H"
"580",579,0.17875,0.02245,0.03625,0.76255,"Netlogo_H_14","Net_H"
"581",580,0.17875,0.0229,0.03635,0.762,"Netlogo_H_14","Net_H"
"582",581,0.17845,0.02225,0.03755,0.76175,"Netlogo_H_14","Net_H"
"583",582,0.17945,0.0212,0.038,0.76135,"Netlogo_H_14","Net_H"
"584",583,0.17895,0.02125,0.0382,0.7616,"Netlogo_H_14","Net_H"
"585",584,0.1781,0.0209,0.03965,0.76135,"Netlogo_H_14","Net_H"
"586",585,0.1779,0.0222,0.0384,0.7615,"Netlogo_H_14","Net_H"
"587",586,0.17795,0.0218,0.03875,0.7615,"Netlogo_H_14","Net_H"
"588",587,0.17835,0.02205,0.03885,0.76075,"Netlogo_H_14","Net_H"
"589",588,0.17665,0.0224,0.0383,0.76265,"Netlogo_H_14","Net_H"
"590",589,0.1763,0.02255,0.03785,0.7633,"Netlogo_H_14","Net_H"
"591",590,0.17515,0.02215,0.0384,0.7643,"Netlogo_H_14","Net_H"
"592",591,0.17515,0.02115,0.04005,0.76365,"Netlogo_H_14","Net_H"
"593",592,0.1764,0.02045,0.04045,0.7627,"Netlogo_H_14","Net_H"
"594",593,0.17575,0.0213,0.03925,0.7637,"Netlogo_H_14","Net_H"
"595",594,0.175,0.02125,0.03865,0.7651,"Netlogo_H_14","Net_H"
"596",595,0.17525,0.02135,0.03855,0.76485,"Netlogo_H_14","Net_H"
"597",596,0.1744,0.02155,0.03945,0.7646,"Netlogo_H_14","Net_H"
"598",597,0.174,0.02115,0.039,0.76585,"Netlogo_H_14","Net_H"
"599",598,0.1743,0.0204,0.03915,0.76615,"Netlogo_H_14","Net_H"
"600",599,0.175,0.0209,0.03885,0.76525,"Netlogo_H_14","Net_H"
"601",600,0.17545,0.02105,0.03865,0.76485,"Netlogo_H_14","Net_H"
"602",601,0.17515,0.02105,0.0385,0.7653,"Netlogo_H_14","Net_H"
"603",602,0.17545,0.02145,0.03795,0.76515,"Netlogo_H_14","Net_H"
"604",603,0.1766,0.02065,0.0378,0.76495,"Netlogo_H_14","Net_H"
"605",604,0.1771,0.0191,0.03855,0.76525,"Netlogo_H_14","Net_H"
"606",605,0.1761,0.02095,0.0379,0.76505,"Netlogo_H_14","Net_H"
"607",606,0.177,0.0205,0.0378,0.7647,"Netlogo_H_14","Net_H"
"608",607,0.17785,0.02035,0.03795,0.76385,"Netlogo_H_14","Net_H"
"609",608,0.1777,0.0211,0.03765,0.76355,"Netlogo_H_14","Net_H"
"610",609,0.17855,0.021,0.0369,0.76355,"Netlogo_H_14","Net_H"
"611",610,0.1777,0.0209,0.0368,0.7646,"Netlogo_H_14","Net_H"
"612",611,0.1778,0.0201,0.0379,0.7642,"Netlogo_H_14","Net_H"
"613",612,0.178,0.01985,0.03865,0.7635,"Netlogo_H_14","Net_H"
"614",613,0.17765,0.0209,0.03785,0.7636,"Netlogo_H_14","Net_H"
"615",614,0.1777,0.0208,0.0384,0.7631,"Netlogo_H_14","Net_H"
"616",615,0.17565,0.0217,0.0383,0.76435,"Netlogo_H_14","Net_H"
"617",616,0.1758,0.0215,0.0389,0.7638,"Netlogo_H_14","Net_H"
"618",617,0.1754,0.02215,0.0391,0.76335,"Netlogo_H_14","Net_H"
"619",618,0.17485,0.02165,0.03885,0.76465,"Netlogo_H_14","Net_H"
"620",619,0.17565,0.0204,0.03905,0.7649,"Netlogo_H_14","Net_H"
"621",620,0.1766,0.0211,0.03715,0.76515,"Netlogo_H_14","Net_H"
"622",621,0.17675,0.02125,0.0367,0.7653,"Netlogo_H_14","Net_H"
"623",622,0.1772,0.02135,0.03695,0.7645,"Netlogo_H_14","Net_H"
"624",623,0.17815,0.0208,0.03825,0.7628,"Netlogo_H_14","Net_H"
"625",624,0.1766,0.02125,0.03935,0.7628,"Netlogo_H_14","Net_H"
"626",625,0.17665,0.0213,0.0391,0.76295,"Netlogo_H_14","Net_H"
"627",626,0.17785,0.02065,0.03875,0.76275,"Netlogo_H_14","Net_H"
"628",627,0.1788,0.02015,0.038,0.76305,"Netlogo_H_14","Net_H"
"629",628,0.17885,0.01995,0.03865,0.76255,"Netlogo_H_14","Net_H"
"630",629,0.1792,0.02,0.0384,0.7624,"Netlogo_H_14","Net_H"
"631",630,0.17885,0.0202,0.038,0.76295,"Netlogo_H_14","Net_H"
