"","step","S","E","I","R","simu","Langage"
"1",0,0.999,0,0.001,0,"Netlogo_H_27","Net_H"
"2",1,0.99835,0.00065,0.001,0,"Netlogo_H_27","Net_H"
"3",2,0.99815,0.00085,8e-04,2e-04,"Netlogo_H_27","Net_H"
"4",3,0.9977,0.00115,0.00085,3e-04,"Netlogo_H_27","Net_H"
"5",4,0.9971,0.00165,9e-04,0.00035,"Netlogo_H_27","Net_H"
"6",5,0.99655,0.00195,0.0011,4e-04,"Netlogo_H_27","Net_H"
"7",6,0.9956,0.0024,0.00145,0.00055,"Netlogo_H_27","Net_H"
"8",7,0.99495,0.00275,0.0016,7e-04,"Netlogo_H_27","Net_H"
"9",8,0.9937,0.00335,0.0021,0.00085,"Netlogo_H_27","Net_H"
"10",9,0.9921,0.0044,0.00235,0.00115,"Netlogo_H_27","Net_H"
"11",10,0.9901,0.0055,0.0032,0.0012,"Netlogo_H_27","Net_H"
"12",11,0.988,0.00655,0.00405,0.0014,"Netlogo_H_27","Net_H"
"13",12,0.98495,0.00855,0.0049,0.0016,"Netlogo_H_27","Net_H"
"14",13,0.9819,0.01015,0.0057,0.00225,"Netlogo_H_27","Net_H"
"15",14,0.97825,0.0114,0.0077,0.00265,"Netlogo_H_27","Net_H"
"16",15,0.97285,0.0142,0.0092,0.00375,"Netlogo_H_27","Net_H"
"17",16,0.96585,0.0187,0.01075,0.0047,"Netlogo_H_27","Net_H"
"18",17,0.95835,0.0234,0.0123,0.00595,"Netlogo_H_27","Net_H"
"19",18,0.9503,0.02715,0.0154,0.00715,"Netlogo_H_27","Net_H"
"20",19,0.9404,0.03135,0.0197,0.00855,"Netlogo_H_27","Net_H"
"21",20,0.9272,0.03915,0.0237,0.00995,"Netlogo_H_27","Net_H"
"22",21,0.9117,0.047,0.02905,0.01225,"Netlogo_H_27","Net_H"
"23",22,0.8936,0.0563,0.03465,0.01545,"Netlogo_H_27","Net_H"
"24",23,0.87215,0.06775,0.04145,0.01865,"Netlogo_H_27","Net_H"
"25",24,0.8462,0.0809,0.05,0.0229,"Netlogo_H_27","Net_H"
"26",25,0.81555,0.09635,0.0604,0.0277,"Netlogo_H_27","Net_H"
"27",26,0.77965,0.11355,0.07305,0.03375,"Netlogo_H_27","Net_H"
"28",27,0.74195,0.1301,0.0873,0.04065,"Netlogo_H_27","Net_H"
"29",28,0.6951,0.15005,0.1049,0.04995,"Netlogo_H_27","Net_H"
"30",29,0.64465,0.1701,0.1265,0.05875,"Netlogo_H_27","Net_H"
"31",30,0.59045,0.1897,0.1484,0.07145,"Netlogo_H_27","Net_H"
"32",31,0.5341,0.20715,0.17175,0.087,"Netlogo_H_27","Net_H"
"33",32,0.4733,0.22655,0.195,0.10515,"Netlogo_H_27","Net_H"
"34",33,0.41525,0.2372,0.2232,0.12435,"Netlogo_H_27","Net_H"
"35",34,0.35605,0.24455,0.2515,0.1479,"Netlogo_H_27","Net_H"
"36",35,0.299,0.2506,0.2766,0.1738,"Netlogo_H_27","Net_H"
"37",36,0.24715,0.24785,0.3033,0.2017,"Netlogo_H_27","Net_H"
"38",37,0.1983,0.24425,0.3216,0.23585,"Netlogo_H_27","Net_H"
"39",38,0.1604,0.22705,0.34185,0.2707,"Netlogo_H_27","Net_H"
"40",39,0.12695,0.2073,0.35945,0.3063,"Netlogo_H_27","Net_H"
"41",40,0.09955,0.18395,0.36925,0.34725,"Netlogo_H_27","Net_H"
"42",41,0.07865,0.16145,0.36955,0.39035,"Netlogo_H_27","Net_H"
"43",42,0.0625,0.135,0.36885,0.43365,"Netlogo_H_27","Net_H"
"44",43,0.05025,0.11485,0.359,0.4759,"Netlogo_H_27","Net_H"
"45",44,0.03905,0.0993,0.34055,0.5211,"Netlogo_H_27","Net_H"
"46",45,0.03255,0.0823,0.32435,0.5608,"Netlogo_H_27","Net_H"
"47",46,0.027,0.06655,0.30505,0.6014,"Netlogo_H_27","Net_H"
"48",47,0.0236,0.05545,0.28225,0.6387,"Netlogo_H_27","Net_H"
"49",48,0.0207,0.0455,0.2608,0.673,"Netlogo_H_27","Net_H"
"50",49,0.0195,0.03745,0.23775,0.7053,"Netlogo_H_27","Net_H"
"51",50,0.0192,0.03045,0.21515,0.7352,"Netlogo_H_27","Net_H"
"52",51,0.0176,0.02565,0.19495,0.7618,"Netlogo_H_27","Net_H"
"53",52,0.0174,0.022,0.17575,0.78485,"Netlogo_H_27","Net_H"
"54",53,0.01775,0.01785,0.15755,0.80685,"Netlogo_H_27","Net_H"
"55",54,0.01785,0.0154,0.1411,0.82565,"Netlogo_H_27","Net_H"
"56",55,0.01895,0.01305,0.12725,0.84075,"Netlogo_H_27","Net_H"
"57",56,0.0207,0.01095,0.1139,0.85445,"Netlogo_H_27","Net_H"
"58",57,0.02115,0.00915,0.10325,0.86645,"Netlogo_H_27","Net_H"
"59",58,0.02215,0.00865,0.0928,0.8764,"Netlogo_H_27","Net_H"
"60",59,0.0229,0.0081,0.08125,0.88775,"Netlogo_H_27","Net_H"
"61",60,0.0247,0.0071,0.07325,0.89495,"Netlogo_H_27","Net_H"
"62",61,0.02625,0.00635,0.06465,0.90275,"Netlogo_H_27","Net_H"
"63",62,0.0282,0.0061,0.0575,0.9082,"Netlogo_H_27","Net_H"
"64",63,0.02975,0.0058,0.0506,0.91385,"Netlogo_H_27","Net_H"
"65",64,0.03165,0.00505,0.04465,0.91865,"Netlogo_H_27","Net_H"
"66",65,0.03275,0.00515,0.0396,0.9225,"Netlogo_H_27","Net_H"
"67",66,0.0359,0.00475,0.03585,0.9235,"Netlogo_H_27","Net_H"
"68",67,0.03815,0.00465,0.03275,0.92445,"Netlogo_H_27","Net_H"
"69",68,0.0402,0.00455,0.03005,0.9252,"Netlogo_H_27","Net_H"
"70",69,0.04235,0.004,0.02735,0.9263,"Netlogo_H_27","Net_H"
"71",70,0.04465,0.00395,0.02445,0.92695,"Netlogo_H_27","Net_H"
"72",71,0.04725,0.00385,0.02175,0.92715,"Netlogo_H_27","Net_H"
"73",72,0.0497,0.00395,0.01845,0.9279,"Netlogo_H_27","Net_H"
"74",73,0.0521,0.00365,0.01645,0.9278,"Netlogo_H_27","Net_H"
"75",74,0.05405,0.0036,0.015,0.92735,"Netlogo_H_27","Net_H"
"76",75,0.05715,0.0034,0.01345,0.926,"Netlogo_H_27","Net_H"
"77",76,0.05935,0.0028,0.01255,0.9253,"Netlogo_H_27","Net_H"
"78",77,0.06225,0.00275,0.0114,0.9236,"Netlogo_H_27","Net_H"
"79",78,0.0653,0.0023,0.01095,0.92145,"Netlogo_H_27","Net_H"
"80",79,0.068,0.00235,0.0097,0.91995,"Netlogo_H_27","Net_H"
"81",80,0.07095,0.00245,0.00855,0.91805,"Netlogo_H_27","Net_H"
"82",81,0.07435,0.0023,0.0079,0.91545,"Netlogo_H_27","Net_H"
"83",82,0.07655,0.0025,0.00745,0.9135,"Netlogo_H_27","Net_H"
"84",83,0.0792,0.00235,0.00685,0.9116,"Netlogo_H_27","Net_H"
"85",84,0.08205,0.00185,0.00635,0.90975,"Netlogo_H_27","Net_H"
"86",85,0.08435,0.00185,0.00585,0.90795,"Netlogo_H_27","Net_H"
"87",86,0.0869,0.00175,0.0055,0.90585,"Netlogo_H_27","Net_H"
"88",87,0.08975,0.00155,0.0051,0.9036,"Netlogo_H_27","Net_H"
"89",88,0.09265,0.00125,0.00475,0.90135,"Netlogo_H_27","Net_H"
"90",89,0.09585,0.001,0.00445,0.8987,"Netlogo_H_27","Net_H"
"91",90,0.09935,9e-04,0.00435,0.8954,"Netlogo_H_27","Net_H"
"92",91,0.10185,8e-04,0.0039,0.89345,"Netlogo_H_27","Net_H"
"93",92,0.1048,0.00095,0.0035,0.89075,"Netlogo_H_27","Net_H"
"94",93,0.1077,9e-04,0.0033,0.8881,"Netlogo_H_27","Net_H"
"95",94,0.11055,8e-04,0.003,0.88565,"Netlogo_H_27","Net_H"
"96",95,0.1143,9e-04,0.0028,0.882,"Netlogo_H_27","Net_H"
"97",96,0.11695,0.00095,0.0024,0.8797,"Netlogo_H_27","Net_H"
"98",97,0.1194,0.00075,0.0024,0.87745,"Netlogo_H_27","Net_H"
"99",98,0.12205,0.00075,0.00215,0.87505,"Netlogo_H_27","Net_H"
"100",99,0.12475,0.00085,0.002,0.8724,"Netlogo_H_27","Net_H"
"101",100,0.12745,8e-04,0.0019,0.86985,"Netlogo_H_27","Net_H"
"102",101,0.13045,7e-04,0.00195,0.8669,"Netlogo_H_27","Net_H"
"103",102,0.1329,7e-04,0.00165,0.86475,"Netlogo_H_27","Net_H"
"104",103,0.13575,7e-04,0.00165,0.8619,"Netlogo_H_27","Net_H"
"105",104,0.139,0.00065,0.00155,0.8588,"Netlogo_H_27","Net_H"
"106",105,0.14085,7e-04,0.0015,0.85695,"Netlogo_H_27","Net_H"
"107",106,0.14395,0.00075,0.00155,0.85375,"Netlogo_H_27","Net_H"
"108",107,0.14645,0.00065,0.00165,0.85125,"Netlogo_H_27","Net_H"
"109",108,0.14855,5e-04,0.0016,0.84935,"Netlogo_H_27","Net_H"
"110",109,0.15125,0.00035,0.0014,0.847,"Netlogo_H_27","Net_H"
"111",110,0.1537,3e-04,0.00125,0.84475,"Netlogo_H_27","Net_H"
"112",111,0.1566,0.00035,0.00115,0.8419,"Netlogo_H_27","Net_H"
"113",112,0.1588,0.00035,0.0011,0.83975,"Netlogo_H_27","Net_H"
"114",113,0.161,3e-04,0.0011,0.8376,"Netlogo_H_27","Net_H"
"115",114,0.16265,0.00025,0.001,0.8361,"Netlogo_H_27","Net_H"
"116",115,0.16455,0.00025,0.001,0.8342,"Netlogo_H_27","Net_H"
"117",116,0.16625,0.00045,9e-04,0.8324,"Netlogo_H_27","Net_H"
"118",117,0.1684,0.00055,9e-04,0.83015,"Netlogo_H_27","Net_H"
"119",118,0.17045,5e-04,9e-04,0.82815,"Netlogo_H_27","Net_H"
"120",119,0.17245,5e-04,0.00095,0.8261,"Netlogo_H_27","Net_H"
"121",120,0.17525,6e-04,0.00095,0.8232,"Netlogo_H_27","Net_H"
"122",121,0.17805,5e-04,0.00115,0.8203,"Netlogo_H_27","Net_H"
"123",122,0.1805,5e-04,0.001,0.818,"Netlogo_H_27","Net_H"
"124",123,0.1824,0.00055,9e-04,0.81615,"Netlogo_H_27","Net_H"
"125",124,0.1848,8e-04,0.00095,0.81345,"Netlogo_H_27","Net_H"
"126",125,0.18755,0.00075,0.001,0.8107,"Netlogo_H_27","Net_H"
"127",126,0.1903,0.00065,0.00095,0.8081,"Netlogo_H_27","Net_H"
"128",127,0.1923,0.00055,0.0011,0.80605,"Netlogo_H_27","Net_H"
"129",128,0.19425,0.00045,0.00105,0.80425,"Netlogo_H_27","Net_H"
"130",129,0.1964,0.00045,0.001,0.80215,"Netlogo_H_27","Net_H"
"131",130,0.1985,3e-04,0.00105,0.80015,"Netlogo_H_27","Net_H"
"132",131,0.2005,3e-04,0.00085,0.79835,"Netlogo_H_27","Net_H"
"133",132,0.2026,0.00065,0.00085,0.7959,"Netlogo_H_27","Net_H"
"134",133,0.20515,6e-04,0.00085,0.7934,"Netlogo_H_27","Net_H"
"135",134,0.2074,7e-04,0.00075,0.79115,"Netlogo_H_27","Net_H"
"136",135,0.2099,7e-04,7e-04,0.7887,"Netlogo_H_27","Net_H"
"137",136,0.2124,5e-04,0.00085,0.78625,"Netlogo_H_27","Net_H"
"138",137,0.21425,6e-04,9e-04,0.78425,"Netlogo_H_27","Net_H"
"139",138,0.2162,4e-04,0.00105,0.78235,"Netlogo_H_27","Net_H"
"140",139,0.21825,4e-04,9e-04,0.78045,"Netlogo_H_27","Net_H"
"141",140,0.2202,0.00035,9e-04,0.77855,"Netlogo_H_27","Net_H"
"142",141,0.2221,0.00025,0.00095,0.7767,"Netlogo_H_27","Net_H"
"143",142,0.22425,4e-04,8e-04,0.77455,"Netlogo_H_27","Net_H"
"144",143,0.2263,0.00045,0.00085,0.7724,"Netlogo_H_27","Net_H"
"145",144,0.2293,6e-04,9e-04,0.7692,"Netlogo_H_27","Net_H"
"146",145,0.231,8e-04,0.00075,0.76745,"Netlogo_H_27","Net_H"
"147",146,0.2342,8e-04,0.00075,0.76425,"Netlogo_H_27","Net_H"
"148",147,0.2365,9e-04,7e-04,0.7619,"Netlogo_H_27","Net_H"
"149",148,0.23925,7e-04,0.00095,0.7591,"Netlogo_H_27","Net_H"
"150",149,0.2417,0.00065,0.00115,0.7565,"Netlogo_H_27","Net_H"
"151",150,0.24385,8e-04,0.001,0.75435,"Netlogo_H_27","Net_H"
"152",151,0.2461,7e-04,0.001,0.7522,"Netlogo_H_27","Net_H"
"153",152,0.248,6e-04,0.00125,0.75015,"Netlogo_H_27","Net_H"
"154",153,0.24975,7e-04,0.00105,0.7485,"Netlogo_H_27","Net_H"
"155",154,0.25155,0.00075,0.00105,0.74665,"Netlogo_H_27","Net_H"
"156",155,0.25435,8e-04,0.00095,0.7439,"Netlogo_H_27","Net_H"
"157",156,0.2566,0.00065,0.001,0.74175,"Netlogo_H_27","Net_H"
"158",157,0.25835,5e-04,0.0012,0.73995,"Netlogo_H_27","Net_H"
"159",158,0.2599,8e-04,0.0012,0.7381,"Netlogo_H_27","Net_H"
"160",159,0.26175,0.00085,0.00115,0.73625,"Netlogo_H_27","Net_H"
"161",160,0.2639,0.00085,0.0011,0.73415,"Netlogo_H_27","Net_H"
"162",161,0.26555,9e-04,0.00105,0.7325,"Netlogo_H_27","Net_H"
"163",162,0.2671,7e-04,0.00115,0.73105,"Netlogo_H_27","Net_H"
"164",163,0.2697,0.00075,0.0012,0.72835,"Netlogo_H_27","Net_H"
"165",164,0.2716,7e-04,0.0012,0.7265,"Netlogo_H_27","Net_H"
"166",165,0.2729,6e-04,0.0012,0.7253,"Netlogo_H_27","Net_H"
"167",166,0.27425,7e-04,0.0011,0.72395,"Netlogo_H_27","Net_H"
"168",167,0.27615,0.00085,0.001,0.722,"Netlogo_H_27","Net_H"
"169",168,0.27775,0.00085,0.0012,0.7202,"Netlogo_H_27","Net_H"
"170",169,0.2788,0.001,0.0012,0.719,"Netlogo_H_27","Net_H"
"171",170,0.2813,0.001,0.0014,0.7163,"Netlogo_H_27","Net_H"
"172",171,0.28355,0.00085,0.00135,0.71425,"Netlogo_H_27","Net_H"
"173",172,0.2856,7e-04,0.0016,0.7121,"Netlogo_H_27","Net_H"
"174",173,0.2876,9e-04,0.0015,0.71,"Netlogo_H_27","Net_H"
"175",174,0.28945,0.00145,0.0015,0.7076,"Netlogo_H_27","Net_H"
"176",175,0.29085,0.00155,0.00165,0.70595,"Netlogo_H_27","Net_H"
"177",176,0.29305,0.0017,0.0017,0.70355,"Netlogo_H_27","Net_H"
"178",177,0.2954,0.00155,0.00185,0.7012,"Netlogo_H_27","Net_H"
"179",178,0.29665,0.0016,0.00215,0.6996,"Netlogo_H_27","Net_H"
"180",179,0.2986,0.0017,0.00225,0.69745,"Netlogo_H_27","Net_H"
"181",180,0.3001,0.0018,0.00235,0.69575,"Netlogo_H_27","Net_H"
"182",181,0.30175,0.00195,0.0024,0.6939,"Netlogo_H_27","Net_H"
"183",182,0.30235,0.0024,0.00265,0.6926,"Netlogo_H_27","Net_H"
"184",183,0.3043,0.0024,0.00265,0.69065,"Netlogo_H_27","Net_H"
"185",184,0.30575,0.0024,0.0031,0.68875,"Netlogo_H_27","Net_H"
"186",185,0.3069,0.0023,0.0033,0.6875,"Netlogo_H_27","Net_H"
"187",186,0.3086,0.00265,0.00315,0.6856,"Netlogo_H_27","Net_H"
"188",187,0.30995,0.00235,0.0034,0.6843,"Netlogo_H_27","Net_H"
"189",188,0.3116,0.00225,0.00365,0.6825,"Netlogo_H_27","Net_H"
"190",189,0.3131,0.00255,0.0036,0.68075,"Netlogo_H_27","Net_H"
"191",190,0.3139,0.00285,0.0037,0.67955,"Netlogo_H_27","Net_H"
"192",191,0.31485,0.00305,0.00405,0.67805,"Netlogo_H_27","Net_H"
"193",192,0.31615,0.0034,0.0043,0.67615,"Netlogo_H_27","Net_H"
"194",193,0.31705,0.0032,0.00485,0.6749,"Netlogo_H_27","Net_H"
"195",194,0.31825,0.00325,0.0049,0.6736,"Netlogo_H_27","Net_H"
"196",195,0.3188,0.00365,0.0049,0.67265,"Netlogo_H_27","Net_H"
"197",196,0.31935,0.0041,0.0052,0.67135,"Netlogo_H_27","Net_H"
"198",197,0.32015,0.0046,0.00515,0.6701,"Netlogo_H_27","Net_H"
"199",198,0.32075,0.00505,0.00585,0.66835,"Netlogo_H_27","Net_H"
"200",199,0.32125,0.00545,0.0062,0.6671,"Netlogo_H_27","Net_H"
"201",200,0.3216,0.0055,0.00675,0.66615,"Netlogo_H_27","Net_H"
"202",201,0.32155,0.0061,0.0069,0.66545,"Netlogo_H_27","Net_H"
"203",202,0.3214,0.0066,0.0072,0.6648,"Netlogo_H_27","Net_H"
"204",203,0.32095,0.0071,0.0082,0.66375,"Netlogo_H_27","Net_H"
"205",204,0.3209,0.00755,0.00845,0.6631,"Netlogo_H_27","Net_H"
"206",205,0.32075,0.00785,0.009,0.6624,"Netlogo_H_27","Net_H"
"207",206,0.32035,0.008,0.0097,0.66195,"Netlogo_H_27","Net_H"
"208",207,0.3205,0.0083,0.01065,0.66055,"Netlogo_H_27","Net_H"
"209",208,0.3199,0.009,0.01095,0.66015,"Netlogo_H_27","Net_H"
"210",209,0.3195,0.00935,0.0115,0.65965,"Netlogo_H_27","Net_H"
"211",210,0.3194,0.00955,0.0116,0.65945,"Netlogo_H_27","Net_H"
"212",211,0.3182,0.0095,0.0127,0.6596,"Netlogo_H_27","Net_H"
"213",212,0.3176,0.00985,0.0136,0.65895,"Netlogo_H_27","Net_H"
"214",213,0.316,0.01095,0.01365,0.6594,"Netlogo_H_27","Net_H"
"215",214,0.31525,0.01135,0.01405,0.65935,"Netlogo_H_27","Net_H"
"216",215,0.3139,0.0117,0.01555,0.65885,"Netlogo_H_27","Net_H"
"217",216,0.31245,0.01245,0.0167,0.6584,"Netlogo_H_27","Net_H"
"218",217,0.3112,0.013,0.01765,0.65815,"Netlogo_H_27","Net_H"
"219",218,0.3095,0.0142,0.01855,0.65775,"Netlogo_H_27","Net_H"
"220",219,0.3072,0.01605,0.0189,0.65785,"Netlogo_H_27","Net_H"
"221",220,0.3046,0.0173,0.0194,0.6587,"Netlogo_H_27","Net_H"
"222",221,0.3027,0.0165,0.02135,0.65945,"Netlogo_H_27","Net_H"
"223",222,0.29985,0.01785,0.0223,0.66,"Netlogo_H_27","Net_H"
"224",223,0.29705,0.01865,0.02435,0.65995,"Netlogo_H_27","Net_H"
"225",224,0.29385,0.01945,0.02575,0.66095,"Netlogo_H_27","Net_H"
"226",225,0.2913,0.0199,0.02695,0.66185,"Netlogo_H_27","Net_H"
"227",226,0.2863,0.02315,0.0277,0.66285,"Netlogo_H_27","Net_H"
"228",227,0.28275,0.0229,0.0295,0.66485,"Netlogo_H_27","Net_H"
"229",228,0.28025,0.022,0.0319,0.66585,"Netlogo_H_27","Net_H"
"230",229,0.2766,0.02315,0.0338,0.66645,"Netlogo_H_27","Net_H"
"231",230,0.27245,0.02445,0.0355,0.6676,"Netlogo_H_27","Net_H"
"232",231,0.26695,0.02665,0.0358,0.6706,"Netlogo_H_27","Net_H"
"233",232,0.26185,0.0283,0.0371,0.67275,"Netlogo_H_27","Net_H"
"234",233,0.25745,0.02935,0.0376,0.6756,"Netlogo_H_27","Net_H"
"235",234,0.25345,0.0299,0.0389,0.67775,"Netlogo_H_27","Net_H"
"236",235,0.24915,0.02885,0.0415,0.6805,"Netlogo_H_27","Net_H"
"237",236,0.244,0.03015,0.04335,0.6825,"Netlogo_H_27","Net_H"
"238",237,0.23955,0.0302,0.045,0.68525,"Netlogo_H_27","Net_H"
"239",238,0.2354,0.02915,0.04675,0.6887,"Netlogo_H_27","Net_H"
"240",239,0.2292,0.02995,0.04855,0.6923,"Netlogo_H_27","Net_H"
"241",240,0.2244,0.03165,0.0483,0.69565,"Netlogo_H_27","Net_H"
"242",241,0.2201,0.03105,0.0497,0.69915,"Netlogo_H_27","Net_H"
"243",242,0.2149,0.0336,0.04935,0.70215,"Netlogo_H_27","Net_H"
"244",243,0.20965,0.0341,0.0502,0.70605,"Netlogo_H_27","Net_H"
"245",244,0.20495,0.03235,0.0532,0.7095,"Netlogo_H_27","Net_H"
"246",245,0.1998,0.0329,0.0534,0.7139,"Netlogo_H_27","Net_H"
"247",246,0.1953,0.0321,0.05445,0.71815,"Netlogo_H_27","Net_H"
"248",247,0.1907,0.03215,0.05545,0.7217,"Netlogo_H_27","Net_H"
"249",248,0.1856,0.03185,0.0553,0.72725,"Netlogo_H_27","Net_H"
"250",249,0.181,0.03225,0.05565,0.7311,"Netlogo_H_27","Net_H"
"251",250,0.1773,0.03165,0.0557,0.73535,"Netlogo_H_27","Net_H"
"252",251,0.17175,0.0325,0.05555,0.7402,"Netlogo_H_27","Net_H"
"253",252,0.16715,0.03295,0.0551,0.7448,"Netlogo_H_27","Net_H"
"254",253,0.16425,0.0321,0.05655,0.7471,"Netlogo_H_27","Net_H"
"255",254,0.15915,0.0327,0.05715,0.751,"Netlogo_H_27","Net_H"
"256",255,0.15685,0.0318,0.05615,0.7552,"Netlogo_H_27","Net_H"
"257",256,0.15345,0.03085,0.05715,0.75855,"Netlogo_H_27","Net_H"
"258",257,0.14945,0.02995,0.058,0.7626,"Netlogo_H_27","Net_H"
"259",258,0.14625,0.03005,0.05775,0.76595,"Netlogo_H_27","Net_H"
"260",259,0.1435,0.02855,0.05695,0.771,"Netlogo_H_27","Net_H"
"261",260,0.1412,0.02705,0.05565,0.7761,"Netlogo_H_27","Net_H"
"262",261,0.1387,0.02705,0.0549,0.77935,"Netlogo_H_27","Net_H"
"263",262,0.13725,0.026,0.05385,0.7829,"Netlogo_H_27","Net_H"
"264",263,0.13535,0.02495,0.0539,0.7858,"Netlogo_H_27","Net_H"
"265",264,0.1341,0.0236,0.053,0.7893,"Netlogo_H_27","Net_H"
"266",265,0.13355,0.02245,0.0522,0.7918,"Netlogo_H_27","Net_H"
"267",266,0.13095,0.023,0.0507,0.79535,"Netlogo_H_27","Net_H"
"268",267,0.12975,0.0227,0.04855,0.799,"Netlogo_H_27","Net_H"
"269",268,0.12985,0.02155,0.04725,0.80135,"Netlogo_H_27","Net_H"
"270",269,0.1292,0.02135,0.04575,0.8037,"Netlogo_H_27","Net_H"
"271",270,0.1282,0.02025,0.045,0.80655,"Netlogo_H_27","Net_H"
"272",271,0.1286,0.0193,0.0449,0.8072,"Netlogo_H_27","Net_H"
"273",272,0.12785,0.0183,0.044,0.80985,"Netlogo_H_27","Net_H"
"274",273,0.12695,0.0187,0.04265,0.8117,"Netlogo_H_27","Net_H"
"275",274,0.12745,0.01825,0.0415,0.8128,"Netlogo_H_27","Net_H"
"276",275,0.1271,0.0183,0.0396,0.815,"Netlogo_H_27","Net_H"
"277",276,0.12785,0.0171,0.03905,0.816,"Netlogo_H_27","Net_H"
"278",277,0.12815,0.01645,0.038,0.8174,"Netlogo_H_27","Net_H"
"279",278,0.1286,0.0154,0.0377,0.8183,"Netlogo_H_27","Net_H"
"280",279,0.12875,0.016,0.0369,0.81835,"Netlogo_H_27","Net_H"
"281",280,0.1298,0.0158,0.03555,0.81885,"Netlogo_H_27","Net_H"
"282",281,0.1298,0.0147,0.0349,0.8206,"Netlogo_H_27","Net_H"
"283",282,0.1302,0.0155,0.03345,0.82085,"Netlogo_H_27","Net_H"
"284",283,0.1302,0.0162,0.0326,0.821,"Netlogo_H_27","Net_H"
"285",284,0.1314,0.0165,0.0319,0.8202,"Netlogo_H_27","Net_H"
"286",285,0.1318,0.01475,0.0324,0.82105,"Netlogo_H_27","Net_H"
"287",286,0.133,0.0145,0.03205,0.82045,"Netlogo_H_27","Net_H"
"288",287,0.135,0.01325,0.0317,0.82005,"Netlogo_H_27","Net_H"
"289",288,0.1367,0.01325,0.0303,0.81975,"Netlogo_H_27","Net_H"
"290",289,0.1388,0.01335,0.0294,0.81845,"Netlogo_H_27","Net_H"
"291",290,0.14125,0.01265,0.02865,0.81745,"Netlogo_H_27","Net_H"
"292",291,0.14265,0.01225,0.02885,0.81625,"Netlogo_H_27","Net_H"
"293",292,0.14335,0.01245,0.0279,0.8163,"Netlogo_H_27","Net_H"
"294",293,0.14485,0.0118,0.02735,0.816,"Netlogo_H_27","Net_H"
"295",294,0.14685,0.01195,0.0262,0.815,"Netlogo_H_27","Net_H"
"296",295,0.1487,0.01145,0.02605,0.8138,"Netlogo_H_27","Net_H"
"297",296,0.15055,0.01165,0.02565,0.81215,"Netlogo_H_27","Net_H"
"298",297,0.1535,0.0118,0.02545,0.80925,"Netlogo_H_27","Net_H"
"299",298,0.155,0.0118,0.02445,0.80875,"Netlogo_H_27","Net_H"
"300",299,0.15715,0.01115,0.02445,0.80725,"Netlogo_H_27","Net_H"
"301",300,0.15755,0.01135,0.02405,0.80705,"Netlogo_H_27","Net_H"
"302",301,0.15925,0.01175,0.0231,0.8059,"Netlogo_H_27","Net_H"
"303",302,0.1605,0.0125,0.02235,0.80465,"Netlogo_H_27","Net_H"
"304",303,0.16205,0.01215,0.0217,0.8041,"Netlogo_H_27","Net_H"
"305",304,0.16435,0.01155,0.0213,0.8028,"Netlogo_H_27","Net_H"
"306",305,0.16665,0.01055,0.02105,0.80175,"Netlogo_H_27","Net_H"
"307",306,0.1682,0.0109,0.0211,0.7998,"Netlogo_H_27","Net_H"
"308",307,0.1696,0.0118,0.0198,0.7988,"Netlogo_H_27","Net_H"
"309",308,0.1714,0.011,0.02045,0.79715,"Netlogo_H_27","Net_H"
"310",309,0.1734,0.0108,0.02005,0.79575,"Netlogo_H_27","Net_H"
"311",310,0.1749,0.0109,0.0197,0.7945,"Netlogo_H_27","Net_H"
"312",311,0.17705,0.01125,0.0187,0.793,"Netlogo_H_27","Net_H"
"313",312,0.1797,0.0106,0.0196,0.7901,"Netlogo_H_27","Net_H"
"314",313,0.1825,0.00985,0.02,0.78765,"Netlogo_H_27","Net_H"
"315",314,0.18405,0.0095,0.0207,0.78575,"Netlogo_H_27","Net_H"
"316",315,0.1851,0.01015,0.0204,0.78435,"Netlogo_H_27","Net_H"
"317",316,0.1866,0.0104,0.0204,0.7826,"Netlogo_H_27","Net_H"
"318",317,0.18915,0.01085,0.0203,0.7797,"Netlogo_H_27","Net_H"
"319",318,0.1905,0.01085,0.0198,0.77885,"Netlogo_H_27","Net_H"
"320",319,0.1929,0.01055,0.02025,0.7763,"Netlogo_H_27","Net_H"
"321",320,0.1952,0.01085,0.0211,0.77285,"Netlogo_H_27","Net_H"
"322",321,0.19695,0.01025,0.0206,0.7722,"Netlogo_H_27","Net_H"
"323",322,0.19875,0.01025,0.0211,0.7699,"Netlogo_H_27","Net_H"
"324",323,0.1998,0.01125,0.021,0.76795,"Netlogo_H_27","Net_H"
"325",324,0.2008,0.01175,0.02035,0.7671,"Netlogo_H_27","Net_H"
"326",325,0.2029,0.01135,0.02085,0.7649,"Netlogo_H_27","Net_H"
"327",326,0.2032,0.0121,0.0215,0.7632,"Netlogo_H_27","Net_H"
"328",327,0.20345,0.01315,0.0212,0.7622,"Netlogo_H_27","Net_H"
"329",328,0.20575,0.01325,0.0206,0.7604,"Netlogo_H_27","Net_H"
"330",329,0.20665,0.01385,0.0208,0.7587,"Netlogo_H_27","Net_H"
"331",330,0.20805,0.01375,0.0208,0.7574,"Netlogo_H_27","Net_H"
"332",331,0.21005,0.0133,0.02135,0.7553,"Netlogo_H_27","Net_H"
"333",332,0.21035,0.0135,0.0228,0.75335,"Netlogo_H_27","Net_H"
"334",333,0.2106,0.0143,0.02275,0.75235,"Netlogo_H_27","Net_H"
"335",334,0.2115,0.01375,0.02405,0.7507,"Netlogo_H_27","Net_H"
"336",335,0.2126,0.0134,0.02515,0.74885,"Netlogo_H_27","Net_H"
"337",336,0.21325,0.01465,0.02445,0.74765,"Netlogo_H_27","Net_H"
"338",337,0.21335,0.0155,0.0245,0.74665,"Netlogo_H_27","Net_H"
"339",338,0.21355,0.01635,0.02395,0.74615,"Netlogo_H_27","Net_H"
"340",339,0.21465,0.01585,0.02515,0.74435,"Netlogo_H_27","Net_H"
"341",340,0.21505,0.01615,0.02485,0.74395,"Netlogo_H_27","Net_H"
"342",341,0.21675,0.016,0.0251,0.74215,"Netlogo_H_27","Net_H"
"343",342,0.21725,0.0158,0.02535,0.7416,"Netlogo_H_27","Net_H"
"344",343,0.2182,0.01555,0.02645,0.7398,"Netlogo_H_27","Net_H"
"345",344,0.21795,0.0162,0.0266,0.73925,"Netlogo_H_27","Net_H"
"346",345,0.2198,0.016,0.0271,0.7371,"Netlogo_H_27","Net_H"
"347",346,0.2202,0.0172,0.02635,0.73625,"Netlogo_H_27","Net_H"
"348",347,0.22065,0.0169,0.0282,0.73425,"Netlogo_H_27","Net_H"
"349",348,0.2206,0.01775,0.0282,0.73345,"Netlogo_H_27","Net_H"
"350",349,0.21925,0.0186,0.02865,0.7335,"Netlogo_H_27","Net_H"
"351",350,0.2191,0.019,0.0285,0.7334,"Netlogo_H_27","Net_H"
"352",351,0.21885,0.0192,0.0294,0.73255,"Netlogo_H_27","Net_H"
"353",352,0.2177,0.0202,0.02955,0.73255,"Netlogo_H_27","Net_H"
"354",353,0.21755,0.01965,0.0302,0.7326,"Netlogo_H_27","Net_H"
"355",354,0.21725,0.01975,0.0316,0.7314,"Netlogo_H_27","Net_H"
"356",355,0.2175,0.01955,0.0312,0.73175,"Netlogo_H_27","Net_H"
"357",356,0.21615,0.02045,0.03215,0.73125,"Netlogo_H_27","Net_H"
"358",357,0.21615,0.0199,0.03315,0.7308,"Netlogo_H_27","Net_H"
"359",358,0.21545,0.0196,0.03495,0.73,"Netlogo_H_27","Net_H"
"360",359,0.21405,0.0203,0.0357,0.72995,"Netlogo_H_27","Net_H"
"361",360,0.21285,0.02175,0.03485,0.73055,"Netlogo_H_27","Net_H"
"362",361,0.2115,0.0227,0.035,0.7308,"Netlogo_H_27","Net_H"
"363",362,0.2092,0.0242,0.03595,0.73065,"Netlogo_H_27","Net_H"
"364",363,0.2075,0.0246,0.03675,0.73115,"Netlogo_H_27","Net_H"
"365",364,0.208,0.02365,0.03775,0.7306,"Netlogo_H_27","Net_H"
"366",365,0.2062,0.023,0.04035,0.73045,"Netlogo_H_27","Net_H"
"367",366,0.20385,0.0243,0.0398,0.73205,"Netlogo_H_27","Net_H"
"368",367,0.2017,0.0252,0.0402,0.7329,"Netlogo_H_27","Net_H"
"369",368,0.1991,0.0257,0.0411,0.7341,"Netlogo_H_27","Net_H"
"370",369,0.19825,0.02545,0.04225,0.73405,"Netlogo_H_27","Net_H"
"371",370,0.19585,0.0267,0.0431,0.73435,"Netlogo_H_27","Net_H"
"372",371,0.19425,0.027,0.04325,0.7355,"Netlogo_H_27","Net_H"
"373",372,0.19375,0.026,0.04515,0.7351,"Netlogo_H_27","Net_H"
"374",373,0.1918,0.0271,0.04515,0.73595,"Netlogo_H_27","Net_H"
"375",374,0.1908,0.02565,0.04645,0.7371,"Netlogo_H_27","Net_H"
"376",375,0.18955,0.02545,0.04715,0.73785,"Netlogo_H_27","Net_H"
"377",376,0.1882,0.0259,0.0464,0.7395,"Netlogo_H_27","Net_H"
"378",377,0.1858,0.02625,0.0459,0.74205,"Netlogo_H_27","Net_H"
"379",378,0.18355,0.0273,0.0456,0.74355,"Netlogo_H_27","Net_H"
"380",379,0.18265,0.02635,0.0459,0.7451,"Netlogo_H_27","Net_H"
"381",380,0.1824,0.0258,0.04525,0.74655,"Netlogo_H_27","Net_H"
"382",381,0.1808,0.02635,0.04495,0.7479,"Netlogo_H_27","Net_H"
"383",382,0.1801,0.02575,0.04515,0.749,"Netlogo_H_27","Net_H"
"384",383,0.17925,0.0249,0.0463,0.74955,"Netlogo_H_27","Net_H"
"385",384,0.178,0.0242,0.0472,0.7506,"Netlogo_H_27","Net_H"
"386",385,0.178,0.0235,0.04615,0.75235,"Netlogo_H_27","Net_H"
"387",386,0.17785,0.023,0.04595,0.7532,"Netlogo_H_27","Net_H"
"388",387,0.17755,0.02295,0.046,0.7535,"Netlogo_H_27","Net_H"
"389",388,0.17675,0.0234,0.04535,0.7545,"Netlogo_H_27","Net_H"
"390",389,0.1764,0.02295,0.04505,0.7556,"Netlogo_H_27","Net_H"
"391",390,0.1754,0.02305,0.045,0.75655,"Netlogo_H_27","Net_H"
"392",391,0.17555,0.02325,0.0442,0.757,"Netlogo_H_27","Net_H"
"393",392,0.17515,0.02285,0.0445,0.7575,"Netlogo_H_27","Net_H"
"394",393,0.1748,0.0219,0.04435,0.75895,"Netlogo_H_27","Net_H"
"395",394,0.17425,0.02185,0.04345,0.76045,"Netlogo_H_27","Net_H"
"396",395,0.17395,0.0225,0.0431,0.76045,"Netlogo_H_27","Net_H"
"397",396,0.17355,0.0219,0.043,0.76155,"Netlogo_H_27","Net_H"
"398",397,0.17315,0.02245,0.0423,0.7621,"Netlogo_H_27","Net_H"
"399",398,0.173,0.0226,0.04235,0.76205,"Netlogo_H_27","Net_H"
"400",399,0.1725,0.0229,0.0419,0.7627,"Netlogo_H_27","Net_H"
"401",400,0.1734,0.0232,0.0415,0.7619,"Netlogo_H_27","Net_H"
"402",401,0.17255,0.02245,0.0423,0.7627,"Netlogo_H_27","Net_H"
"403",402,0.17295,0.0226,0.04175,0.7627,"Netlogo_H_27","Net_H"
"404",403,0.1721,0.02315,0.041,0.76375,"Netlogo_H_27","Net_H"
"405",404,0.17295,0.02365,0.04035,0.76305,"Netlogo_H_27","Net_H"
"406",405,0.1731,0.02375,0.04135,0.7618,"Netlogo_H_27","Net_H"
"407",406,0.1724,0.02355,0.0419,0.76215,"Netlogo_H_27","Net_H"
"408",407,0.1719,0.02295,0.0423,0.76285,"Netlogo_H_27","Net_H"
"409",408,0.17225,0.02215,0.0429,0.7627,"Netlogo_H_27","Net_H"
"410",409,0.1722,0.0217,0.04295,0.76315,"Netlogo_H_27","Net_H"
"411",410,0.17105,0.0214,0.04355,0.764,"Netlogo_H_27","Net_H"
"412",411,0.1718,0.02125,0.0423,0.76465,"Netlogo_H_27","Net_H"
"413",412,0.17125,0.0209,0.04325,0.7646,"Netlogo_H_27","Net_H"
"414",413,0.1708,0.0217,0.0425,0.765,"Netlogo_H_27","Net_H"
"415",414,0.1699,0.02215,0.0418,0.76615,"Netlogo_H_27","Net_H"
"416",415,0.17065,0.02195,0.04125,0.76615,"Netlogo_H_27","Net_H"
"417",416,0.17115,0.02125,0.0416,0.766,"Netlogo_H_27","Net_H"
"418",417,0.1717,0.02165,0.0414,0.76525,"Netlogo_H_27","Net_H"
"419",418,0.17055,0.0217,0.04125,0.7665,"Netlogo_H_27","Net_H"
"420",419,0.1702,0.02135,0.04105,0.7674,"Netlogo_H_27","Net_H"
"421",420,0.1702,0.02255,0.03985,0.7674,"Netlogo_H_27","Net_H"
"422",421,0.17085,0.0222,0.0403,0.76665,"Netlogo_H_27","Net_H"
"423",422,0.1704,0.02195,0.0408,0.76685,"Netlogo_H_27","Net_H"
"424",423,0.1708,0.02195,0.0413,0.76595,"Netlogo_H_27","Net_H"
"425",424,0.1713,0.0207,0.0422,0.7658,"Netlogo_H_27","Net_H"
"426",425,0.17095,0.02055,0.04235,0.76615,"Netlogo_H_27","Net_H"
"427",426,0.17055,0.02155,0.04155,0.76635,"Netlogo_H_27","Net_H"
"428",427,0.171,0.0219,0.04035,0.76675,"Netlogo_H_27","Net_H"
"429",428,0.1704,0.02205,0.04005,0.7675,"Netlogo_H_27","Net_H"
"430",429,0.1697,0.0226,0.0394,0.7683,"Netlogo_H_27","Net_H"
"431",430,0.17035,0.0212,0.0395,0.76895,"Netlogo_H_27","Net_H"
"432",431,0.17245,0.02025,0.04075,0.76655,"Netlogo_H_27","Net_H"
"433",432,0.1721,0.02065,0.0394,0.76785,"Netlogo_H_27","Net_H"
"434",433,0.17175,0.0209,0.03895,0.7684,"Netlogo_H_27","Net_H"
"435",434,0.17305,0.01925,0.03935,0.76835,"Netlogo_H_27","Net_H"
"436",435,0.17375,0.01885,0.03925,0.76815,"Netlogo_H_27","Net_H"
"437",436,0.174,0.01965,0.03795,0.7684,"Netlogo_H_27","Net_H"
"438",437,0.17395,0.01995,0.03715,0.76895,"Netlogo_H_27","Net_H"
"439",438,0.17415,0.01955,0.03685,0.76945,"Netlogo_H_27","Net_H"
"440",439,0.1756,0.0188,0.0369,0.7687,"Netlogo_H_27","Net_H"
"441",440,0.17595,0.019,0.0372,0.76785,"Netlogo_H_27","Net_H"
"442",441,0.1771,0.01935,0.0361,0.76745,"Netlogo_H_27","Net_H"
"443",442,0.17785,0.0187,0.03635,0.7671,"Netlogo_H_27","Net_H"
"444",443,0.17845,0.01845,0.03625,0.76685,"Netlogo_H_27","Net_H"
"445",444,0.17895,0.0196,0.03505,0.7664,"Netlogo_H_27","Net_H"
"446",445,0.1801,0.019,0.0341,0.7668,"Netlogo_H_27","Net_H"
"447",446,0.1794,0.01995,0.0348,0.76585,"Netlogo_H_27","Net_H"
"448",447,0.1807,0.0195,0.03405,0.76575,"Netlogo_H_27","Net_H"
"449",448,0.18095,0.01905,0.0345,0.7655,"Netlogo_H_27","Net_H"
"450",449,0.18075,0.01905,0.03545,0.76475,"Netlogo_H_27","Net_H"
"451",450,0.1807,0.0195,0.0354,0.7644,"Netlogo_H_27","Net_H"
"452",451,0.1811,0.0197,0.0354,0.7638,"Netlogo_H_27","Net_H"
"453",452,0.18135,0.0205,0.03505,0.7631,"Netlogo_H_27","Net_H"
"454",453,0.1805,0.02045,0.03655,0.7625,"Netlogo_H_27","Net_H"
"455",454,0.18235,0.0194,0.0365,0.76175,"Netlogo_H_27","Net_H"
"456",455,0.1823,0.01955,0.03705,0.7611,"Netlogo_H_27","Net_H"
"457",456,0.18255,0.01995,0.03695,0.76055,"Netlogo_H_27","Net_H"
"458",457,0.1829,0.02015,0.0372,0.75975,"Netlogo_H_27","Net_H"
"459",458,0.1823,0.02155,0.03605,0.7601,"Netlogo_H_27","Net_H"
"460",459,0.18365,0.02105,0.03595,0.75935,"Netlogo_H_27","Net_H"
"461",460,0.1837,0.0201,0.0362,0.76,"Netlogo_H_27","Net_H"
"462",461,0.1846,0.0198,0.03695,0.75865,"Netlogo_H_27","Net_H"
"463",462,0.1855,0.01855,0.0381,0.75785,"Netlogo_H_27","Net_H"
"464",463,0.18345,0.0204,0.0377,0.75845,"Netlogo_H_27","Net_H"
"465",464,0.18355,0.0207,0.037,0.75875,"Netlogo_H_27","Net_H"
"466",465,0.18355,0.02035,0.0375,0.7586,"Netlogo_H_27","Net_H"
"467",466,0.1845,0.0209,0.03685,0.75775,"Netlogo_H_27","Net_H"
"468",467,0.18435,0.02165,0.0368,0.7572,"Netlogo_H_27","Net_H"
"469",468,0.18485,0.02195,0.03715,0.75605,"Netlogo_H_27","Net_H"
"470",469,0.18515,0.0205,0.03815,0.7562,"Netlogo_H_27","Net_H"
"471",470,0.1851,0.02115,0.0381,0.75565,"Netlogo_H_27","Net_H"
"472",471,0.1847,0.02165,0.037,0.75665,"Netlogo_H_27","Net_H"
"473",472,0.18455,0.02195,0.03635,0.75715,"Netlogo_H_27","Net_H"
"474",473,0.1854,0.0208,0.03635,0.75745,"Netlogo_H_27","Net_H"
"475",474,0.186,0.0202,0.03605,0.75775,"Netlogo_H_27","Net_H"
"476",475,0.18665,0.01985,0.0365,0.757,"Netlogo_H_27","Net_H"
"477",476,0.1857,0.01995,0.03765,0.7567,"Netlogo_H_27","Net_H"
"478",477,0.1858,0.02025,0.03625,0.7577,"Netlogo_H_27","Net_H"
"479",478,0.18645,0.02015,0.03655,0.75685,"Netlogo_H_27","Net_H"
"480",479,0.18545,0.02,0.03655,0.758,"Netlogo_H_27","Net_H"
"481",480,0.1845,0.02,0.038,0.7575,"Netlogo_H_27","Net_H"
"482",481,0.185,0.0204,0.03855,0.75605,"Netlogo_H_27","Net_H"
"483",482,0.18365,0.0213,0.03755,0.7575,"Netlogo_H_27","Net_H"
"484",483,0.18385,0.02075,0.03775,0.75765,"Netlogo_H_27","Net_H"
"485",484,0.18285,0.02095,0.03785,0.75835,"Netlogo_H_27","Net_H"
"486",485,0.18335,0.02045,0.0377,0.7585,"Netlogo_H_27","Net_H"
"487",486,0.1823,0.02085,0.03765,0.7592,"Netlogo_H_27","Net_H"
"488",487,0.182,0.02215,0.037,0.75885,"Netlogo_H_27","Net_H"
"489",488,0.18205,0.0224,0.0363,0.75925,"Netlogo_H_27","Net_H"
"490",489,0.18215,0.0221,0.0366,0.75915,"Netlogo_H_27","Net_H"
"491",490,0.18305,0.02165,0.0371,0.7582,"Netlogo_H_27","Net_H"
"492",491,0.1823,0.0211,0.0381,0.7585,"Netlogo_H_27","Net_H"
"493",492,0.18045,0.02225,0.038,0.7593,"Netlogo_H_27","Net_H"
"494",493,0.1806,0.02225,0.0375,0.75965,"Netlogo_H_27","Net_H"
"495",494,0.17995,0.0218,0.0372,0.76105,"Netlogo_H_27","Net_H"
"496",495,0.1797,0.0209,0.039,0.7604,"Netlogo_H_27","Net_H"
"497",496,0.1806,0.0205,0.04,0.7589,"Netlogo_H_27","Net_H"
"498",497,0.1801,0.0216,0.03955,0.75875,"Netlogo_H_27","Net_H"
"499",498,0.1788,0.02225,0.04035,0.7586,"Netlogo_H_27","Net_H"
"500",499,0.17815,0.0223,0.04,0.75955,"Netlogo_H_27","Net_H"
"501",500,0.17675,0.02225,0.04115,0.75985,"Netlogo_H_27","Net_H"
"502",501,0.17635,0.0229,0.04075,0.76,"Netlogo_H_27","Net_H"
"503",502,0.17645,0.0222,0.0414,0.75995,"Netlogo_H_27","Net_H"
"504",503,0.17565,0.022,0.04175,0.7606,"Netlogo_H_27","Net_H"
"505",504,0.17455,0.0222,0.0426,0.76065,"Netlogo_H_27","Net_H"
"506",505,0.17415,0.0223,0.0426,0.76095,"Netlogo_H_27","Net_H"
"507",506,0.17365,0.02305,0.04195,0.76135,"Netlogo_H_27","Net_H"
"508",507,0.17265,0.02355,0.04245,0.76135,"Netlogo_H_27","Net_H"
"509",508,0.1721,0.02295,0.04175,0.7632,"Netlogo_H_27","Net_H"
"510",509,0.17145,0.0227,0.04165,0.7642,"Netlogo_H_27","Net_H"
"511",510,0.17135,0.02165,0.0417,0.7653,"Netlogo_H_27","Net_H"
"512",511,0.17095,0.0217,0.04075,0.7666,"Netlogo_H_27","Net_H"
"513",512,0.17155,0.02105,0.04035,0.76705,"Netlogo_H_27","Net_H"
"514",513,0.17125,0.02175,0.0399,0.7671,"Netlogo_H_27","Net_H"
"515",514,0.17145,0.02145,0.04005,0.76705,"Netlogo_H_27","Net_H"
"516",515,0.17125,0.02225,0.0389,0.7676,"Netlogo_H_27","Net_H"
"517",516,0.17155,0.022,0.0388,0.76765,"Netlogo_H_27","Net_H"
"518",517,0.17035,0.0223,0.0397,0.76765,"Netlogo_H_27","Net_H"
"519",518,0.1698,0.0216,0.04015,0.76845,"Netlogo_H_27","Net_H"
"520",519,0.16985,0.02075,0.0408,0.7686,"Netlogo_H_27","Net_H"
"521",520,0.1689,0.02115,0.0401,0.76985,"Netlogo_H_27","Net_H"
"522",521,0.16815,0.0215,0.0403,0.77005,"Netlogo_H_27","Net_H"
"523",522,0.1668,0.02205,0.03945,0.7717,"Netlogo_H_27","Net_H"
"524",523,0.167,0.02225,0.0392,0.77155,"Netlogo_H_27","Net_H"
"525",524,0.16755,0.02065,0.04055,0.77125,"Netlogo_H_27","Net_H"
"526",525,0.16715,0.02065,0.04135,0.77085,"Netlogo_H_27","Net_H"
"527",526,0.1664,0.02155,0.0405,0.77155,"Netlogo_H_27","Net_H"
"528",527,0.16615,0.02165,0.0403,0.7719,"Netlogo_H_27","Net_H"
"529",528,0.1662,0.02145,0.03985,0.7725,"Netlogo_H_27","Net_H"
"530",529,0.1643,0.02165,0.0399,0.77415,"Netlogo_H_27","Net_H"
"531",530,0.16535,0.021,0.0398,0.77385,"Netlogo_H_27","Net_H"
"532",531,0.16465,0.02025,0.0402,0.7749,"Netlogo_H_27","Net_H"
"533",532,0.16405,0.02165,0.0398,0.7745,"Netlogo_H_27","Net_H"
"534",533,0.1641,0.02155,0.0402,0.77415,"Netlogo_H_27","Net_H"
"535",534,0.16255,0.0228,0.03955,0.7751,"Netlogo_H_27","Net_H"
"536",535,0.1613,0.0223,0.03945,0.77695,"Netlogo_H_27","Net_H"
"537",536,0.1619,0.02145,0.0395,0.77715,"Netlogo_H_27","Net_H"
"538",537,0.16235,0.02025,0.0403,0.7771,"Netlogo_H_27","Net_H"
"539",538,0.1638,0.0191,0.04,0.7771,"Netlogo_H_27","Net_H"
"540",539,0.16375,0.0188,0.0395,0.77795,"Netlogo_H_27","Net_H"
"541",540,0.16365,0.01985,0.03785,0.77865,"Netlogo_H_27","Net_H"
"542",541,0.16335,0.0202,0.0367,0.77975,"Netlogo_H_27","Net_H"
"543",542,0.16335,0.0197,0.0372,0.77975,"Netlogo_H_27","Net_H"
"544",543,0.1623,0.0199,0.03685,0.78095,"Netlogo_H_27","Net_H"
"545",544,0.1625,0.0194,0.03655,0.78155,"Netlogo_H_27","Net_H"
"546",545,0.16375,0.01855,0.03665,0.78105,"Netlogo_H_27","Net_H"
"547",546,0.1646,0.0186,0.03635,0.78045,"Netlogo_H_27","Net_H"
"548",547,0.1641,0.019,0.035,0.7819,"Netlogo_H_27","Net_H"
"549",548,0.16425,0.019,0.0344,0.78235,"Netlogo_H_27","Net_H"
"550",549,0.16575,0.01825,0.03445,0.78155,"Netlogo_H_27","Net_H"
"551",550,0.1671,0.018,0.034,0.7809,"Netlogo_H_27","Net_H"
"552",551,0.16845,0.01695,0.03485,0.77975,"Netlogo_H_27","Net_H"
"553",552,0.16755,0.01795,0.03405,0.78045,"Netlogo_H_27","Net_H"
"554",553,0.16885,0.01805,0.0328,0.7803,"Netlogo_H_27","Net_H"
"555",554,0.1705,0.01675,0.0336,0.77915,"Netlogo_H_27","Net_H"
"556",555,0.17175,0.01625,0.0327,0.7793,"Netlogo_H_27","Net_H"
"557",556,0.1738,0.0155,0.03295,0.77775,"Netlogo_H_27","Net_H"
"558",557,0.1736,0.01655,0.0328,0.77705,"Netlogo_H_27","Net_H"
"559",558,0.1739,0.01655,0.03265,0.7769,"Netlogo_H_27","Net_H"
"560",559,0.17415,0.0171,0.03215,0.7766,"Netlogo_H_27","Net_H"
"561",560,0.1747,0.01745,0.03065,0.7772,"Netlogo_H_27","Net_H"
"562",561,0.17605,0.01635,0.0314,0.7762,"Netlogo_H_27","Net_H"
"563",562,0.17685,0.01675,0.0316,0.7748,"Netlogo_H_27","Net_H"
"564",563,0.177,0.01685,0.03175,0.7744,"Netlogo_H_27","Net_H"
"565",564,0.17815,0.01735,0.0312,0.7733,"Netlogo_H_27","Net_H"
"566",565,0.1792,0.01755,0.0302,0.77305,"Netlogo_H_27","Net_H"
"567",566,0.1796,0.01785,0.03035,0.7722,"Netlogo_H_27","Net_H"
"568",567,0.18085,0.01795,0.0304,0.7708,"Netlogo_H_27","Net_H"
"569",568,0.18105,0.01855,0.03015,0.77025,"Netlogo_H_27","Net_H"
"570",569,0.18145,0.0183,0.03105,0.7692,"Netlogo_H_27","Net_H"
"571",570,0.1826,0.0182,0.03085,0.76835,"Netlogo_H_27","Net_H"
"572",571,0.18345,0.0188,0.03105,0.7667,"Netlogo_H_27","Net_H"
"573",572,0.18415,0.01835,0.0311,0.7664,"Netlogo_H_27","Net_H"
"574",573,0.1844,0.01915,0.03035,0.7661,"Netlogo_H_27","Net_H"
"575",574,0.1852,0.0184,0.0308,0.7656,"Netlogo_H_27","Net_H"
"576",575,0.1873,0.01735,0.03145,0.7639,"Netlogo_H_27","Net_H"
"577",576,0.18785,0.0177,0.0315,0.76295,"Netlogo_H_27","Net_H"
"578",577,0.18715,0.0182,0.0315,0.76315,"Netlogo_H_27","Net_H"
"579",578,0.1878,0.01935,0.03105,0.7618,"Netlogo_H_27","Net_H"
"580",579,0.1888,0.01925,0.03085,0.7611,"Netlogo_H_27","Net_H"
"581",580,0.1896,0.0188,0.03185,0.75975,"Netlogo_H_27","Net_H"
"582",581,0.1899,0.0185,0.0326,0.759,"Netlogo_H_27","Net_H"
"583",582,0.1889,0.0188,0.03245,0.75985,"Netlogo_H_27","Net_H"
"584",583,0.18985,0.01905,0.03185,0.75925,"Netlogo_H_27","Net_H"
"585",584,0.19095,0.0182,0.03195,0.7589,"Netlogo_H_27","Net_H"
"586",585,0.19165,0.01775,0.03215,0.75845,"Netlogo_H_27","Net_H"
"587",586,0.1934,0.01645,0.033,0.75715,"Netlogo_H_27","Net_H"
"588",587,0.1941,0.0175,0.0324,0.756,"Netlogo_H_27","Net_H"
"589",588,0.1945,0.0181,0.0322,0.7552,"Netlogo_H_27","Net_H"
"590",589,0.19655,0.01815,0.0316,0.7537,"Netlogo_H_27","Net_H"
"591",590,0.19675,0.01795,0.0319,0.7534,"Netlogo_H_27","Net_H"
"592",591,0.1978,0.01765,0.0328,0.75175,"Netlogo_H_27","Net_H"
"593",592,0.19805,0.01835,0.0328,0.7508,"Netlogo_H_27","Net_H"
"594",593,0.19825,0.0193,0.03195,0.7505,"Netlogo_H_27","Net_H"
"595",594,0.199,0.0193,0.03195,0.74975,"Netlogo_H_27","Net_H"
"596",595,0.1999,0.0194,0.0323,0.7484,"Netlogo_H_27","Net_H"
"597",596,0.1994,0.02045,0.03255,0.7476,"Netlogo_H_27","Net_H"
"598",597,0.19935,0.0205,0.0328,0.74735,"Netlogo_H_27","Net_H"
"599",598,0.1993,0.02105,0.0332,0.74645,"Netlogo_H_27","Net_H"
"600",599,0.19805,0.02,0.03455,0.7474,"Netlogo_H_27","Net_H"
"601",600,0.1994,0.0197,0.0345,0.7464,"Netlogo_H_27","Net_H"
"602",601,0.19945,0.01955,0.03555,0.74545,"Netlogo_H_27","Net_H"
"603",602,0.19915,0.0207,0.03545,0.7447,"Netlogo_H_27","Net_H"
"604",603,0.1989,0.02125,0.03575,0.7441,"Netlogo_H_27","Net_H"
"605",604,0.19835,0.0217,0.03595,0.744,"Netlogo_H_27","Net_H"
"606",605,0.1988,0.0214,0.03685,0.74295,"Netlogo_H_27","Net_H"
"607",606,0.19825,0.02145,0.03805,0.74225,"Netlogo_H_27","Net_H"
"608",607,0.19715,0.0219,0.0395,0.74145,"Netlogo_H_27","Net_H"
"609",608,0.19665,0.0221,0.0393,0.74195,"Netlogo_H_27","Net_H"
"610",609,0.19545,0.02185,0.04085,0.74185,"Netlogo_H_27","Net_H"
"611",610,0.1936,0.0235,0.0398,0.7431,"Netlogo_H_27","Net_H"
"612",611,0.19245,0.02455,0.03955,0.74345,"Netlogo_H_27","Net_H"
"613",612,0.19225,0.02465,0.04035,0.74275,"Netlogo_H_27","Net_H"
"614",613,0.19065,0.025,0.04075,0.7436,"Netlogo_H_27","Net_H"
"615",614,0.1896,0.0239,0.04275,0.74375,"Netlogo_H_27","Net_H"
"616",615,0.1893,0.0233,0.0433,0.7441,"Netlogo_H_27","Net_H"
"617",616,0.18875,0.02415,0.04275,0.74435,"Netlogo_H_27","Net_H"
"618",617,0.18665,0.0246,0.0443,0.74445,"Netlogo_H_27","Net_H"
"619",618,0.1867,0.0239,0.045,0.7444,"Netlogo_H_27","Net_H"
"620",619,0.1854,0.024,0.0449,0.7457,"Netlogo_H_27","Net_H"
"621",620,0.18495,0.0237,0.04575,0.7456,"Netlogo_H_27","Net_H"
"622",621,0.18355,0.0247,0.04525,0.7465,"Netlogo_H_27","Net_H"
"623",622,0.1809,0.02635,0.04535,0.7474,"Netlogo_H_27","Net_H"
"624",623,0.1805,0.0253,0.046,0.7482,"Netlogo_H_27","Net_H"
"625",624,0.1803,0.0246,0.04685,0.74825,"Netlogo_H_27","Net_H"
"626",625,0.17805,0.0258,0.04635,0.7498,"Netlogo_H_27","Net_H"
"627",626,0.1772,0.0271,0.04585,0.74985,"Netlogo_H_27","Net_H"
"628",627,0.1769,0.02635,0.0464,0.75035,"Netlogo_H_27","Net_H"
"629",628,0.17685,0.0258,0.0455,0.75185,"Netlogo_H_27","Net_H"
"630",629,0.1766,0.025,0.04665,0.75175,"Netlogo_H_27","Net_H"
