"","step","S","E","I","R","simu","Langage"
"1",0,0.999,0,0.001,0,"Netlogo_H_26","Net_H"
"2",1,0.99825,0.00075,0.001,0,"Netlogo_H_26","Net_H"
"3",2,0.99745,0.00155,0.00085,0.00015,"Netlogo_H_26","Net_H"
"4",3,0.99605,0.00275,0.00105,0.00015,"Netlogo_H_26","Net_H"
"5",4,0.9953,0.0032,0.0011,4e-04,"Netlogo_H_26","Net_H"
"6",5,0.99465,0.0033,0.00155,5e-04,"Netlogo_H_26","Net_H"
"7",6,0.9934,0.00355,0.0023,0.00075,"Netlogo_H_26","Net_H"
"8",7,0.9919,0.0044,0.00275,0.00095,"Netlogo_H_26","Net_H"
"9",8,0.99045,0.00485,0.00325,0.00145,"Netlogo_H_26","Net_H"
"10",9,0.98835,0.00615,0.00375,0.00175,"Netlogo_H_26","Net_H"
"11",10,0.9853,0.0082,0.0043,0.0022,"Netlogo_H_26","Net_H"
"12",11,0.98225,0.00995,0.00515,0.00265,"Netlogo_H_26","Net_H"
"13",12,0.97845,0.0118,0.0066,0.00315,"Netlogo_H_26","Net_H"
"14",13,0.9742,0.01375,0.00835,0.0037,"Netlogo_H_26","Net_H"
"15",14,0.96825,0.01645,0.0107,0.0046,"Netlogo_H_26","Net_H"
"16",15,0.9605,0.02115,0.01275,0.0056,"Netlogo_H_26","Net_H"
"17",16,0.9524,0.02535,0.01575,0.0065,"Netlogo_H_26","Net_H"
"18",17,0.9434,0.0298,0.0187,0.0081,"Netlogo_H_26","Net_H"
"19",18,0.9314,0.0366,0.02215,0.00985,"Netlogo_H_26","Net_H"
"20",19,0.9168,0.0442,0.02675,0.01225,"Netlogo_H_26","Net_H"
"21",20,0.89955,0.0537,0.03225,0.0145,"Netlogo_H_26","Net_H"
"22",21,0.88025,0.0631,0.03905,0.0176,"Netlogo_H_26","Net_H"
"23",22,0.8572,0.07355,0.04715,0.0221,"Netlogo_H_26","Net_H"
"24",23,0.8275,0.0893,0.0566,0.0266,"Netlogo_H_26","Net_H"
"25",24,0.79575,0.1049,0.0688,0.03055,"Netlogo_H_26","Net_H"
"26",25,0.76005,0.1199,0.0831,0.03695,"Netlogo_H_26","Net_H"
"27",26,0.71625,0.1404,0.09855,0.0448,"Netlogo_H_26","Net_H"
"28",27,0.6686,0.1612,0.11585,0.05435,"Netlogo_H_26","Net_H"
"29",28,0.6172,0.17945,0.1365,0.06685,"Netlogo_H_26","Net_H"
"30",29,0.5595,0.20085,0.159,0.08065,"Netlogo_H_26","Net_H"
"31",30,0.50205,0.21735,0.1836,0.097,"Netlogo_H_26","Net_H"
"32",31,0.44335,0.2302,0.2117,0.11475,"Netlogo_H_26","Net_H"
"33",32,0.3834,0.2433,0.23725,0.13605,"Netlogo_H_26","Net_H"
"34",33,0.32645,0.24925,0.2628,0.1615,"Netlogo_H_26","Net_H"
"35",34,0.27395,0.2491,0.2875,0.18945,"Netlogo_H_26","Net_H"
"36",35,0.22325,0.2462,0.31225,0.2183,"Netlogo_H_26","Net_H"
"37",36,0.17915,0.2369,0.32955,0.2544,"Netlogo_H_26","Net_H"
"38",37,0.14325,0.218,0.34665,0.2921,"Netlogo_H_26","Net_H"
"39",38,0.11175,0.19575,0.36295,0.32955,"Netlogo_H_26","Net_H"
"40",39,0.08615,0.17635,0.36755,0.36995,"Netlogo_H_26","Net_H"
"41",40,0.0687,0.15105,0.37025,0.41,"Netlogo_H_26","Net_H"
"42",41,0.05315,0.1293,0.3641,0.45345,"Netlogo_H_26","Net_H"
"43",42,0.0431,0.11005,0.35155,0.4953,"Netlogo_H_26","Net_H"
"44",43,0.036,0.0901,0.338,0.5359,"Netlogo_H_26","Net_H"
"45",44,0.0311,0.07305,0.3206,0.57525,"Netlogo_H_26","Net_H"
"46",45,0.0261,0.05975,0.2988,0.61535,"Netlogo_H_26","Net_H"
"47",46,0.02345,0.04965,0.2776,0.6493,"Netlogo_H_26","Net_H"
"48",47,0.02105,0.04095,0.25575,0.68225,"Netlogo_H_26","Net_H"
"49",48,0.0191,0.0342,0.2362,0.7105,"Netlogo_H_26","Net_H"
"50",49,0.0189,0.02745,0.2149,0.73875,"Netlogo_H_26","Net_H"
"51",50,0.01825,0.0223,0.19595,0.7635,"Netlogo_H_26","Net_H"
"52",51,0.01855,0.01985,0.17415,0.78745,"Netlogo_H_26","Net_H"
"53",52,0.0184,0.0161,0.1576,0.8079,"Netlogo_H_26","Net_H"
"54",53,0.02005,0.0128,0.142,0.82515,"Netlogo_H_26","Net_H"
"55",54,0.02115,0.011,0.1267,0.84115,"Netlogo_H_26","Net_H"
"56",55,0.0216,0.0106,0.1122,0.8556,"Netlogo_H_26","Net_H"
"57",56,0.02315,0.0104,0.10005,0.8664,"Netlogo_H_26","Net_H"
"58",57,0.02415,0.009,0.08855,0.8783,"Netlogo_H_26","Net_H"
"59",58,0.02615,0.0077,0.0792,0.88695,"Netlogo_H_26","Net_H"
"60",59,0.02765,0.00705,0.0705,0.8948,"Netlogo_H_26","Net_H"
"61",60,0.0292,0.00665,0.06305,0.9011,"Netlogo_H_26","Net_H"
"62",61,0.031,0.0063,0.0555,0.9072,"Netlogo_H_26","Net_H"
"63",62,0.0328,0.00585,0.0499,0.91145,"Netlogo_H_26","Net_H"
"64",63,0.0357,0.0056,0.0435,0.9152,"Netlogo_H_26","Net_H"
"65",64,0.0373,0.0055,0.0387,0.9185,"Netlogo_H_26","Net_H"
"66",65,0.03985,0.005,0.03465,0.9205,"Netlogo_H_26","Net_H"
"67",66,0.04315,0.00495,0.0304,0.9215,"Netlogo_H_26","Net_H"
"68",67,0.04645,0.00425,0.02755,0.92175,"Netlogo_H_26","Net_H"
"69",68,0.0494,0.004,0.0253,0.9213,"Netlogo_H_26","Net_H"
"70",69,0.0514,0.0036,0.0229,0.9221,"Netlogo_H_26","Net_H"
"71",70,0.05355,0.00395,0.02045,0.92205,"Netlogo_H_26","Net_H"
"72",71,0.05535,0.0041,0.01785,0.9227,"Netlogo_H_26","Net_H"
"73",72,0.0574,0.00395,0.0164,0.92225,"Netlogo_H_26","Net_H"
"74",73,0.06015,0.0035,0.0152,0.92115,"Netlogo_H_26","Net_H"
"75",74,0.0624,0.0033,0.01355,0.92075,"Netlogo_H_26","Net_H"
"76",75,0.0651,0.00325,0.01155,0.9201,"Netlogo_H_26","Net_H"
"77",76,0.0675,0.00285,0.01055,0.9191,"Netlogo_H_26","Net_H"
"78",77,0.0701,0.0025,0.0095,0.9179,"Netlogo_H_26","Net_H"
"79",78,0.07315,0.00215,0.0086,0.9161,"Netlogo_H_26","Net_H"
"80",79,0.0761,0.00185,0.00785,0.9142,"Netlogo_H_26","Net_H"
"81",80,0.07835,0.00195,0.00705,0.91265,"Netlogo_H_26","Net_H"
"82",81,0.08135,0.0015,0.0069,0.91025,"Netlogo_H_26","Net_H"
"83",82,0.08435,0.0017,0.00635,0.9076,"Netlogo_H_26","Net_H"
"84",83,0.0873,0.0016,0.0053,0.9058,"Netlogo_H_26","Net_H"
"85",84,0.09015,0.00145,0.00505,0.90335,"Netlogo_H_26","Net_H"
"86",85,0.09285,0.0012,0.00495,0.901,"Netlogo_H_26","Net_H"
"87",86,0.0962,0.00115,0.00445,0.8982,"Netlogo_H_26","Net_H"
"88",87,0.0988,0.00115,0.00415,0.8959,"Netlogo_H_26","Net_H"
"89",88,0.10165,0.001,0.0041,0.89325,"Netlogo_H_26","Net_H"
"90",89,0.10515,0.0012,0.0037,0.88995,"Netlogo_H_26","Net_H"
"91",90,0.1085,0.0011,0.00335,0.88705,"Netlogo_H_26","Net_H"
"92",91,0.111,0.00125,0.00295,0.8848,"Netlogo_H_26","Net_H"
"93",92,0.1139,0.00105,0.003,0.88205,"Netlogo_H_26","Net_H"
"94",93,0.117,0.00085,0.0028,0.87935,"Netlogo_H_26","Net_H"
"95",94,0.11965,0.00085,0.00265,0.87685,"Netlogo_H_26","Net_H"
"96",95,0.12325,0.00095,0.0023,0.8735,"Netlogo_H_26","Net_H"
"97",96,0.1259,0.00075,0.0023,0.87105,"Netlogo_H_26","Net_H"
"98",97,0.12855,7e-04,0.0024,0.86835,"Netlogo_H_26","Net_H"
"99",98,0.13195,0.00065,0.00215,0.86525,"Netlogo_H_26","Net_H"
"100",99,0.1342,0.00055,0.0019,0.86335,"Netlogo_H_26","Net_H"
"101",100,0.13755,0.00055,0.00195,0.85995,"Netlogo_H_26","Net_H"
"102",101,0.14085,0.00055,0.00185,0.85675,"Netlogo_H_26","Net_H"
"103",102,0.1435,0.00075,0.00185,0.8539,"Netlogo_H_26","Net_H"
"104",103,0.14605,0.00095,0.00165,0.85135,"Netlogo_H_26","Net_H"
"105",104,0.1485,0.00105,0.0015,0.84895,"Netlogo_H_26","Net_H"
"106",105,0.15065,0.0011,0.0016,0.84665,"Netlogo_H_26","Net_H"
"107",106,0.1529,0.00105,0.00165,0.8444,"Netlogo_H_26","Net_H"
"108",107,0.15495,0.00115,0.0015,0.8424,"Netlogo_H_26","Net_H"
"109",108,0.1584,8e-04,0.0017,0.8391,"Netlogo_H_26","Net_H"
"110",109,0.16005,0.00085,0.00155,0.83755,"Netlogo_H_26","Net_H"
"111",110,0.1619,0.00125,0.00135,0.8355,"Netlogo_H_26","Net_H"
"112",111,0.1643,0.00115,0.00135,0.8332,"Netlogo_H_26","Net_H"
"113",112,0.16625,0.00075,0.00175,0.83125,"Netlogo_H_26","Net_H"
"114",113,0.1694,0.00085,0.00165,0.8281,"Netlogo_H_26","Net_H"
"115",114,0.17195,0.00065,0.00175,0.82565,"Netlogo_H_26","Net_H"
"116",115,0.17455,0.00075,0.0017,0.823,"Netlogo_H_26","Net_H"
"117",116,0.1763,6e-04,0.00175,0.82135,"Netlogo_H_26","Net_H"
"118",117,0.17885,0.00055,0.0018,0.8188,"Netlogo_H_26","Net_H"
"119",118,0.18115,0.00065,0.00195,0.81625,"Netlogo_H_26","Net_H"
"120",119,0.18295,0.00075,0.0019,0.8144,"Netlogo_H_26","Net_H"
"121",120,0.1845,0.00105,0.00165,0.8128,"Netlogo_H_26","Net_H"
"122",121,0.18655,0.0011,0.0015,0.81085,"Netlogo_H_26","Net_H"
"123",122,0.18925,0.0011,0.0015,0.80815,"Netlogo_H_26","Net_H"
"124",123,0.19105,0.0012,0.0015,0.80625,"Netlogo_H_26","Net_H"
"125",124,0.19335,0.0012,0.0016,0.80385,"Netlogo_H_26","Net_H"
"126",125,0.1954,0.00105,0.0018,0.80175,"Netlogo_H_26","Net_H"
"127",126,0.1973,7e-04,0.00215,0.79985,"Netlogo_H_26","Net_H"
"128",127,0.1996,0.001,0.00195,0.79745,"Netlogo_H_26","Net_H"
"129",128,0.20155,0.00095,0.002,0.7955,"Netlogo_H_26","Net_H"
"130",129,0.20345,0.00115,0.00195,0.79345,"Netlogo_H_26","Net_H"
"131",130,0.2056,0.00135,0.00155,0.7915,"Netlogo_H_26","Net_H"
"132",131,0.2076,0.00115,0.0016,0.78965,"Netlogo_H_26","Net_H"
"133",132,0.2097,0.001,0.0018,0.7875,"Netlogo_H_26","Net_H"
"134",133,0.21235,8e-04,0.0019,0.78495,"Netlogo_H_26","Net_H"
"135",134,0.2139,0.00085,0.00205,0.7832,"Netlogo_H_26","Net_H"
"136",135,0.2162,8e-04,0.002,0.781,"Netlogo_H_26","Net_H"
"137",136,0.218,0.001,0.00185,0.77915,"Netlogo_H_26","Net_H"
"138",137,0.21925,9e-04,0.0019,0.77795,"Netlogo_H_26","Net_H"
"139",138,0.22155,9e-04,0.00165,0.7759,"Netlogo_H_26","Net_H"
"140",139,0.2229,0.00095,0.00165,0.7745,"Netlogo_H_26","Net_H"
"141",140,0.22475,0.001,0.0017,0.77255,"Netlogo_H_26","Net_H"
"142",141,0.22675,0.00105,0.0017,0.7705,"Netlogo_H_26","Net_H"
"143",142,0.22865,0.00105,0.0018,0.7685,"Netlogo_H_26","Net_H"
"144",143,0.2303,0.00115,0.00155,0.767,"Netlogo_H_26","Net_H"
"145",144,0.23225,0.0012,0.00175,0.7648,"Netlogo_H_26","Net_H"
"146",145,0.2341,0.0013,0.0016,0.763,"Netlogo_H_26","Net_H"
"147",146,0.23585,0.0015,0.00165,0.761,"Netlogo_H_26","Net_H"
"148",147,0.23825,0.0014,0.00175,0.7586,"Netlogo_H_26","Net_H"
"149",148,0.24005,0.00135,0.0017,0.7569,"Netlogo_H_26","Net_H"
"150",149,0.2416,0.0013,0.00185,0.75525,"Netlogo_H_26","Net_H"
"151",150,0.24295,0.0014,0.00225,0.7534,"Netlogo_H_26","Net_H"
"152",151,0.24465,0.00175,0.0019,0.7517,"Netlogo_H_26","Net_H"
"153",152,0.2466,0.0017,0.0022,0.7495,"Netlogo_H_26","Net_H"
"154",153,0.2482,0.00135,0.00265,0.7478,"Netlogo_H_26","Net_H"
"155",154,0.2504,0.00135,0.0028,0.74545,"Netlogo_H_26","Net_H"
"156",155,0.25205,0.00155,0.00285,0.74355,"Netlogo_H_26","Net_H"
"157",156,0.25365,0.0016,0.00275,0.742,"Netlogo_H_26","Net_H"
"158",157,0.2558,0.00155,0.00265,0.74,"Netlogo_H_26","Net_H"
"159",158,0.25745,0.0013,0.00295,0.7383,"Netlogo_H_26","Net_H"
"160",159,0.2587,0.0018,0.0024,0.7371,"Netlogo_H_26","Net_H"
"161",160,0.26035,0.00185,0.00235,0.73545,"Netlogo_H_26","Net_H"
"162",161,0.2624,0.0018,0.0026,0.7332,"Netlogo_H_26","Net_H"
"163",162,0.26395,0.00175,0.0026,0.7317,"Netlogo_H_26","Net_H"
"164",163,0.26575,0.0016,0.0029,0.72975,"Netlogo_H_26","Net_H"
"165",164,0.2675,0.0019,0.0031,0.7275,"Netlogo_H_26","Net_H"
"166",165,0.269,0.00205,0.00345,0.7255,"Netlogo_H_26","Net_H"
"167",166,0.27035,0.0025,0.00325,0.7239,"Netlogo_H_26","Net_H"
"168",167,0.2718,0.0026,0.0034,0.7222,"Netlogo_H_26","Net_H"
"169",168,0.2729,0.0029,0.00325,0.72095,"Netlogo_H_26","Net_H"
"170",169,0.27405,0.0028,0.00375,0.7194,"Netlogo_H_26","Net_H"
"171",170,0.27545,0.003,0.004,0.71755,"Netlogo_H_26","Net_H"
"172",171,0.2768,0.0035,0.00435,0.71535,"Netlogo_H_26","Net_H"
"173",172,0.2791,0.00415,0.0044,0.71235,"Netlogo_H_26","Net_H"
"174",173,0.2802,0.0043,0.0043,0.7112,"Netlogo_H_26","Net_H"
"175",174,0.2811,0.0044,0.0046,0.7099,"Netlogo_H_26","Net_H"
"176",175,0.28205,0.0041,0.0056,0.70825,"Netlogo_H_26","Net_H"
"177",176,0.28335,0.0042,0.00625,0.7062,"Netlogo_H_26","Net_H"
"178",177,0.2841,0.00455,0.00655,0.7048,"Netlogo_H_26","Net_H"
"179",178,0.28515,0.0048,0.007,0.70305,"Netlogo_H_26","Net_H"
"180",179,0.28565,0.00435,0.00735,0.70265,"Netlogo_H_26","Net_H"
"181",180,0.2859,0.00515,0.00705,0.7019,"Netlogo_H_26","Net_H"
"182",181,0.2863,0.0053,0.0077,0.7007,"Netlogo_H_26","Net_H"
"183",182,0.2861,0.00615,0.00775,0.7,"Netlogo_H_26","Net_H"
"184",183,0.28745,0.0064,0.00805,0.6981,"Netlogo_H_26","Net_H"
"185",184,0.2887,0.0058,0.0086,0.6969,"Netlogo_H_26","Net_H"
"186",185,0.2889,0.0062,0.00885,0.69605,"Netlogo_H_26","Net_H"
"187",186,0.2885,0.007,0.00935,0.69515,"Netlogo_H_26","Net_H"
"188",187,0.2883,0.00745,0.00915,0.6951,"Netlogo_H_26","Net_H"
"189",188,0.2879,0.00855,0.00965,0.6939,"Netlogo_H_26","Net_H"
"190",189,0.288,0.00945,0.00975,0.6928,"Netlogo_H_26","Net_H"
"191",190,0.2869,0.00955,0.0111,0.69245,"Netlogo_H_26","Net_H"
"192",191,0.28725,0.0095,0.01185,0.6914,"Netlogo_H_26","Net_H"
"193",192,0.286,0.0094,0.01365,0.69095,"Netlogo_H_26","Net_H"
"194",193,0.28585,0.0097,0.0144,0.69005,"Netlogo_H_26","Net_H"
"195",194,0.28535,0.0107,0.0149,0.68905,"Netlogo_H_26","Net_H"
"196",195,0.28495,0.0109,0.0158,0.68835,"Netlogo_H_26","Net_H"
"197",196,0.2832,0.0125,0.0164,0.6879,"Netlogo_H_26","Net_H"
"198",197,0.2819,0.0122,0.0179,0.688,"Netlogo_H_26","Net_H"
"199",198,0.28035,0.0137,0.01835,0.6876,"Netlogo_H_26","Net_H"
"200",199,0.2789,0.01385,0.019,0.68825,"Netlogo_H_26","Net_H"
"201",200,0.2777,0.01395,0.0204,0.68795,"Netlogo_H_26","Net_H"
"202",201,0.27545,0.0152,0.02125,0.6881,"Netlogo_H_26","Net_H"
"203",202,0.2727,0.0163,0.02265,0.68835,"Netlogo_H_26","Net_H"
"204",203,0.27055,0.0172,0.0238,0.68845,"Netlogo_H_26","Net_H"
"205",204,0.268,0.01865,0.02445,0.6889,"Netlogo_H_26","Net_H"
"206",205,0.26545,0.0196,0.0255,0.68945,"Netlogo_H_26","Net_H"
"207",206,0.263,0.02035,0.0265,0.69015,"Netlogo_H_26","Net_H"
"208",207,0.2603,0.02015,0.02825,0.6913,"Netlogo_H_26","Net_H"
"209",208,0.2575,0.02115,0.02995,0.6914,"Netlogo_H_26","Net_H"
"210",209,0.25365,0.0229,0.03055,0.6929,"Netlogo_H_26","Net_H"
"211",210,0.25115,0.0229,0.0314,0.69455,"Netlogo_H_26","Net_H"
"212",211,0.249,0.02295,0.0327,0.69535,"Netlogo_H_26","Net_H"
"213",212,0.24455,0.02435,0.0343,0.6968,"Netlogo_H_26","Net_H"
"214",213,0.24205,0.0232,0.0366,0.69815,"Netlogo_H_26","Net_H"
"215",214,0.2385,0.0255,0.03715,0.69885,"Netlogo_H_26","Net_H"
"216",215,0.2344,0.02685,0.03725,0.7015,"Netlogo_H_26","Net_H"
"217",216,0.23135,0.0268,0.0384,0.70345,"Netlogo_H_26","Net_H"
"218",217,0.22815,0.02695,0.03995,0.70495,"Netlogo_H_26","Net_H"
"219",218,0.2245,0.0276,0.0414,0.7065,"Netlogo_H_26","Net_H"
"220",219,0.22075,0.02755,0.0439,0.7078,"Netlogo_H_26","Net_H"
"221",220,0.2163,0.02885,0.04445,0.7104,"Netlogo_H_26","Net_H"
"222",221,0.2126,0.02965,0.04495,0.7128,"Netlogo_H_26","Net_H"
"223",222,0.2099,0.02885,0.0459,0.71535,"Netlogo_H_26","Net_H"
"224",223,0.20695,0.0276,0.0473,0.71815,"Netlogo_H_26","Net_H"
"225",224,0.20255,0.02935,0.0472,0.7209,"Netlogo_H_26","Net_H"
"226",225,0.19985,0.02905,0.0492,0.7219,"Netlogo_H_26","Net_H"
"227",226,0.1962,0.0283,0.04985,0.72565,"Netlogo_H_26","Net_H"
"228",227,0.19235,0.0295,0.05075,0.7274,"Netlogo_H_26","Net_H"
"229",228,0.18895,0.0297,0.0507,0.73065,"Netlogo_H_26","Net_H"
"230",229,0.18515,0.0294,0.05165,0.7338,"Netlogo_H_26","Net_H"
"231",230,0.18115,0.02965,0.05075,0.73845,"Netlogo_H_26","Net_H"
"232",231,0.17785,0.0288,0.0522,0.74115,"Netlogo_H_26","Net_H"
"233",232,0.1739,0.02875,0.05225,0.7451,"Netlogo_H_26","Net_H"
"234",233,0.1708,0.02895,0.0513,0.74895,"Netlogo_H_26","Net_H"
"235",234,0.16775,0.02865,0.0508,0.7528,"Netlogo_H_26","Net_H"
"236",235,0.165,0.0279,0.0511,0.756,"Netlogo_H_26","Net_H"
"237",236,0.16215,0.02635,0.0521,0.7594,"Netlogo_H_26","Net_H"
"238",237,0.16045,0.0257,0.0514,0.76245,"Netlogo_H_26","Net_H"
"239",238,0.15835,0.0257,0.0512,0.76475,"Netlogo_H_26","Net_H"
"240",239,0.15595,0.02625,0.05005,0.76775,"Netlogo_H_26","Net_H"
"241",240,0.15475,0.0248,0.0506,0.76985,"Netlogo_H_26","Net_H"
"242",241,0.1534,0.02325,0.05065,0.7727,"Netlogo_H_26","Net_H"
"243",242,0.1507,0.0235,0.0503,0.7755,"Netlogo_H_26","Net_H"
"244",243,0.14955,0.0232,0.0491,0.77815,"Netlogo_H_26","Net_H"
"245",244,0.14795,0.0233,0.04815,0.7806,"Netlogo_H_26","Net_H"
"246",245,0.14685,0.0233,0.0473,0.78255,"Netlogo_H_26","Net_H"
"247",246,0.1444,0.0234,0.0465,0.7857,"Netlogo_H_26","Net_H"
"248",247,0.1433,0.02305,0.04675,0.7869,"Netlogo_H_26","Net_H"
"249",248,0.1425,0.02225,0.04655,0.7887,"Netlogo_H_26","Net_H"
"250",249,0.14015,0.0218,0.046,0.79205,"Netlogo_H_26","Net_H"
"251",250,0.13855,0.02155,0.0452,0.7947,"Netlogo_H_26","Net_H"
"252",251,0.13695,0.0212,0.04535,0.7965,"Netlogo_H_26","Net_H"
"253",252,0.1358,0.0204,0.04495,0.79885,"Netlogo_H_26","Net_H"
"254",253,0.13545,0.01965,0.0435,0.8014,"Netlogo_H_26","Net_H"
"255",254,0.135,0.01915,0.0421,0.80375,"Netlogo_H_26","Net_H"
"256",255,0.13425,0.01905,0.03975,0.80695,"Netlogo_H_26","Net_H"
"257",256,0.13465,0.01805,0.0389,0.8084,"Netlogo_H_26","Net_H"
"258",257,0.13535,0.01775,0.0379,0.809,"Netlogo_H_26","Net_H"
"259",258,0.13545,0.0171,0.0371,0.81035,"Netlogo_H_26","Net_H"
"260",259,0.13555,0.01785,0.03635,0.81025,"Netlogo_H_26","Net_H"
"261",260,0.13635,0.0175,0.0358,0.81035,"Netlogo_H_26","Net_H"
"262",261,0.1374,0.0174,0.0353,0.8099,"Netlogo_H_26","Net_H"
"263",262,0.1388,0.0165,0.03395,0.81075,"Netlogo_H_26","Net_H"
"264",263,0.13945,0.01605,0.0328,0.8117,"Netlogo_H_26","Net_H"
"265",264,0.1401,0.0157,0.03185,0.81235,"Netlogo_H_26","Net_H"
"266",265,0.14185,0.01515,0.0307,0.8123,"Netlogo_H_26","Net_H"
"267",266,0.14315,0.01415,0.031,0.8117,"Netlogo_H_26","Net_H"
"268",267,0.14465,0.01345,0.03085,0.81105,"Netlogo_H_26","Net_H"
"269",268,0.14585,0.01265,0.03015,0.81135,"Netlogo_H_26","Net_H"
"270",269,0.14715,0.0124,0.0285,0.81195,"Netlogo_H_26","Net_H"
"271",270,0.14795,0.0127,0.02795,0.8114,"Netlogo_H_26","Net_H"
"272",271,0.14895,0.01355,0.0275,0.81,"Netlogo_H_26","Net_H"
"273",272,0.1505,0.0139,0.0265,0.8091,"Netlogo_H_26","Net_H"
"274",273,0.1523,0.0138,0.0259,0.808,"Netlogo_H_26","Net_H"
"275",274,0.15435,0.01295,0.0259,0.8068,"Netlogo_H_26","Net_H"
"276",275,0.1555,0.01335,0.02575,0.8054,"Netlogo_H_26","Net_H"
"277",276,0.1568,0.01305,0.02555,0.8046,"Netlogo_H_26","Net_H"
"278",277,0.1592,0.01125,0.02655,0.803,"Netlogo_H_26","Net_H"
"279",278,0.16115,0.01035,0.02565,0.80285,"Netlogo_H_26","Net_H"
"280",279,0.1622,0.01095,0.02475,0.8021,"Netlogo_H_26","Net_H"
"281",280,0.165,0.011,0.02325,0.80075,"Netlogo_H_26","Net_H"
"282",281,0.16665,0.01175,0.02165,0.79995,"Netlogo_H_26","Net_H"
"283",282,0.1689,0.01165,0.0213,0.79815,"Netlogo_H_26","Net_H"
"284",283,0.1703,0.01065,0.0221,0.79695,"Netlogo_H_26","Net_H"
"285",284,0.1727,0.01065,0.0213,0.79535,"Netlogo_H_26","Net_H"
"286",285,0.17515,0.0099,0.0213,0.79365,"Netlogo_H_26","Net_H"
"287",286,0.1761,0.0104,0.0212,0.7923,"Netlogo_H_26","Net_H"
"288",287,0.1776,0.0111,0.0204,0.7909,"Netlogo_H_26","Net_H"
"289",288,0.179,0.0112,0.02025,0.78955,"Netlogo_H_26","Net_H"
"290",289,0.18105,0.01115,0.01985,0.78795,"Netlogo_H_26","Net_H"
"291",290,0.184,0.01095,0.01975,0.7853,"Netlogo_H_26","Net_H"
"292",291,0.18645,0.0113,0.01925,0.783,"Netlogo_H_26","Net_H"
"293",292,0.18935,0.0112,0.0184,0.78105,"Netlogo_H_26","Net_H"
"294",293,0.19045,0.01115,0.0187,0.7797,"Netlogo_H_26","Net_H"
"295",294,0.1916,0.01085,0.01965,0.7779,"Netlogo_H_26","Net_H"
"296",295,0.194,0.01135,0.0197,0.77495,"Netlogo_H_26","Net_H"
"297",296,0.1952,0.01185,0.02005,0.7729,"Netlogo_H_26","Net_H"
"298",297,0.19735,0.01105,0.02095,0.77065,"Netlogo_H_26","Net_H"
"299",298,0.19885,0.0106,0.0205,0.77005,"Netlogo_H_26","Net_H"
"300",299,0.2012,0.01035,0.02085,0.7676,"Netlogo_H_26","Net_H"
"301",300,0.20285,0.0117,0.0209,0.76455,"Netlogo_H_26","Net_H"
"302",301,0.20405,0.01275,0.02015,0.76305,"Netlogo_H_26","Net_H"
"303",302,0.20635,0.01195,0.0207,0.761,"Netlogo_H_26","Net_H"
"304",303,0.20835,0.01175,0.0214,0.7585,"Netlogo_H_26","Net_H"
"305",304,0.20915,0.0125,0.0214,0.75695,"Netlogo_H_26","Net_H"
"306",305,0.2112,0.01225,0.0221,0.75445,"Netlogo_H_26","Net_H"
"307",306,0.2118,0.01325,0.0221,0.75285,"Netlogo_H_26","Net_H"
"308",307,0.2123,0.0146,0.02205,0.75105,"Netlogo_H_26","Net_H"
"309",308,0.2128,0.0147,0.023,0.7495,"Netlogo_H_26","Net_H"
"310",309,0.2138,0.01395,0.02345,0.7488,"Netlogo_H_26","Net_H"
"311",310,0.2159,0.01405,0.0239,0.74615,"Netlogo_H_26","Net_H"
"312",311,0.21625,0.0137,0.0243,0.74575,"Netlogo_H_26","Net_H"
"313",312,0.21565,0.01425,0.0239,0.7462,"Netlogo_H_26","Net_H"
"314",313,0.2162,0.0143,0.0246,0.7449,"Netlogo_H_26","Net_H"
"315",314,0.21665,0.0144,0.0248,0.74415,"Netlogo_H_26","Net_H"
"316",315,0.2152,0.0161,0.02515,0.74355,"Netlogo_H_26","Net_H"
"317",316,0.21635,0.01555,0.02625,0.74185,"Netlogo_H_26","Net_H"
"318",317,0.21545,0.01655,0.0263,0.7417,"Netlogo_H_26","Net_H"
"319",318,0.21645,0.01635,0.02625,0.74095,"Netlogo_H_26","Net_H"
"320",319,0.217,0.01655,0.0261,0.74035,"Netlogo_H_26","Net_H"
"321",320,0.217,0.01685,0.0268,0.73935,"Netlogo_H_26","Net_H"
"322",321,0.2165,0.0172,0.027,0.7393,"Netlogo_H_26","Net_H"
"323",322,0.21745,0.0171,0.02725,0.7382,"Netlogo_H_26","Net_H"
"324",323,0.21715,0.01815,0.0279,0.7368,"Netlogo_H_26","Net_H"
"325",324,0.21765,0.01805,0.02805,0.73625,"Netlogo_H_26","Net_H"
"326",325,0.2177,0.0174,0.0287,0.7362,"Netlogo_H_26","Net_H"
"327",326,0.2175,0.01835,0.02825,0.7359,"Netlogo_H_26","Net_H"
"328",327,0.21855,0.01815,0.029,0.7343,"Netlogo_H_26","Net_H"
"329",328,0.2178,0.01925,0.0289,0.73405,"Netlogo_H_26","Net_H"
"330",329,0.21765,0.02005,0.02965,0.73265,"Netlogo_H_26","Net_H"
"331",330,0.2181,0.01975,0.0304,0.73175,"Netlogo_H_26","Net_H"
"332",331,0.2189,0.02,0.0313,0.7298,"Netlogo_H_26","Net_H"
"333",332,0.2183,0.02025,0.03195,0.7295,"Netlogo_H_26","Net_H"
"334",333,0.2174,0.02025,0.0324,0.72995,"Netlogo_H_26","Net_H"
"335",334,0.21575,0.0204,0.03305,0.7308,"Netlogo_H_26","Net_H"
"336",335,0.2146,0.02145,0.03325,0.7307,"Netlogo_H_26","Net_H"
"337",336,0.214,0.02245,0.03235,0.7312,"Netlogo_H_26","Net_H"
"338",337,0.2132,0.02215,0.03335,0.7313,"Netlogo_H_26","Net_H"
"339",338,0.21245,0.022,0.0349,0.73065,"Netlogo_H_26","Net_H"
"340",339,0.21155,0.02275,0.0353,0.7304,"Netlogo_H_26","Net_H"
"341",340,0.20975,0.02325,0.0363,0.7307,"Netlogo_H_26","Net_H"
"342",341,0.20935,0.023,0.03655,0.7311,"Netlogo_H_26","Net_H"
"343",342,0.2069,0.0234,0.0379,0.7318,"Netlogo_H_26","Net_H"
"344",343,0.20565,0.02375,0.03815,0.73245,"Netlogo_H_26","Net_H"
"345",344,0.20385,0.02375,0.04035,0.73205,"Netlogo_H_26","Net_H"
"346",345,0.20335,0.0237,0.0405,0.73245,"Netlogo_H_26","Net_H"
"347",346,0.20175,0.0238,0.0407,0.73375,"Netlogo_H_26","Net_H"
"348",347,0.2009,0.02445,0.0419,0.73275,"Netlogo_H_26","Net_H"
"349",348,0.19995,0.0242,0.0423,0.73355,"Netlogo_H_26","Net_H"
"350",349,0.19815,0.0245,0.0426,0.73475,"Netlogo_H_26","Net_H"
"351",350,0.19675,0.0252,0.0434,0.73465,"Netlogo_H_26","Net_H"
"352",351,0.1943,0.02555,0.04465,0.7355,"Netlogo_H_26","Net_H"
"353",352,0.1935,0.0256,0.0448,0.7361,"Netlogo_H_26","Net_H"
"354",353,0.19315,0.02455,0.04675,0.73555,"Netlogo_H_26","Net_H"
"355",354,0.1902,0.02675,0.0464,0.73665,"Netlogo_H_26","Net_H"
"356",355,0.18665,0.02805,0.047,0.7383,"Netlogo_H_26","Net_H"
"357",356,0.1851,0.0277,0.04805,0.73915,"Netlogo_H_26","Net_H"
"358",357,0.18355,0.02795,0.04775,0.74075,"Netlogo_H_26","Net_H"
"359",358,0.1809,0.0287,0.0485,0.7419,"Netlogo_H_26","Net_H"
"360",359,0.1791,0.02795,0.0496,0.74335,"Netlogo_H_26","Net_H"
"361",360,0.1789,0.02735,0.0496,0.74415,"Netlogo_H_26","Net_H"
"362",361,0.17735,0.0268,0.0508,0.74505,"Netlogo_H_26","Net_H"
"363",362,0.176,0.02675,0.05075,0.7465,"Netlogo_H_26","Net_H"
"364",363,0.1732,0.02635,0.0509,0.74955,"Netlogo_H_26","Net_H"
"365",364,0.1719,0.02615,0.0512,0.75075,"Netlogo_H_26","Net_H"
"366",365,0.17005,0.02695,0.05045,0.75255,"Netlogo_H_26","Net_H"
"367",366,0.1682,0.0267,0.0509,0.7542,"Netlogo_H_26","Net_H"
"368",367,0.16805,0.02575,0.05155,0.75465,"Netlogo_H_26","Net_H"
"369",368,0.166,0.02565,0.0524,0.75595,"Netlogo_H_26","Net_H"
"370",369,0.16505,0.02555,0.052,0.7574,"Netlogo_H_26","Net_H"
"371",370,0.1638,0.02555,0.0519,0.75875,"Netlogo_H_26","Net_H"
"372",371,0.1624,0.02535,0.0513,0.76095,"Netlogo_H_26","Net_H"
"373",372,0.16085,0.02615,0.05075,0.76225,"Netlogo_H_26","Net_H"
"374",373,0.16025,0.0254,0.05045,0.7639,"Netlogo_H_26","Net_H"
"375",374,0.1593,0.02435,0.0502,0.76615,"Netlogo_H_26","Net_H"
"376",375,0.15925,0.02365,0.05075,0.76635,"Netlogo_H_26","Net_H"
"377",376,0.15895,0.02425,0.0486,0.7682,"Netlogo_H_26","Net_H"
"378",377,0.1583,0.0242,0.0483,0.7692,"Netlogo_H_26","Net_H"
"379",378,0.1579,0.0235,0.04765,0.77095,"Netlogo_H_26","Net_H"
"380",379,0.157,0.0242,0.0465,0.7723,"Netlogo_H_26","Net_H"
"381",380,0.15645,0.02235,0.0471,0.7741,"Netlogo_H_26","Net_H"
"382",381,0.15595,0.023,0.04585,0.7752,"Netlogo_H_26","Net_H"
"383",382,0.15615,0.0228,0.04435,0.7767,"Netlogo_H_26","Net_H"
"384",383,0.1561,0.0226,0.04325,0.77805,"Netlogo_H_26","Net_H"
"385",384,0.15635,0.0221,0.0436,0.77795,"Netlogo_H_26","Net_H"
"386",385,0.15775,0.0205,0.04475,0.777,"Netlogo_H_26","Net_H"
"387",386,0.1582,0.0204,0.04425,0.77715,"Netlogo_H_26","Net_H"
"388",387,0.1582,0.02045,0.04215,0.7792,"Netlogo_H_26","Net_H"
"389",388,0.1584,0.0204,0.0429,0.7783,"Netlogo_H_26","Net_H"
"390",389,0.1589,0.0206,0.04195,0.77855,"Netlogo_H_26","Net_H"
"391",390,0.1599,0.0209,0.0412,0.778,"Netlogo_H_26","Net_H"
"392",391,0.1609,0.0194,0.04205,0.77765,"Netlogo_H_26","Net_H"
"393",392,0.16205,0.0199,0.0414,0.77665,"Netlogo_H_26","Net_H"
"394",393,0.16255,0.02025,0.04115,0.77605,"Netlogo_H_26","Net_H"
"395",394,0.16145,0.0217,0.0412,0.77565,"Netlogo_H_26","Net_H"
"396",395,0.1612,0.0227,0.0405,0.7756,"Netlogo_H_26","Net_H"
"397",396,0.1615,0.02255,0.0406,0.77535,"Netlogo_H_26","Net_H"
"398",397,0.1621,0.02225,0.0405,0.77515,"Netlogo_H_26","Net_H"
"399",398,0.162,0.02225,0.04085,0.7749,"Netlogo_H_26","Net_H"
"400",399,0.1627,0.02055,0.0416,0.77515,"Netlogo_H_26","Net_H"
"401",400,0.163,0.0197,0.04125,0.77605,"Netlogo_H_26","Net_H"
"402",401,0.16215,0.0203,0.0412,0.77635,"Netlogo_H_26","Net_H"
"403",402,0.1628,0.02105,0.03985,0.7763,"Netlogo_H_26","Net_H"
"404",403,0.16225,0.0211,0.0394,0.77725,"Netlogo_H_26","Net_H"
"405",404,0.16235,0.0217,0.03815,0.7778,"Netlogo_H_26","Net_H"
"406",405,0.16345,0.01975,0.03895,0.77785,"Netlogo_H_26","Net_H"
"407",406,0.16405,0.0195,0.03875,0.7777,"Netlogo_H_26","Net_H"
"408",407,0.1633,0.0196,0.0385,0.7786,"Netlogo_H_26","Net_H"
"409",408,0.1626,0.02025,0.0381,0.77905,"Netlogo_H_26","Net_H"
"410",409,0.1645,0.01945,0.03755,0.7785,"Netlogo_H_26","Net_H"
"411",410,0.1658,0.0183,0.03785,0.77805,"Netlogo_H_26","Net_H"
"412",411,0.16675,0.01895,0.03695,0.77735,"Netlogo_H_26","Net_H"
"413",412,0.16795,0.01905,0.03675,0.77625,"Netlogo_H_26","Net_H"
"414",413,0.1689,0.01855,0.03675,0.7758,"Netlogo_H_26","Net_H"
"415",414,0.16965,0.01945,0.0351,0.7758,"Netlogo_H_26","Net_H"
"416",415,0.1708,0.01855,0.0354,0.77525,"Netlogo_H_26","Net_H"
"417",416,0.172,0.01835,0.03505,0.7746,"Netlogo_H_26","Net_H"
"418",417,0.17335,0.01725,0.035,0.7744,"Netlogo_H_26","Net_H"
"419",418,0.17455,0.0168,0.0353,0.77335,"Netlogo_H_26","Net_H"
"420",419,0.17465,0.01815,0.03445,0.77275,"Netlogo_H_26","Net_H"
"421",420,0.17495,0.0194,0.03425,0.7714,"Netlogo_H_26","Net_H"
"422",421,0.17695,0.01805,0.03465,0.77035,"Netlogo_H_26","Net_H"
"423",422,0.178,0.0179,0.0353,0.7688,"Netlogo_H_26","Net_H"
"424",423,0.17875,0.01845,0.03485,0.76795,"Netlogo_H_26","Net_H"
"425",424,0.179,0.01885,0.03485,0.7673,"Netlogo_H_26","Net_H"
"426",425,0.17995,0.01905,0.0348,0.7662,"Netlogo_H_26","Net_H"
"427",426,0.1814,0.01855,0.03475,0.7653,"Netlogo_H_26","Net_H"
"428",427,0.1816,0.0192,0.0363,0.7629,"Netlogo_H_26","Net_H"
"429",428,0.1816,0.0199,0.03505,0.76345,"Netlogo_H_26","Net_H"
"430",429,0.18315,0.0194,0.03525,0.7622,"Netlogo_H_26","Net_H"
"431",430,0.18235,0.0191,0.0365,0.76205,"Netlogo_H_26","Net_H"
"432",431,0.1828,0.019,0.03645,0.76175,"Netlogo_H_26","Net_H"
"433",432,0.18375,0.0196,0.0368,0.75985,"Netlogo_H_26","Net_H"
"434",433,0.18375,0.019,0.037,0.76025,"Netlogo_H_26","Net_H"
"435",434,0.18475,0.01835,0.0376,0.7593,"Netlogo_H_26","Net_H"
"436",435,0.1854,0.0184,0.0372,0.759,"Netlogo_H_26","Net_H"
"437",436,0.18615,0.0185,0.03695,0.7584,"Netlogo_H_26","Net_H"
"438",437,0.18615,0.0199,0.03645,0.7575,"Netlogo_H_26","Net_H"
"439",438,0.18595,0.02025,0.03595,0.75785,"Netlogo_H_26","Net_H"
"440",439,0.18605,0.02025,0.0354,0.7583,"Netlogo_H_26","Net_H"
"441",440,0.1852,0.02125,0.0359,0.75765,"Netlogo_H_26","Net_H"
"442",441,0.1856,0.0207,0.0365,0.7572,"Netlogo_H_26","Net_H"
"443",442,0.18485,0.0218,0.03635,0.757,"Netlogo_H_26","Net_H"
"444",443,0.18555,0.0215,0.0361,0.75685,"Netlogo_H_26","Net_H"
"445",444,0.1852,0.02155,0.03715,0.7561,"Netlogo_H_26","Net_H"
"446",445,0.18545,0.0217,0.0373,0.75555,"Netlogo_H_26","Net_H"
"447",446,0.1863,0.0213,0.0378,0.7546,"Netlogo_H_26","Net_H"
"448",447,0.18535,0.02185,0.038,0.7548,"Netlogo_H_26","Net_H"
"449",448,0.1849,0.0212,0.0397,0.7542,"Netlogo_H_26","Net_H"
"450",449,0.1845,0.0206,0.0394,0.7555,"Netlogo_H_26","Net_H"
"451",450,0.184,0.0213,0.03915,0.75555,"Netlogo_H_26","Net_H"
"452",451,0.1825,0.02245,0.03785,0.7572,"Netlogo_H_26","Net_H"
"453",452,0.1831,0.02175,0.0373,0.75785,"Netlogo_H_26","Net_H"
"454",453,0.1834,0.02165,0.0368,0.75815,"Netlogo_H_26","Net_H"
"455",454,0.1829,0.0206,0.03735,0.75915,"Netlogo_H_26","Net_H"
"456",455,0.18235,0.0216,0.03715,0.7589,"Netlogo_H_26","Net_H"
"457",456,0.1818,0.02155,0.0363,0.76035,"Netlogo_H_26","Net_H"
"458",457,0.1826,0.02005,0.0372,0.76015,"Netlogo_H_26","Net_H"
"459",458,0.1829,0.02025,0.03755,0.7593,"Netlogo_H_26","Net_H"
"460",459,0.18305,0.0203,0.03715,0.7595,"Netlogo_H_26","Net_H"
"461",460,0.18335,0.0207,0.036,0.75995,"Netlogo_H_26","Net_H"
"462",461,0.1829,0.0203,0.0369,0.7599,"Netlogo_H_26","Net_H"
"463",462,0.18345,0.02055,0.03635,0.75965,"Netlogo_H_26","Net_H"
"464",463,0.1841,0.0201,0.0355,0.7603,"Netlogo_H_26","Net_H"
"465",464,0.1837,0.02055,0.03645,0.7593,"Netlogo_H_26","Net_H"
"466",465,0.1835,0.02085,0.0359,0.75975,"Netlogo_H_26","Net_H"
"467",466,0.1843,0.02,0.03605,0.75965,"Netlogo_H_26","Net_H"
"468",467,0.18505,0.01975,0.03615,0.75905,"Netlogo_H_26","Net_H"
"469",468,0.1858,0.01795,0.03645,0.7598,"Netlogo_H_26","Net_H"
"470",469,0.1874,0.01665,0.037,0.75895,"Netlogo_H_26","Net_H"
"471",470,0.187,0.01805,0.0361,0.75885,"Netlogo_H_26","Net_H"
"472",471,0.18645,0.01915,0.035,0.7594,"Netlogo_H_26","Net_H"
"473",472,0.187,0.0201,0.03425,0.75865,"Netlogo_H_26","Net_H"
"474",473,0.18725,0.0205,0.03505,0.7572,"Netlogo_H_26","Net_H"
"475",474,0.18745,0.0201,0.03495,0.7575,"Netlogo_H_26","Net_H"
"476",475,0.1878,0.0205,0.03495,0.75675,"Netlogo_H_26","Net_H"
"477",476,0.1888,0.0195,0.03575,0.75595,"Netlogo_H_26","Net_H"
"478",477,0.18845,0.02005,0.03545,0.75605,"Netlogo_H_26","Net_H"
"479",478,0.18795,0.0204,0.03555,0.7561,"Netlogo_H_26","Net_H"
"480",479,0.18805,0.02,0.03655,0.7554,"Netlogo_H_26","Net_H"
"481",480,0.18695,0.0211,0.03715,0.7548,"Netlogo_H_26","Net_H"
"482",481,0.18765,0.02075,0.03735,0.75425,"Netlogo_H_26","Net_H"
"483",482,0.1876,0.02035,0.037,0.75505,"Netlogo_H_26","Net_H"
"484",483,0.18825,0.0198,0.03755,0.7544,"Netlogo_H_26","Net_H"
"485",484,0.1882,0.02085,0.0363,0.75465,"Netlogo_H_26","Net_H"
"486",485,0.18805,0.02085,0.03635,0.75475,"Netlogo_H_26","Net_H"
"487",486,0.1886,0.0204,0.0362,0.7548,"Netlogo_H_26","Net_H"
"488",487,0.1883,0.0205,0.0367,0.7545,"Netlogo_H_26","Net_H"
"489",488,0.1891,0.0201,0.03655,0.75425,"Netlogo_H_26","Net_H"
"490",489,0.18945,0.02015,0.03745,0.75295,"Netlogo_H_26","Net_H"
"491",490,0.18945,0.0205,0.03745,0.7526,"Netlogo_H_26","Net_H"
"492",491,0.18795,0.0211,0.0382,0.75275,"Netlogo_H_26","Net_H"
"493",492,0.1878,0.0212,0.03775,0.75325,"Netlogo_H_26","Net_H"
"494",493,0.1875,0.0216,0.03705,0.75385,"Netlogo_H_26","Net_H"
"495",494,0.1871,0.0209,0.03715,0.75485,"Netlogo_H_26","Net_H"
"496",495,0.18725,0.0205,0.0374,0.75485,"Netlogo_H_26","Net_H"
"497",496,0.1869,0.02105,0.03705,0.755,"Netlogo_H_26","Net_H"
"498",497,0.1872,0.0201,0.0374,0.7553,"Netlogo_H_26","Net_H"
"499",498,0.18625,0.0214,0.03675,0.7556,"Netlogo_H_26","Net_H"
"500",499,0.1859,0.02135,0.03695,0.7558,"Netlogo_H_26","Net_H"
"501",500,0.1854,0.02155,0.0368,0.75625,"Netlogo_H_26","Net_H"
"502",501,0.1857,0.02085,0.0369,0.75655,"Netlogo_H_26","Net_H"
"503",502,0.185,0.0206,0.0377,0.7567,"Netlogo_H_26","Net_H"
"504",503,0.1856,0.0211,0.0379,0.7554,"Netlogo_H_26","Net_H"
"505",504,0.18585,0.0204,0.0387,0.75505,"Netlogo_H_26","Net_H"
"506",505,0.1859,0.0211,0.0374,0.7556,"Netlogo_H_26","Net_H"
"507",506,0.1856,0.02155,0.0374,0.75545,"Netlogo_H_26","Net_H"
"508",507,0.18615,0.0219,0.0381,0.75385,"Netlogo_H_26","Net_H"
"509",508,0.18555,0.02145,0.03825,0.75475,"Netlogo_H_26","Net_H"
"510",509,0.1864,0.02035,0.0383,0.75495,"Netlogo_H_26","Net_H"
"511",510,0.18645,0.02025,0.038,0.7553,"Netlogo_H_26","Net_H"
"512",511,0.18545,0.02135,0.0372,0.756,"Netlogo_H_26","Net_H"
"513",512,0.1844,0.02155,0.03715,0.7569,"Netlogo_H_26","Net_H"
"514",513,0.18435,0.02145,0.0378,0.7564,"Netlogo_H_26","Net_H"
"515",514,0.18295,0.02155,0.0389,0.7566,"Netlogo_H_26","Net_H"
"516",515,0.18235,0.02135,0.0393,0.757,"Netlogo_H_26","Net_H"
"517",516,0.1804,0.02185,0.04065,0.7571,"Netlogo_H_26","Net_H"
"518",517,0.1804,0.02145,0.04155,0.7566,"Netlogo_H_26","Net_H"
"519",518,0.18065,0.0211,0.0418,0.75645,"Netlogo_H_26","Net_H"
"520",519,0.17965,0.02185,0.0411,0.7574,"Netlogo_H_26","Net_H"
"521",520,0.1794,0.0216,0.04145,0.75755,"Netlogo_H_26","Net_H"
"522",521,0.1789,0.0217,0.0411,0.7583,"Netlogo_H_26","Net_H"
"523",522,0.17765,0.02275,0.04085,0.75875,"Netlogo_H_26","Net_H"
"524",523,0.176,0.0239,0.03975,0.76035,"Netlogo_H_26","Net_H"
"525",524,0.1762,0.02335,0.03965,0.7608,"Netlogo_H_26","Net_H"
"526",525,0.1764,0.02195,0.0405,0.76115,"Netlogo_H_26","Net_H"
"527",526,0.1757,0.02085,0.0409,0.76255,"Netlogo_H_26","Net_H"
"528",527,0.17645,0.0192,0.04215,0.7622,"Netlogo_H_26","Net_H"
"529",528,0.17605,0.0211,0.0411,0.76175,"Netlogo_H_26","Net_H"
"530",529,0.17575,0.0229,0.03865,0.7627,"Netlogo_H_26","Net_H"
"531",530,0.1759,0.0225,0.0381,0.7635,"Netlogo_H_26","Net_H"
"532",531,0.17455,0.02225,0.0389,0.7643,"Netlogo_H_26","Net_H"
"533",532,0.1759,0.02035,0.03915,0.7646,"Netlogo_H_26","Net_H"
"534",533,0.17425,0.0215,0.0381,0.76615,"Netlogo_H_26","Net_H"
"535",534,0.1746,0.0204,0.0387,0.7663,"Netlogo_H_26","Net_H"
"536",535,0.17375,0.0202,0.0383,0.76775,"Netlogo_H_26","Net_H"
"537",536,0.17285,0.02055,0.03775,0.76885,"Netlogo_H_26","Net_H"
"538",537,0.1739,0.0197,0.03855,0.76785,"Netlogo_H_26","Net_H"
"539",538,0.17415,0.02055,0.03825,0.76705,"Netlogo_H_26","Net_H"
"540",539,0.17415,0.02115,0.03785,0.76685,"Netlogo_H_26","Net_H"
"541",540,0.1734,0.02085,0.0384,0.76735,"Netlogo_H_26","Net_H"
"542",541,0.1742,0.0197,0.03885,0.76725,"Netlogo_H_26","Net_H"
"543",542,0.1745,0.0199,0.03905,0.76655,"Netlogo_H_26","Net_H"
"544",543,0.17435,0.02025,0.03845,0.76695,"Netlogo_H_26","Net_H"
"545",544,0.1736,0.02035,0.0389,0.76715,"Netlogo_H_26","Net_H"
"546",545,0.1739,0.0209,0.03825,0.76695,"Netlogo_H_26","Net_H"
"547",546,0.1743,0.02065,0.0375,0.76755,"Netlogo_H_26","Net_H"
"548",547,0.1752,0.01885,0.03885,0.7671,"Netlogo_H_26","Net_H"
"549",548,0.17575,0.01885,0.03945,0.76595,"Netlogo_H_26","Net_H"
"550",549,0.1749,0.0207,0.0381,0.7663,"Netlogo_H_26","Net_H"
"551",550,0.17535,0.02155,0.03795,0.76515,"Netlogo_H_26","Net_H"
"552",551,0.1756,0.02245,0.03725,0.7647,"Netlogo_H_26","Net_H"
"553",552,0.1759,0.02165,0.037,0.76545,"Netlogo_H_26","Net_H"
"554",553,0.17765,0.02105,0.0378,0.7635,"Netlogo_H_26","Net_H"
"555",554,0.1791,0.02045,0.03805,0.7624,"Netlogo_H_26","Net_H"
"556",555,0.1789,0.0206,0.0376,0.7629,"Netlogo_H_26","Net_H"
"557",556,0.18015,0.02075,0.0372,0.7619,"Netlogo_H_26","Net_H"
"558",557,0.1797,0.0206,0.0382,0.7615,"Netlogo_H_26","Net_H"
"559",558,0.18085,0.021,0.0374,0.76075,"Netlogo_H_26","Net_H"
"560",559,0.1814,0.0213,0.0375,0.7598,"Netlogo_H_26","Net_H"
"561",560,0.18045,0.0204,0.0383,0.76085,"Netlogo_H_26","Net_H"
"562",561,0.1806,0.0214,0.0384,0.7596,"Netlogo_H_26","Net_H"
"563",562,0.1811,0.0218,0.03825,0.75885,"Netlogo_H_26","Net_H"
"564",563,0.18095,0.0214,0.0391,0.75855,"Netlogo_H_26","Net_H"
"565",564,0.18,0.02265,0.03865,0.7587,"Netlogo_H_26","Net_H"
"566",565,0.18095,0.0221,0.0385,0.75845,"Netlogo_H_26","Net_H"
"567",566,0.1814,0.02105,0.03915,0.7584,"Netlogo_H_26","Net_H"
"568",567,0.18125,0.0203,0.03835,0.7601,"Netlogo_H_26","Net_H"
"569",568,0.1822,0.0208,0.03665,0.76035,"Netlogo_H_26","Net_H"
"570",569,0.1827,0.0207,0.0362,0.7604,"Netlogo_H_26","Net_H"
"571",570,0.183,0.02055,0.03735,0.7591,"Netlogo_H_26","Net_H"
"572",571,0.1841,0.0197,0.0378,0.7584,"Netlogo_H_26","Net_H"
"573",572,0.1837,0.02005,0.0376,0.75865,"Netlogo_H_26","Net_H"
"574",573,0.18275,0.0214,0.0362,0.75965,"Netlogo_H_26","Net_H"
"575",574,0.183,0.02125,0.0365,0.75925,"Netlogo_H_26","Net_H"
"576",575,0.18315,0.02075,0.0365,0.7596,"Netlogo_H_26","Net_H"
"577",576,0.185,0.0191,0.0372,0.7587,"Netlogo_H_26","Net_H"
"578",577,0.18445,0.01995,0.0376,0.758,"Netlogo_H_26","Net_H"
"579",578,0.18385,0.021,0.0367,0.75845,"Netlogo_H_26","Net_H"
"580",579,0.18375,0.0218,0.03615,0.7583,"Netlogo_H_26","Net_H"
"581",580,0.1844,0.0213,0.03755,0.75675,"Netlogo_H_26","Net_H"
"582",581,0.18425,0.0214,0.0376,0.75675,"Netlogo_H_26","Net_H"
"583",582,0.1842,0.02185,0.0371,0.75685,"Netlogo_H_26","Net_H"
"584",583,0.184,0.021,0.0376,0.7574,"Netlogo_H_26","Net_H"
"585",584,0.1842,0.0203,0.0378,0.7577,"Netlogo_H_26","Net_H"
"586",585,0.1834,0.0193,0.03975,0.75755,"Netlogo_H_26","Net_H"
"587",586,0.1815,0.02005,0.04085,0.7576,"Netlogo_H_26","Net_H"
"588",587,0.18095,0.0212,0.0392,0.75865,"Netlogo_H_26","Net_H"
"589",588,0.18105,0.0221,0.03855,0.7583,"Netlogo_H_26","Net_H"
"590",589,0.18095,0.02195,0.03925,0.75785,"Netlogo_H_26","Net_H"
"591",590,0.18245,0.0215,0.0393,0.75675,"Netlogo_H_26","Net_H"
"592",591,0.18345,0.0213,0.0397,0.75555,"Netlogo_H_26","Net_H"
"593",592,0.1828,0.0216,0.03975,0.75585,"Netlogo_H_26","Net_H"
"594",593,0.1818,0.0221,0.0395,0.7566,"Netlogo_H_26","Net_H"
"595",594,0.18275,0.0214,0.0409,0.75495,"Netlogo_H_26","Net_H"
"596",595,0.181,0.0223,0.04155,0.75515,"Netlogo_H_26","Net_H"
"597",596,0.18035,0.0225,0.042,0.75515,"Netlogo_H_26","Net_H"
"598",597,0.1807,0.02255,0.0423,0.75445,"Netlogo_H_26","Net_H"
"599",598,0.1812,0.02235,0.0422,0.75425,"Netlogo_H_26","Net_H"
"600",599,0.18015,0.0225,0.04315,0.7542,"Netlogo_H_26","Net_H"
"601",600,0.18075,0.0218,0.04295,0.7545,"Netlogo_H_26","Net_H"
"602",601,0.18055,0.02135,0.04315,0.75495,"Netlogo_H_26","Net_H"
"603",602,0.1807,0.0217,0.043,0.7546,"Netlogo_H_26","Net_H"
"604",603,0.1795,0.02205,0.0434,0.75505,"Netlogo_H_26","Net_H"
"605",604,0.1795,0.02295,0.0428,0.75475,"Netlogo_H_26","Net_H"
"606",605,0.1793,0.02215,0.04225,0.7563,"Netlogo_H_26","Net_H"
"607",606,0.18055,0.02115,0.0418,0.7565,"Netlogo_H_26","Net_H"
"608",607,0.18065,0.02025,0.0425,0.7566,"Netlogo_H_26","Net_H"
"609",608,0.1807,0.02145,0.04155,0.7563,"Netlogo_H_26","Net_H"
"610",609,0.17985,0.02185,0.0401,0.7582,"Netlogo_H_26","Net_H"
"611",610,0.17985,0.021,0.04095,0.7582,"Netlogo_H_26","Net_H"
"612",611,0.1791,0.02145,0.04075,0.7587,"Netlogo_H_26","Net_H"
"613",612,0.1779,0.02175,0.0403,0.76005,"Netlogo_H_26","Net_H"
"614",613,0.1769,0.0232,0.0396,0.7603,"Netlogo_H_26","Net_H"
"615",614,0.17725,0.0233,0.04035,0.7591,"Netlogo_H_26","Net_H"
"616",615,0.17835,0.0222,0.04105,0.7584,"Netlogo_H_26","Net_H"
"617",616,0.17855,0.0216,0.04135,0.7585,"Netlogo_H_26","Net_H"
"618",617,0.1791,0.0221,0.04065,0.75815,"Netlogo_H_26","Net_H"
"619",618,0.17855,0.02305,0.0405,0.7579,"Netlogo_H_26","Net_H"
"620",619,0.17805,0.02365,0.04115,0.75715,"Netlogo_H_26","Net_H"
"621",620,0.17785,0.02335,0.04155,0.75725,"Netlogo_H_26","Net_H"
"622",621,0.17715,0.02305,0.0423,0.7575,"Netlogo_H_26","Net_H"
"623",622,0.17715,0.0221,0.04185,0.7589,"Netlogo_H_26","Net_H"
"624",623,0.17705,0.02175,0.04265,0.75855,"Netlogo_H_26","Net_H"
"625",624,0.177,0.022,0.04225,0.75875,"Netlogo_H_26","Net_H"
"626",625,0.1777,0.0227,0.04185,0.75775,"Netlogo_H_26","Net_H"
"627",626,0.179,0.02355,0.04025,0.7572,"Netlogo_H_26","Net_H"
"628",627,0.1794,0.02265,0.04025,0.7577,"Netlogo_H_26","Net_H"
"629",628,0.1781,0.02335,0.041,0.75755,"Netlogo_H_26","Net_H"
"630",629,0.17745,0.02265,0.04165,0.75825,"Netlogo_H_26","Net_H"
