"","step","S","E","I","R","simu","Langage"
"1",0,0.999,0,0.001,0,"Netlogo_H_9","Net_H"
"2",1,0.99815,0.00085,0.001,0,"Netlogo_H_9","Net_H"
"3",2,0.99765,0.00135,0.00085,0.00015,"Netlogo_H_9","Net_H"
"4",3,0.99675,0.0021,7e-04,0.00045,"Netlogo_H_9","Net_H"
"5",4,0.99655,0.0021,0.00085,5e-04,"Netlogo_H_9","Net_H"
"6",5,0.9959,0.00215,0.00125,7e-04,"Netlogo_H_9","Net_H"
"7",6,0.99495,0.00275,0.0016,7e-04,"Netlogo_H_9","Net_H"
"8",7,0.9939,0.00335,0.0019,0.00085,"Netlogo_H_9","Net_H"
"9",8,0.9923,0.00405,0.00255,0.0011,"Netlogo_H_9","Net_H"
"10",9,0.99075,0.00475,0.00325,0.00125,"Netlogo_H_9","Net_H"
"11",10,0.98845,0.00625,0.00375,0.00155,"Netlogo_H_9","Net_H"
"12",11,0.98615,0.00735,0.00465,0.00185,"Netlogo_H_9","Net_H"
"13",12,0.98235,0.00975,0.00565,0.00225,"Netlogo_H_9","Net_H"
"14",13,0.97925,0.0116,0.0063,0.00285,"Netlogo_H_9","Net_H"
"15",14,0.97525,0.01315,0.0081,0.0035,"Netlogo_H_9","Net_H"
"16",15,0.9698,0.0163,0.0096,0.0043,"Netlogo_H_9","Net_H"
"17",16,0.9633,0.01995,0.0118,0.00495,"Netlogo_H_9","Net_H"
"18",17,0.95585,0.02315,0.01485,0.00615,"Netlogo_H_9","Net_H"
"19",18,0.94645,0.0284,0.0177,0.00745,"Netlogo_H_9","Net_H"
"20",19,0.9352,0.0341,0.0216,0.0091,"Netlogo_H_9","Net_H"
"21",20,0.9215,0.0415,0.0255,0.0115,"Netlogo_H_9","Net_H"
"22",21,0.9044,0.0503,0.03125,0.01405,"Netlogo_H_9","Net_H"
"23",22,0.88515,0.06085,0.03715,0.01685,"Netlogo_H_9","Net_H"
"24",23,0.8627,0.0719,0.0451,0.0203,"Netlogo_H_9","Net_H"
"25",24,0.83575,0.08525,0.05415,0.02485,"Netlogo_H_9","Net_H"
"26",25,0.80495,0.10105,0.06375,0.03025,"Netlogo_H_9","Net_H"
"27",26,0.7714,0.11485,0.0771,0.03665,"Netlogo_H_9","Net_H"
"28",27,0.72985,0.1326,0.0938,0.04375,"Netlogo_H_9","Net_H"
"29",28,0.6828,0.1543,0.1101,0.0528,"Netlogo_H_9","Net_H"
"30",29,0.63055,0.1738,0.13245,0.0632,"Netlogo_H_9","Net_H"
"31",30,0.5756,0.1948,0.1523,0.0773,"Netlogo_H_9","Net_H"
"32",31,0.5154,0.214,0.1788,0.0918,"Netlogo_H_9","Net_H"
"33",32,0.4564,0.2296,0.20395,0.11005,"Netlogo_H_9","Net_H"
"34",33,0.3942,0.2422,0.23295,0.13065,"Netlogo_H_9","Net_H"
"35",34,0.3361,0.2481,0.2613,0.1545,"Netlogo_H_9","Net_H"
"36",35,0.28065,0.25165,0.28685,0.18085,"Netlogo_H_9","Net_H"
"37",36,0.22845,0.2466,0.3128,0.21215,"Netlogo_H_9","Net_H"
"38",37,0.1843,0.23765,0.3332,0.24485,"Netlogo_H_9","Net_H"
"39",38,0.14615,0.2231,0.35075,0.28,"Netlogo_H_9","Net_H"
"40",39,0.11525,0.20125,0.3647,0.3188,"Netlogo_H_9","Net_H"
"41",40,0.09065,0.1785,0.3721,0.35875,"Netlogo_H_9","Net_H"
"42",41,0.0714,0.15635,0.37255,0.3997,"Netlogo_H_9","Net_H"
"43",42,0.05625,0.1334,0.3691,0.44125,"Netlogo_H_9","Net_H"
"44",43,0.0445,0.1145,0.35495,0.48605,"Netlogo_H_9","Net_H"
"45",44,0.03645,0.0961,0.34015,0.5273,"Netlogo_H_9","Net_H"
"46",45,0.03025,0.07945,0.3247,0.5656,"Netlogo_H_9","Net_H"
"47",46,0.02485,0.06505,0.30815,0.60195,"Netlogo_H_9","Net_H"
"48",47,0.0223,0.0526,0.2865,0.6386,"Netlogo_H_9","Net_H"
"49",48,0.02025,0.04265,0.26395,0.67315,"Netlogo_H_9","Net_H"
"50",49,0.0188,0.0354,0.2392,0.7066,"Netlogo_H_9","Net_H"
"51",50,0.0182,0.0297,0.2165,0.7356,"Netlogo_H_9","Net_H"
"52",51,0.01765,0.02435,0.195,0.763,"Netlogo_H_9","Net_H"
"53",52,0.01765,0.02045,0.17635,0.78555,"Netlogo_H_9","Net_H"
"54",53,0.01835,0.01805,0.1583,0.8053,"Netlogo_H_9","Net_H"
"55",54,0.0191,0.01515,0.1424,0.82335,"Netlogo_H_9","Net_H"
"56",55,0.01875,0.0132,0.1277,0.84035,"Netlogo_H_9","Net_H"
"57",56,0.02005,0.01095,0.1135,0.8555,"Netlogo_H_9","Net_H"
"58",57,0.02215,0.0092,0.1019,0.86675,"Netlogo_H_9","Net_H"
"59",58,0.0235,0.0082,0.091,0.8773,"Netlogo_H_9","Net_H"
"60",59,0.02465,0.0077,0.0805,0.88715,"Netlogo_H_9","Net_H"
"61",60,0.0269,0.00635,0.07165,0.8951,"Netlogo_H_9","Net_H"
"62",61,0.029,0.00575,0.063,0.90225,"Netlogo_H_9","Net_H"
"63",62,0.0308,0.00495,0.0561,0.90815,"Netlogo_H_9","Net_H"
"64",63,0.0331,0.00465,0.04975,0.9125,"Netlogo_H_9","Net_H"
"65",64,0.0352,0.0046,0.04305,0.91715,"Netlogo_H_9","Net_H"
"66",65,0.0375,0.00425,0.03805,0.9202,"Netlogo_H_9","Net_H"
"67",66,0.0403,0.00385,0.03365,0.9222,"Netlogo_H_9","Net_H"
"68",67,0.0424,0.00365,0.03045,0.9235,"Netlogo_H_9","Net_H"
"69",68,0.0441,0.0044,0.02655,0.92495,"Netlogo_H_9","Net_H"
"70",69,0.0464,0.0042,0.0248,0.9246,"Netlogo_H_9","Net_H"
"71",70,0.04895,0.00405,0.02165,0.92535,"Netlogo_H_9","Net_H"
"72",71,0.05195,0.003,0.0206,0.92445,"Netlogo_H_9","Net_H"
"73",72,0.0551,0.0025,0.0191,0.9233,"Netlogo_H_9","Net_H"
"74",73,0.0581,0.0029,0.0168,0.9222,"Netlogo_H_9","Net_H"
"75",74,0.06105,0.00345,0.01465,0.92085,"Netlogo_H_9","Net_H"
"76",75,0.0633,0.0034,0.01345,0.91985,"Netlogo_H_9","Net_H"
"77",76,0.06595,0.0031,0.01295,0.918,"Netlogo_H_9","Net_H"
"78",77,0.06735,0.0031,0.01195,0.9176,"Netlogo_H_9","Net_H"
"79",78,0.0694,0.00335,0.0107,0.91655,"Netlogo_H_9","Net_H"
"80",79,0.0716,0.00315,0.00995,0.9153,"Netlogo_H_9","Net_H"
"81",80,0.07455,0.00305,0.00925,0.91315,"Netlogo_H_9","Net_H"
"82",81,0.0774,0.0026,0.00865,0.91135,"Netlogo_H_9","Net_H"
"83",82,0.0809,0.00215,0.0079,0.90905,"Netlogo_H_9","Net_H"
"84",83,0.08355,0.00155,0.00765,0.90725,"Netlogo_H_9","Net_H"
"85",84,0.0856,0.00195,0.00705,0.9054,"Netlogo_H_9","Net_H"
"86",85,0.08835,0.00215,0.00635,0.90315,"Netlogo_H_9","Net_H"
"87",86,0.0906,0.00215,0.0063,0.90095,"Netlogo_H_9","Net_H"
"88",87,0.0939,0.00235,0.00555,0.8982,"Netlogo_H_9","Net_H"
"89",88,0.0965,0.00215,0.0053,0.89605,"Netlogo_H_9","Net_H"
"90",89,0.0989,0.00205,0.00505,0.894,"Netlogo_H_9","Net_H"
"91",90,0.1021,0.00165,0.00505,0.8912,"Netlogo_H_9","Net_H"
"92",91,0.10495,0.0016,0.00465,0.8888,"Netlogo_H_9","Net_H"
"93",92,0.10705,0.00155,0.00415,0.88725,"Netlogo_H_9","Net_H"
"94",93,0.1099,0.00165,0.0039,0.88455,"Netlogo_H_9","Net_H"
"95",94,0.1119,0.00165,0.00385,0.8826,"Netlogo_H_9","Net_H"
"96",95,0.11445,0.0018,0.00345,0.8803,"Netlogo_H_9","Net_H"
"97",96,0.11725,0.00155,0.00315,0.87805,"Netlogo_H_9","Net_H"
"98",97,0.1195,0.00125,0.0032,0.87605,"Netlogo_H_9","Net_H"
"99",98,0.12205,0.0011,0.00345,0.8734,"Netlogo_H_9","Net_H"
"100",99,0.12445,0.0013,0.00285,0.8714,"Netlogo_H_9","Net_H"
"101",100,0.1262,0.0013,0.00285,0.86965,"Netlogo_H_9","Net_H"
"102",101,0.12815,0.0014,0.0028,0.86765,"Netlogo_H_9","Net_H"
"103",102,0.13155,0.00125,0.00305,0.86415,"Netlogo_H_9","Net_H"
"104",103,0.13455,0.001,0.00265,0.8618,"Netlogo_H_9","Net_H"
"105",104,0.1369,0.00075,0.0026,0.85975,"Netlogo_H_9","Net_H"
"106",105,0.13985,0.00085,0.00205,0.85725,"Netlogo_H_9","Net_H"
"107",106,0.14235,0.00105,0.002,0.8546,"Netlogo_H_9","Net_H"
"108",107,0.14505,0.0011,0.00185,0.852,"Netlogo_H_9","Net_H"
"109",108,0.14795,0.00095,0.0018,0.8493,"Netlogo_H_9","Net_H"
"110",109,0.1509,0.00055,0.0021,0.84645,"Netlogo_H_9","Net_H"
"111",110,0.1543,6e-04,0.00195,0.84315,"Netlogo_H_9","Net_H"
"112",111,0.15665,0.00055,0.0019,0.8409,"Netlogo_H_9","Net_H"
"113",112,0.1592,0.00075,0.0017,0.83835,"Netlogo_H_9","Net_H"
"114",113,0.16215,8e-04,0.00155,0.8355,"Netlogo_H_9","Net_H"
"115",114,0.16475,0.00075,0.00125,0.83325,"Netlogo_H_9","Net_H"
"116",115,0.1677,9e-04,0.00115,0.83025,"Netlogo_H_9","Net_H"
"117",116,0.1701,0.00085,0.001,0.82805,"Netlogo_H_9","Net_H"
"118",117,0.1727,0.00085,0.00095,0.8255,"Netlogo_H_9","Net_H"
"119",118,0.17495,7e-04,0.001,0.82335,"Netlogo_H_9","Net_H"
"120",119,0.1781,5e-04,0.0011,0.8203,"Netlogo_H_9","Net_H"
"121",120,0.18095,6e-04,0.00095,0.8175,"Netlogo_H_9","Net_H"
"122",121,0.18385,0.00045,0.00105,0.81465,"Netlogo_H_9","Net_H"
"123",122,0.1867,5e-04,0.00105,0.81175,"Netlogo_H_9","Net_H"
"124",123,0.1891,0.00055,9e-04,0.80945,"Netlogo_H_9","Net_H"
"125",124,0.1916,6e-04,8e-04,0.807,"Netlogo_H_9","Net_H"
"126",125,0.19425,5e-04,0.00085,0.8044,"Netlogo_H_9","Net_H"
"127",126,0.19635,5e-04,8e-04,0.80235,"Netlogo_H_9","Net_H"
"128",127,0.19825,0.00035,0.00105,0.80035,"Netlogo_H_9","Net_H"
"129",128,0.20045,4e-04,0.001,0.79815,"Netlogo_H_9","Net_H"
"130",129,0.20235,4e-04,9e-04,0.79635,"Netlogo_H_9","Net_H"
"131",130,0.2051,5e-04,0.001,0.7934,"Netlogo_H_9","Net_H"
"132",131,0.20785,5e-04,9e-04,0.79075,"Netlogo_H_9","Net_H"
"133",132,0.2098,5e-04,9e-04,0.7888,"Netlogo_H_9","Net_H"
"134",133,0.21185,0.00075,0.00095,0.78645,"Netlogo_H_9","Net_H"
"135",134,0.21435,7e-04,0.001,0.78395,"Netlogo_H_9","Net_H"
"136",135,0.21625,6e-04,0.00115,0.782,"Netlogo_H_9","Net_H"
"137",136,0.2181,5e-04,0.0013,0.7801,"Netlogo_H_9","Net_H"
"138",137,0.22025,0.00065,0.00125,0.77785,"Netlogo_H_9","Net_H"
"139",138,0.2224,9e-04,0.00115,0.77555,"Netlogo_H_9","Net_H"
"140",139,0.2245,0.001,0.00095,0.77355,"Netlogo_H_9","Net_H"
"141",140,0.2269,8e-04,0.0012,0.7711,"Netlogo_H_9","Net_H"
"142",141,0.22895,0.00085,0.00125,0.76895,"Netlogo_H_9","Net_H"
"143",142,0.23075,9e-04,0.0012,0.76715,"Netlogo_H_9","Net_H"
"144",143,0.23295,0.001,0.0014,0.76465,"Netlogo_H_9","Net_H"
"145",144,0.2347,0.00085,0.0014,0.76305,"Netlogo_H_9","Net_H"
"146",145,0.23655,7e-04,0.00165,0.7611,"Netlogo_H_9","Net_H"
"147",146,0.2386,0.00065,0.0019,0.75885,"Netlogo_H_9","Net_H"
"148",147,0.24055,8e-04,0.0018,0.75685,"Netlogo_H_9","Net_H"
"149",148,0.24215,0.00115,0.0016,0.7551,"Netlogo_H_9","Net_H"
"150",149,0.24455,0.0011,0.0017,0.75265,"Netlogo_H_9","Net_H"
"151",150,0.2464,0.00165,0.0016,0.75035,"Netlogo_H_9","Net_H"
"152",151,0.2483,0.00145,0.0018,0.74845,"Netlogo_H_9","Net_H"
"153",152,0.25025,0.00125,0.0022,0.7463,"Netlogo_H_9","Net_H"
"154",153,0.25205,0.00125,0.0026,0.7441,"Netlogo_H_9","Net_H"
"155",154,0.2538,0.00125,0.0026,0.74235,"Netlogo_H_9","Net_H"
"156",155,0.25605,0.0013,0.0026,0.74005,"Netlogo_H_9","Net_H"
"157",156,0.258,0.00155,0.0024,0.73805,"Netlogo_H_9","Net_H"
"158",157,0.26005,0.0018,0.00235,0.7358,"Netlogo_H_9","Net_H"
"159",158,0.26185,0.00195,0.0024,0.7338,"Netlogo_H_9","Net_H"
"160",159,0.26325,0.00245,0.00255,0.73175,"Netlogo_H_9","Net_H"
"161",160,0.26485,0.0026,0.0025,0.73005,"Netlogo_H_9","Net_H"
"162",161,0.2663,0.0021,0.003,0.7286,"Netlogo_H_9","Net_H"
"163",162,0.26775,0.00205,0.0032,0.727,"Netlogo_H_9","Net_H"
"164",163,0.26925,0.00215,0.00325,0.72535,"Netlogo_H_9","Net_H"
"165",164,0.27055,0.00235,0.0032,0.7239,"Netlogo_H_9","Net_H"
"166",165,0.2726,0.00265,0.0032,0.72155,"Netlogo_H_9","Net_H"
"167",166,0.2746,0.00235,0.0036,0.71945,"Netlogo_H_9","Net_H"
"168",167,0.2759,0.00245,0.004,0.71765,"Netlogo_H_9","Net_H"
"169",168,0.27735,0.0028,0.00365,0.7162,"Netlogo_H_9","Net_H"
"170",169,0.2785,0.0027,0.00405,0.71475,"Netlogo_H_9","Net_H"
"171",170,0.2802,0.00275,0.00425,0.7128,"Netlogo_H_9","Net_H"
"172",171,0.2821,0.00285,0.00425,0.7108,"Netlogo_H_9","Net_H"
"173",172,0.2829,0.003,0.0045,0.7096,"Netlogo_H_9","Net_H"
"174",173,0.28405,0.0031,0.00465,0.7082,"Netlogo_H_9","Net_H"
"175",174,0.2849,0.0034,0.00495,0.70675,"Netlogo_H_9","Net_H"
"176",175,0.2861,0.00365,0.0051,0.70515,"Netlogo_H_9","Net_H"
"177",176,0.28685,0.0037,0.0054,0.70405,"Netlogo_H_9","Net_H"
"178",177,0.2875,0.0038,0.0057,0.703,"Netlogo_H_9","Net_H"
"179",178,0.28805,0.0041,0.00635,0.7015,"Netlogo_H_9","Net_H"
"180",179,0.2885,0.00485,0.0067,0.69995,"Netlogo_H_9","Net_H"
"181",180,0.28865,0.0054,0.00695,0.699,"Netlogo_H_9","Net_H"
"182",181,0.28885,0.0061,0.00725,0.6978,"Netlogo_H_9","Net_H"
"183",182,0.2894,0.00555,0.00795,0.6971,"Netlogo_H_9","Net_H"
"184",183,0.2907,0.0054,0.00845,0.69545,"Netlogo_H_9","Net_H"
"185",184,0.291,0.0056,0.00895,0.69445,"Netlogo_H_9","Net_H"
"186",185,0.29115,0.0061,0.009,0.69375,"Netlogo_H_9","Net_H"
"187",186,0.29175,0.00675,0.00945,0.69205,"Netlogo_H_9","Net_H"
"188",187,0.29265,0.00675,0.00995,0.69065,"Netlogo_H_9","Net_H"
"189",188,0.2933,0.00725,0.01015,0.6893,"Netlogo_H_9","Net_H"
"190",189,0.2929,0.0079,0.01075,0.68845,"Netlogo_H_9","Net_H"
"191",190,0.29255,0.0084,0.011,0.68805,"Netlogo_H_9","Net_H"
"192",191,0.2922,0.0088,0.0116,0.6874,"Netlogo_H_9","Net_H"
"193",192,0.29275,0.0088,0.01225,0.6862,"Netlogo_H_9","Net_H"
"194",193,0.29265,0.00965,0.0128,0.6849,"Netlogo_H_9","Net_H"
"195",194,0.292,0.01045,0.01315,0.6844,"Netlogo_H_9","Net_H"
"196",195,0.2912,0.01125,0.01355,0.684,"Netlogo_H_9","Net_H"
"197",196,0.29025,0.0114,0.01465,0.6837,"Netlogo_H_9","Net_H"
"198",197,0.2892,0.0117,0.0154,0.6837,"Netlogo_H_9","Net_H"
"199",198,0.2876,0.0119,0.01645,0.68405,"Netlogo_H_9","Net_H"
"200",199,0.28655,0.0128,0.01705,0.6836,"Netlogo_H_9","Net_H"
"201",200,0.28555,0.01335,0.0169,0.6842,"Netlogo_H_9","Net_H"
"202",201,0.28445,0.0139,0.0172,0.68445,"Netlogo_H_9","Net_H"
"203",202,0.2834,0.01395,0.0185,0.68415,"Netlogo_H_9","Net_H"
"204",203,0.2819,0.01425,0.02035,0.6835,"Netlogo_H_9","Net_H"
"205",204,0.27885,0.01615,0.0206,0.6844,"Netlogo_H_9","Net_H"
"206",205,0.27655,0.01715,0.02165,0.68465,"Netlogo_H_9","Net_H"
"207",206,0.2751,0.01745,0.0225,0.68495,"Netlogo_H_9","Net_H"
"208",207,0.2738,0.0162,0.0249,0.6851,"Netlogo_H_9","Net_H"
"209",208,0.271,0.0174,0.02645,0.68515,"Netlogo_H_9","Net_H"
"210",209,0.2691,0.01805,0.02685,0.686,"Netlogo_H_9","Net_H"
"211",210,0.26635,0.01885,0.02815,0.68665,"Netlogo_H_9","Net_H"
"212",211,0.26375,0.01975,0.02905,0.68745,"Netlogo_H_9","Net_H"
"213",212,0.2612,0.0198,0.03015,0.68885,"Netlogo_H_9","Net_H"
"214",213,0.25795,0.02075,0.03065,0.69065,"Netlogo_H_9","Net_H"
"215",214,0.2546,0.0225,0.03155,0.69135,"Netlogo_H_9","Net_H"
"216",215,0.2512,0.0233,0.0319,0.6936,"Netlogo_H_9","Net_H"
"217",216,0.2474,0.02425,0.0331,0.69525,"Netlogo_H_9","Net_H"
"218",217,0.24395,0.02495,0.03435,0.69675,"Netlogo_H_9","Net_H"
"219",218,0.24085,0.02445,0.03625,0.69845,"Netlogo_H_9","Net_H"
"220",219,0.23765,0.0251,0.03735,0.6999,"Netlogo_H_9","Net_H"
"221",220,0.2345,0.0251,0.03875,0.70165,"Netlogo_H_9","Net_H"
"222",221,0.2308,0.0253,0.03985,0.70405,"Netlogo_H_9","Net_H"
"223",222,0.2269,0.02605,0.0407,0.70635,"Netlogo_H_9","Net_H"
"224",223,0.2233,0.0266,0.04115,0.70895,"Netlogo_H_9","Net_H"
"225",224,0.21855,0.02795,0.04325,0.71025,"Netlogo_H_9","Net_H"
"226",225,0.2144,0.0287,0.0443,0.7126,"Netlogo_H_9","Net_H"
"227",226,0.21045,0.02965,0.04595,0.71395,"Netlogo_H_9","Net_H"
"228",227,0.2059,0.0303,0.04755,0.71625,"Netlogo_H_9","Net_H"
"229",228,0.20095,0.0315,0.0478,0.71975,"Netlogo_H_9","Net_H"
"230",229,0.19635,0.03135,0.0493,0.723,"Netlogo_H_9","Net_H"
"231",230,0.1922,0.0315,0.0517,0.7246,"Netlogo_H_9","Net_H"
"232",231,0.1878,0.0316,0.05255,0.72805,"Netlogo_H_9","Net_H"
"233",232,0.184,0.032,0.05245,0.73155,"Netlogo_H_9","Net_H"
"234",233,0.1805,0.0305,0.0549,0.7341,"Netlogo_H_9","Net_H"
"235",234,0.17775,0.0296,0.05595,0.7367,"Netlogo_H_9","Net_H"
"236",235,0.17395,0.02855,0.05695,0.74055,"Netlogo_H_9","Net_H"
"237",236,0.16975,0.0294,0.05705,0.7438,"Netlogo_H_9","Net_H"
"238",237,0.1654,0.02935,0.05725,0.748,"Netlogo_H_9","Net_H"
"239",238,0.1635,0.0284,0.05635,0.75175,"Netlogo_H_9","Net_H"
"240",239,0.1605,0.02735,0.05565,0.7565,"Netlogo_H_9","Net_H"
"241",240,0.15645,0.02785,0.05555,0.76015,"Netlogo_H_9","Net_H"
"242",241,0.1539,0.02725,0.05585,0.763,"Netlogo_H_9","Net_H"
"243",242,0.15155,0.0262,0.0554,0.76685,"Netlogo_H_9","Net_H"
"244",243,0.14885,0.0266,0.05495,0.7696,"Netlogo_H_9","Net_H"
"245",244,0.14845,0.0254,0.0541,0.77205,"Netlogo_H_9","Net_H"
"246",245,0.1463,0.0254,0.0545,0.7738,"Netlogo_H_9","Net_H"
"247",246,0.14325,0.0258,0.0527,0.77825,"Netlogo_H_9","Net_H"
"248",247,0.1413,0.02505,0.0513,0.78235,"Netlogo_H_9","Net_H"
"249",248,0.13985,0.0241,0.05165,0.7844,"Netlogo_H_9","Net_H"
"250",249,0.13885,0.02415,0.05125,0.78575,"Netlogo_H_9","Net_H"
"251",250,0.13775,0.02445,0.0492,0.7886,"Netlogo_H_9","Net_H"
"252",251,0.1362,0.0251,0.0482,0.7905,"Netlogo_H_9","Net_H"
"253",252,0.13505,0.0238,0.0478,0.79335,"Netlogo_H_9","Net_H"
"254",253,0.13305,0.0233,0.0478,0.79585,"Netlogo_H_9","Net_H"
"255",254,0.13245,0.0228,0.04655,0.7982,"Netlogo_H_9","Net_H"
"256",255,0.12995,0.0228,0.04545,0.8018,"Netlogo_H_9","Net_H"
"257",256,0.12885,0.0223,0.0448,0.80405,"Netlogo_H_9","Net_H"
"258",257,0.128,0.02195,0.0439,0.80615,"Netlogo_H_9","Net_H"
"259",258,0.1283,0.02065,0.04335,0.8077,"Netlogo_H_9","Net_H"
"260",259,0.12755,0.01955,0.04265,0.81025,"Netlogo_H_9","Net_H"
"261",260,0.1275,0.01845,0.042,0.81205,"Netlogo_H_9","Net_H"
"262",261,0.12755,0.0178,0.04125,0.8134,"Netlogo_H_9","Net_H"
"263",262,0.1278,0.0174,0.03935,0.81545,"Netlogo_H_9","Net_H"
"264",263,0.12865,0.0173,0.0388,0.81525,"Netlogo_H_9","Net_H"
"265",264,0.1289,0.0167,0.0376,0.8168,"Netlogo_H_9","Net_H"
"266",265,0.12965,0.01715,0.03545,0.81775,"Netlogo_H_9","Net_H"
"267",266,0.13085,0.0166,0.035,0.81755,"Netlogo_H_9","Net_H"
"268",267,0.1318,0.01625,0.0342,0.81775,"Netlogo_H_9","Net_H"
"269",268,0.13185,0.0154,0.03445,0.8183,"Netlogo_H_9","Net_H"
"270",269,0.1323,0.015,0.03395,0.81875,"Netlogo_H_9","Net_H"
"271",270,0.1332,0.01495,0.0342,0.81765,"Netlogo_H_9","Net_H"
"272",271,0.13425,0.0147,0.0329,0.81815,"Netlogo_H_9","Net_H"
"273",272,0.1349,0.01485,0.03145,0.8188,"Netlogo_H_9","Net_H"
"274",273,0.1357,0.01485,0.0307,0.81875,"Netlogo_H_9","Net_H"
"275",274,0.13855,0.01375,0.03065,0.81705,"Netlogo_H_9","Net_H"
"276",275,0.1388,0.014,0.03015,0.81705,"Netlogo_H_9","Net_H"
"277",276,0.14025,0.01445,0.0283,0.817,"Netlogo_H_9","Net_H"
"278",277,0.14175,0.0126,0.0286,0.81705,"Netlogo_H_9","Net_H"
"279",278,0.14435,0.01275,0.02815,0.81475,"Netlogo_H_9","Net_H"
"280",279,0.14535,0.0127,0.0272,0.81475,"Netlogo_H_9","Net_H"
"281",280,0.1457,0.0136,0.0253,0.8154,"Netlogo_H_9","Net_H"
"282",281,0.1472,0.01335,0.0254,0.81405,"Netlogo_H_9","Net_H"
"283",282,0.14875,0.0126,0.02605,0.8126,"Netlogo_H_9","Net_H"
"284",283,0.1502,0.0123,0.026,0.8115,"Netlogo_H_9","Net_H"
"285",284,0.1523,0.0128,0.02565,0.80925,"Netlogo_H_9","Net_H"
"286",285,0.1541,0.01265,0.02475,0.8085,"Netlogo_H_9","Net_H"
"287",286,0.155,0.01245,0.0247,0.80785,"Netlogo_H_9","Net_H"
"288",287,0.15765,0.0127,0.0239,0.80575,"Netlogo_H_9","Net_H"
"289",288,0.15905,0.0128,0.02475,0.8034,"Netlogo_H_9","Net_H"
"290",289,0.16035,0.01305,0.02405,0.80255,"Netlogo_H_9","Net_H"
"291",290,0.1624,0.0122,0.02465,0.80075,"Netlogo_H_9","Net_H"
"292",291,0.1639,0.0122,0.02435,0.79955,"Netlogo_H_9","Net_H"
"293",292,0.1658,0.01245,0.0233,0.79845,"Netlogo_H_9","Net_H"
"294",293,0.168,0.0115,0.0235,0.797,"Netlogo_H_9","Net_H"
"295",294,0.1699,0.01115,0.02295,0.796,"Netlogo_H_9","Net_H"
"296",295,0.1705,0.01245,0.0223,0.79475,"Netlogo_H_9","Net_H"
"297",296,0.17255,0.01205,0.02185,0.79355,"Netlogo_H_9","Net_H"
"298",297,0.175,0.0112,0.0219,0.7919,"Netlogo_H_9","Net_H"
"299",298,0.17615,0.01085,0.02225,0.79075,"Netlogo_H_9","Net_H"
"300",299,0.17885,0.0111,0.0218,0.78825,"Netlogo_H_9","Net_H"
"301",300,0.17965,0.011,0.0212,0.78815,"Netlogo_H_9","Net_H"
"302",301,0.18155,0.01145,0.02175,0.78525,"Netlogo_H_9","Net_H"
"303",302,0.1837,0.0118,0.02195,0.78255,"Netlogo_H_9","Net_H"
"304",303,0.18645,0.0122,0.0213,0.78005,"Netlogo_H_9","Net_H"
"305",304,0.18935,0.0116,0.0217,0.77735,"Netlogo_H_9","Net_H"
"306",305,0.1919,0.0115,0.0221,0.7745,"Netlogo_H_9","Net_H"
"307",306,0.193,0.012,0.0219,0.7731,"Netlogo_H_9","Net_H"
"308",307,0.19505,0.01155,0.02235,0.77105,"Netlogo_H_9","Net_H"
"309",308,0.19705,0.0122,0.02205,0.7687,"Netlogo_H_9","Net_H"
"310",309,0.19855,0.01325,0.02195,0.76625,"Netlogo_H_9","Net_H"
"311",310,0.19915,0.01375,0.02265,0.76445,"Netlogo_H_9","Net_H"
"312",311,0.2006,0.0141,0.02245,0.76285,"Netlogo_H_9","Net_H"
"313",312,0.2011,0.0139,0.02365,0.76135,"Netlogo_H_9","Net_H"
"314",313,0.203,0.0136,0.0243,0.7591,"Netlogo_H_9","Net_H"
"315",314,0.20505,0.01295,0.0256,0.7564,"Netlogo_H_9","Net_H"
"316",315,0.20605,0.0143,0.0252,0.75445,"Netlogo_H_9","Net_H"
"317",316,0.20625,0.01525,0.0249,0.7536,"Netlogo_H_9","Net_H"
"318",317,0.2069,0.0145,0.02605,0.75255,"Netlogo_H_9","Net_H"
"319",318,0.20725,0.01515,0.0263,0.7513,"Netlogo_H_9","Net_H"
"320",319,0.20785,0.0162,0.0265,0.74945,"Netlogo_H_9","Net_H"
"321",320,0.2091,0.0165,0.0272,0.7472,"Netlogo_H_9","Net_H"
"322",321,0.21015,0.0171,0.02785,0.7449,"Netlogo_H_9","Net_H"
"323",322,0.2106,0.01715,0.02935,0.7429,"Netlogo_H_9","Net_H"
"324",323,0.21095,0.01805,0.02865,0.74235,"Netlogo_H_9","Net_H"
"325",324,0.21105,0.0185,0.02955,0.7409,"Netlogo_H_9","Net_H"
"326",325,0.2099,0.0196,0.02905,0.74145,"Netlogo_H_9","Net_H"
"327",326,0.21055,0.01855,0.0305,0.7404,"Netlogo_H_9","Net_H"
"328",327,0.2099,0.0195,0.03155,0.73905,"Netlogo_H_9","Net_H"
"329",328,0.20985,0.0192,0.0325,0.73845,"Netlogo_H_9","Net_H"
"330",329,0.2094,0.0195,0.032,0.7391,"Netlogo_H_9","Net_H"
"331",330,0.2095,0.0194,0.033,0.7381,"Netlogo_H_9","Net_H"
"332",331,0.20925,0.01935,0.0339,0.7375,"Netlogo_H_9","Net_H"
"333",332,0.20845,0.01995,0.03485,0.73675,"Netlogo_H_9","Net_H"
"334",333,0.20805,0.0202,0.0356,0.73615,"Netlogo_H_9","Net_H"
"335",334,0.2073,0.02055,0.0358,0.73635,"Netlogo_H_9","Net_H"
"336",335,0.20595,0.02045,0.03685,0.73675,"Netlogo_H_9","Net_H"
"337",336,0.20595,0.0212,0.036,0.73685,"Netlogo_H_9","Net_H"
"338",337,0.20365,0.0225,0.0351,0.73875,"Netlogo_H_9","Net_H"
"339",338,0.20375,0.0224,0.03595,0.7379,"Netlogo_H_9","Net_H"
"340",339,0.20365,0.02205,0.0369,0.7374,"Netlogo_H_9","Net_H"
"341",340,0.2026,0.02265,0.03735,0.7374,"Netlogo_H_9","Net_H"
"342",341,0.20185,0.0238,0.03715,0.7372,"Netlogo_H_9","Net_H"
"343",342,0.20075,0.02465,0.03685,0.73775,"Netlogo_H_9","Net_H"
"344",343,0.20005,0.0247,0.03765,0.7376,"Netlogo_H_9","Net_H"
"345",344,0.19955,0.0248,0.038,0.73765,"Netlogo_H_9","Net_H"
"346",345,0.1992,0.0245,0.03845,0.73785,"Netlogo_H_9","Net_H"
"347",346,0.19795,0.0258,0.0378,0.73845,"Netlogo_H_9","Net_H"
"348",347,0.1982,0.025,0.03855,0.73825,"Netlogo_H_9","Net_H"
"349",348,0.1965,0.02515,0.03925,0.7391,"Netlogo_H_9","Net_H"
"350",349,0.1948,0.02585,0.03985,0.7395,"Netlogo_H_9","Net_H"
"351",350,0.194,0.0258,0.0412,0.739,"Netlogo_H_9","Net_H"
"352",351,0.1926,0.026,0.0422,0.7392,"Netlogo_H_9","Net_H"
"353",352,0.19085,0.02595,0.0423,0.7409,"Netlogo_H_9","Net_H"
"354",353,0.18965,0.0262,0.04335,0.7408,"Netlogo_H_9","Net_H"
"355",354,0.1877,0.02625,0.0448,0.74125,"Netlogo_H_9","Net_H"
"356",355,0.18565,0.02785,0.04375,0.74275,"Netlogo_H_9","Net_H"
"357",356,0.1844,0.0276,0.04425,0.74375,"Netlogo_H_9","Net_H"
"358",357,0.18425,0.02615,0.0457,0.7439,"Netlogo_H_9","Net_H"
"359",358,0.18295,0.02485,0.0479,0.7443,"Netlogo_H_9","Net_H"
"360",359,0.18295,0.0247,0.04785,0.7445,"Netlogo_H_9","Net_H"
"361",360,0.1811,0.02435,0.0476,0.74695,"Netlogo_H_9","Net_H"
"362",361,0.18005,0.02405,0.04735,0.74855,"Netlogo_H_9","Net_H"
"363",362,0.1777,0.02415,0.04805,0.7501,"Netlogo_H_9","Net_H"
"364",363,0.1755,0.0259,0.0471,0.7515,"Netlogo_H_9","Net_H"
"365",364,0.1745,0.0263,0.0468,0.7524,"Netlogo_H_9","Net_H"
"366",365,0.17265,0.0273,0.0473,0.75275,"Netlogo_H_9","Net_H"
"367",366,0.1711,0.0274,0.0477,0.7538,"Netlogo_H_9","Net_H"
"368",367,0.17055,0.02685,0.0477,0.7549,"Netlogo_H_9","Net_H"
"369",368,0.16865,0.02585,0.04835,0.75715,"Netlogo_H_9","Net_H"
"370",369,0.1673,0.02535,0.0488,0.75855,"Netlogo_H_9","Net_H"
"371",370,0.16665,0.02475,0.05045,0.75815,"Netlogo_H_9","Net_H"
"372",371,0.16625,0.02515,0.0497,0.7589,"Netlogo_H_9","Net_H"
"373",372,0.1647,0.02545,0.0491,0.76075,"Netlogo_H_9","Net_H"
"374",373,0.1642,0.025,0.04815,0.76265,"Netlogo_H_9","Net_H"
"375",374,0.164,0.0248,0.0474,0.7638,"Netlogo_H_9","Net_H"
"376",375,0.16315,0.02475,0.0473,0.7648,"Netlogo_H_9","Net_H"
"377",376,0.16265,0.02365,0.04845,0.76525,"Netlogo_H_9","Net_H"
"378",377,0.1614,0.02495,0.0462,0.76745,"Netlogo_H_9","Net_H"
"379",378,0.1622,0.02385,0.04635,0.7676,"Netlogo_H_9","Net_H"
"380",379,0.16185,0.0234,0.04685,0.7679,"Netlogo_H_9","Net_H"
"381",380,0.16175,0.02295,0.04555,0.76975,"Netlogo_H_9","Net_H"
"382",381,0.16215,0.0229,0.04535,0.7696,"Netlogo_H_9","Net_H"
"383",382,0.16235,0.02235,0.0451,0.7702,"Netlogo_H_9","Net_H"
"384",383,0.1622,0.0222,0.0446,0.771,"Netlogo_H_9","Net_H"
"385",384,0.1625,0.02195,0.04485,0.7707,"Netlogo_H_9","Net_H"
"386",385,0.163,0.0207,0.04495,0.77135,"Netlogo_H_9","Net_H"
"387",386,0.16435,0.02075,0.04475,0.77015,"Netlogo_H_9","Net_H"
"388",387,0.1649,0.02075,0.04305,0.7713,"Netlogo_H_9","Net_H"
"389",388,0.16435,0.0206,0.04305,0.772,"Netlogo_H_9","Net_H"
"390",389,0.16435,0.02025,0.0439,0.7715,"Netlogo_H_9","Net_H"
"391",390,0.16495,0.02105,0.0428,0.7712,"Netlogo_H_9","Net_H"
"392",391,0.16455,0.0221,0.0424,0.77095,"Netlogo_H_9","Net_H"
"393",392,0.1634,0.0227,0.04145,0.77245,"Netlogo_H_9","Net_H"
"394",393,0.16475,0.02195,0.04215,0.77115,"Netlogo_H_9","Net_H"
"395",394,0.1635,0.02205,0.0426,0.77185,"Netlogo_H_9","Net_H"
"396",395,0.16335,0.0223,0.0418,0.77255,"Netlogo_H_9","Net_H"
"397",396,0.1643,0.02155,0.04195,0.7722,"Netlogo_H_9","Net_H"
"398",397,0.16505,0.0216,0.0432,0.77015,"Netlogo_H_9","Net_H"
"399",398,0.1659,0.0216,0.0419,0.7706,"Netlogo_H_9","Net_H"
"400",399,0.16755,0.02005,0.0413,0.7711,"Netlogo_H_9","Net_H"
"401",400,0.1672,0.01955,0.0412,0.77205,"Netlogo_H_9","Net_H"
"402",401,0.16655,0.0208,0.0402,0.77245,"Netlogo_H_9","Net_H"
"403",402,0.1664,0.02065,0.03915,0.7738,"Netlogo_H_9","Net_H"
"404",403,0.1678,0.01965,0.03885,0.7737,"Netlogo_H_9","Net_H"
"405",404,0.1683,0.0197,0.03885,0.77315,"Netlogo_H_9","Net_H"
"406",405,0.16915,0.0201,0.03855,0.7722,"Netlogo_H_9","Net_H"
"407",406,0.17005,0.02075,0.0374,0.7718,"Netlogo_H_9","Net_H"
"408",407,0.17135,0.0194,0.0383,0.77095,"Netlogo_H_9","Net_H"
"409",408,0.1725,0.01905,0.03835,0.7701,"Netlogo_H_9","Net_H"
"410",409,0.17105,0.0207,0.0378,0.77045,"Netlogo_H_9","Net_H"
"411",410,0.1727,0.0207,0.0375,0.7691,"Netlogo_H_9","Net_H"
"412",411,0.1732,0.0204,0.03735,0.76905,"Netlogo_H_9","Net_H"
"413",412,0.17345,0.02005,0.03725,0.76925,"Netlogo_H_9","Net_H"
"414",413,0.174,0.0191,0.03845,0.76845,"Netlogo_H_9","Net_H"
"415",414,0.1744,0.02005,0.0387,0.76685,"Netlogo_H_9","Net_H"
"416",415,0.17365,0.0206,0.03795,0.7678,"Netlogo_H_9","Net_H"
"417",416,0.1743,0.02005,0.03815,0.7675,"Netlogo_H_9","Net_H"
"418",417,0.1742,0.02035,0.0389,0.76655,"Netlogo_H_9","Net_H"
"419",418,0.17425,0.021,0.03875,0.766,"Netlogo_H_9","Net_H"
"420",419,0.17395,0.0215,0.03865,0.7659,"Netlogo_H_9","Net_H"
"421",420,0.17365,0.0215,0.03885,0.766,"Netlogo_H_9","Net_H"
"422",421,0.1746,0.02175,0.0386,0.76505,"Netlogo_H_9","Net_H"
"423",422,0.17465,0.02195,0.0392,0.7642,"Netlogo_H_9","Net_H"
"424",423,0.17495,0.02105,0.03965,0.76435,"Netlogo_H_9","Net_H"
"425",424,0.1746,0.02175,0.0394,0.76425,"Netlogo_H_9","Net_H"
"426",425,0.17595,0.0208,0.0398,0.76345,"Netlogo_H_9","Net_H"
"427",426,0.17545,0.0206,0.03985,0.7641,"Netlogo_H_9","Net_H"
"428",427,0.17595,0.021,0.0401,0.76295,"Netlogo_H_9","Net_H"
"429",428,0.17635,0.0214,0.0398,0.76245,"Netlogo_H_9","Net_H"
"430",429,0.1763,0.02095,0.0408,0.76195,"Netlogo_H_9","Net_H"
"431",430,0.1767,0.02205,0.0398,0.76145,"Netlogo_H_9","Net_H"
"432",431,0.17765,0.0214,0.0404,0.76055,"Netlogo_H_9","Net_H"
"433",432,0.1776,0.02085,0.03995,0.7616,"Netlogo_H_9","Net_H"
"434",433,0.177,0.0224,0.0393,0.7613,"Netlogo_H_9","Net_H"
"435",434,0.1765,0.02205,0.03925,0.7622,"Netlogo_H_9","Net_H"
"436",435,0.17605,0.02225,0.03835,0.76335,"Netlogo_H_9","Net_H"
"437",436,0.17665,0.02155,0.03895,0.76285,"Netlogo_H_9","Net_H"
"438",437,0.1759,0.0225,0.03895,0.76265,"Netlogo_H_9","Net_H"
"439",438,0.17635,0.0226,0.0382,0.76285,"Netlogo_H_9","Net_H"
"440",439,0.17645,0.02165,0.03835,0.76355,"Netlogo_H_9","Net_H"
"441",440,0.17675,0.02235,0.0385,0.7624,"Netlogo_H_9","Net_H"
"442",441,0.1765,0.02305,0.03805,0.7624,"Netlogo_H_9","Net_H"
"443",442,0.1768,0.0224,0.038,0.7628,"Netlogo_H_9","Net_H"
"444",443,0.17645,0.0216,0.0393,0.76265,"Netlogo_H_9","Net_H"
"445",444,0.17525,0.0228,0.03895,0.763,"Netlogo_H_9","Net_H"
"446",445,0.1757,0.02255,0.03915,0.7626,"Netlogo_H_9","Net_H"
"447",446,0.17595,0.02185,0.0396,0.7626,"Netlogo_H_9","Net_H"
"448",447,0.17535,0.0219,0.04035,0.7624,"Netlogo_H_9","Net_H"
"449",448,0.17615,0.02095,0.0406,0.7623,"Netlogo_H_9","Net_H"
"450",449,0.1747,0.0219,0.0399,0.7635,"Netlogo_H_9","Net_H"
"451",450,0.1757,0.0215,0.03965,0.76315,"Netlogo_H_9","Net_H"
"452",451,0.17365,0.0222,0.0417,0.76245,"Netlogo_H_9","Net_H"
"453",452,0.17325,0.02335,0.04005,0.76335,"Netlogo_H_9","Net_H"
"454",453,0.1743,0.0222,0.04055,0.76295,"Netlogo_H_9","Net_H"
"455",454,0.17475,0.0211,0.04115,0.763,"Netlogo_H_9","Net_H"
"456",455,0.17495,0.02125,0.0404,0.7634,"Netlogo_H_9","Net_H"
"457",456,0.1747,0.02155,0.0407,0.76305,"Netlogo_H_9","Net_H"
"458",457,0.17315,0.0222,0.0404,0.76425,"Netlogo_H_9","Net_H"
"459",458,0.17335,0.02165,0.0399,0.7651,"Netlogo_H_9","Net_H"
"460",459,0.17285,0.021,0.04005,0.7661,"Netlogo_H_9","Net_H"
"461",460,0.1731,0.02095,0.04065,0.7653,"Netlogo_H_9","Net_H"
"462",461,0.17245,0.02265,0.03875,0.76615,"Netlogo_H_9","Net_H"
"463",462,0.17275,0.0225,0.0378,0.76695,"Netlogo_H_9","Net_H"
"464",463,0.1727,0.02245,0.0382,0.76665,"Netlogo_H_9","Net_H"
"465",464,0.17325,0.0225,0.03915,0.7651,"Netlogo_H_9","Net_H"
"466",465,0.1743,0.02055,0.04005,0.7651,"Netlogo_H_9","Net_H"
"467",466,0.1744,0.02095,0.0406,0.76405,"Netlogo_H_9","Net_H"
"468",467,0.17545,0.02145,0.0408,0.7623,"Netlogo_H_9","Net_H"
"469",468,0.17425,0.0224,0.041,0.76235,"Netlogo_H_9","Net_H"
"470",469,0.17355,0.02275,0.0408,0.7629,"Netlogo_H_9","Net_H"
"471",470,0.1732,0.0233,0.04105,0.76245,"Netlogo_H_9","Net_H"
"472",471,0.17245,0.0238,0.04085,0.7629,"Netlogo_H_9","Net_H"
"473",472,0.1731,0.02215,0.04145,0.7633,"Netlogo_H_9","Net_H"
"474",473,0.17255,0.02275,0.0415,0.7632,"Netlogo_H_9","Net_H"
"475",474,0.1707,0.02225,0.04195,0.7651,"Netlogo_H_9","Net_H"
"476",475,0.16985,0.0233,0.04205,0.7648,"Netlogo_H_9","Net_H"
"477",476,0.16925,0.0229,0.0432,0.76465,"Netlogo_H_9","Net_H"
"478",477,0.1689,0.0221,0.04425,0.76475,"Netlogo_H_9","Net_H"
"479",478,0.1675,0.02265,0.0441,0.76575,"Netlogo_H_9","Net_H"
"480",479,0.16665,0.0228,0.04425,0.7663,"Netlogo_H_9","Net_H"
"481",480,0.16735,0.02285,0.0449,0.7649,"Netlogo_H_9","Net_H"
"482",481,0.1663,0.02285,0.04385,0.767,"Netlogo_H_9","Net_H"
"483",482,0.1666,0.02165,0.0431,0.76865,"Netlogo_H_9","Net_H"
"484",483,0.16655,0.02135,0.0423,0.7698,"Netlogo_H_9","Net_H"
"485",484,0.1658,0.02025,0.04245,0.7715,"Netlogo_H_9","Net_H"
"486",485,0.1648,0.02075,0.0417,0.77275,"Netlogo_H_9","Net_H"
"487",486,0.1649,0.0216,0.04225,0.77125,"Netlogo_H_9","Net_H"
"488",487,0.1653,0.02245,0.0418,0.77045,"Netlogo_H_9","Net_H"
"489",488,0.1655,0.02275,0.0405,0.77125,"Netlogo_H_9","Net_H"
"490",489,0.1662,0.0211,0.04195,0.77075,"Netlogo_H_9","Net_H"
"491",490,0.1658,0.0219,0.04095,0.77135,"Netlogo_H_9","Net_H"
"492",491,0.1658,0.02175,0.04045,0.772,"Netlogo_H_9","Net_H"
"493",492,0.1655,0.0217,0.03965,0.77315,"Netlogo_H_9","Net_H"
"494",493,0.1671,0.0209,0.03945,0.77255,"Netlogo_H_9","Net_H"
"495",494,0.1679,0.02055,0.03915,0.7724,"Netlogo_H_9","Net_H"
"496",495,0.17075,0.0189,0.0396,0.77075,"Netlogo_H_9","Net_H"
"497",496,0.17025,0.01935,0.0396,0.7708,"Netlogo_H_9","Net_H"
"498",497,0.1703,0.01975,0.0383,0.77165,"Netlogo_H_9","Net_H"
"499",498,0.17065,0.0193,0.03805,0.772,"Netlogo_H_9","Net_H"
"500",499,0.1703,0.01945,0.0379,0.77235,"Netlogo_H_9","Net_H"
"501",500,0.1701,0.019,0.03895,0.77195,"Netlogo_H_9","Net_H"
"502",501,0.17115,0.0197,0.03795,0.7712,"Netlogo_H_9","Net_H"
"503",502,0.1709,0.02135,0.0372,0.77055,"Netlogo_H_9","Net_H"
"504",503,0.17175,0.02075,0.0374,0.7701,"Netlogo_H_9","Net_H"
"505",504,0.1719,0.02035,0.0377,0.77005,"Netlogo_H_9","Net_H"
"506",505,0.17185,0.02075,0.0379,0.7695,"Netlogo_H_9","Net_H"
"507",506,0.1722,0.0199,0.03915,0.76875,"Netlogo_H_9","Net_H"
"508",507,0.17285,0.01955,0.0375,0.7701,"Netlogo_H_9","Net_H"
"509",508,0.1736,0.01875,0.0382,0.76945,"Netlogo_H_9","Net_H"
"510",509,0.1728,0.01965,0.03745,0.7701,"Netlogo_H_9","Net_H"
"511",510,0.17215,0.02095,0.0368,0.7701,"Netlogo_H_9","Net_H"
"512",511,0.17195,0.0209,0.0378,0.76935,"Netlogo_H_9","Net_H"
"513",512,0.171,0.02045,0.03905,0.7695,"Netlogo_H_9","Net_H"
"514",513,0.1709,0.0207,0.0383,0.7701,"Netlogo_H_9","Net_H"
"515",514,0.1707,0.02135,0.03735,0.7706,"Netlogo_H_9","Net_H"
"516",515,0.1704,0.02025,0.03735,0.772,"Netlogo_H_9","Net_H"
"517",516,0.1711,0.02065,0.03645,0.7718,"Netlogo_H_9","Net_H"
"518",517,0.1719,0.0197,0.03635,0.77205,"Netlogo_H_9","Net_H"
"519",518,0.1727,0.01925,0.0364,0.77165,"Netlogo_H_9","Net_H"
"520",519,0.1726,0.01995,0.0359,0.77155,"Netlogo_H_9","Net_H"
"521",520,0.17255,0.0209,0.0349,0.77165,"Netlogo_H_9","Net_H"
"522",521,0.17295,0.0195,0.03555,0.772,"Netlogo_H_9","Net_H"
"523",522,0.17335,0.01885,0.0359,0.7719,"Netlogo_H_9","Net_H"
"524",523,0.17385,0.0191,0.0358,0.77125,"Netlogo_H_9","Net_H"
"525",524,0.1749,0.01875,0.0356,0.77075,"Netlogo_H_9","Net_H"
"526",525,0.17665,0.0182,0.03485,0.7703,"Netlogo_H_9","Net_H"
"527",526,0.17745,0.01785,0.034,0.7707,"Netlogo_H_9","Net_H"
"528",527,0.17865,0.01685,0.0345,0.77,"Netlogo_H_9","Net_H"
"529",528,0.1805,0.0166,0.0334,0.7695,"Netlogo_H_9","Net_H"
"530",529,0.18065,0.01735,0.03375,0.76825,"Netlogo_H_9","Net_H"
"531",530,0.1803,0.0187,0.03295,0.76805,"Netlogo_H_9","Net_H"
"532",531,0.1807,0.0178,0.034,0.7675,"Netlogo_H_9","Net_H"
"533",532,0.18225,0.01795,0.03365,0.76615,"Netlogo_H_9","Net_H"
"534",533,0.1814,0.01855,0.0339,0.76615,"Netlogo_H_9","Net_H"
"535",534,0.1812,0.0189,0.0338,0.7661,"Netlogo_H_9","Net_H"
"536",535,0.181,0.0197,0.03405,0.76525,"Netlogo_H_9","Net_H"
"537",536,0.18205,0.0189,0.0351,0.76395,"Netlogo_H_9","Net_H"
"538",537,0.1832,0.0188,0.03485,0.76315,"Netlogo_H_9","Net_H"
"539",538,0.18315,0.0201,0.0341,0.76265,"Netlogo_H_9","Net_H"
"540",539,0.1836,0.02015,0.03395,0.7623,"Netlogo_H_9","Net_H"
"541",540,0.18425,0.01935,0.035,0.7614,"Netlogo_H_9","Net_H"
"542",541,0.1842,0.02065,0.03565,0.7595,"Netlogo_H_9","Net_H"
"543",542,0.18525,0.0205,0.0355,0.75875,"Netlogo_H_9","Net_H"
"544",543,0.18555,0.0208,0.03545,0.7582,"Netlogo_H_9","Net_H"
"545",544,0.18525,0.02095,0.0355,0.7583,"Netlogo_H_9","Net_H"
"546",545,0.18415,0.02205,0.0365,0.7573,"Netlogo_H_9","Net_H"
"547",546,0.1851,0.023,0.03535,0.75655,"Netlogo_H_9","Net_H"
"548",547,0.1857,0.02185,0.0362,0.75625,"Netlogo_H_9","Net_H"
"549",548,0.18525,0.0208,0.03755,0.7564,"Netlogo_H_9","Net_H"
"550",549,0.184,0.02155,0.03805,0.7564,"Netlogo_H_9","Net_H"
"551",550,0.1847,0.0213,0.03815,0.75585,"Netlogo_H_9","Net_H"
"552",551,0.1857,0.02015,0.03905,0.7551,"Netlogo_H_9","Net_H"
"553",552,0.18495,0.0201,0.0398,0.75515,"Netlogo_H_9","Net_H"
"554",553,0.18415,0.02015,0.0403,0.7554,"Netlogo_H_9","Net_H"
"555",554,0.18335,0.02025,0.0398,0.7566,"Netlogo_H_9","Net_H"
"556",555,0.1824,0.0206,0.0396,0.7574,"Netlogo_H_9","Net_H"
"557",556,0.1821,0.02185,0.03915,0.7569,"Netlogo_H_9","Net_H"
"558",557,0.1819,0.02255,0.03845,0.7571,"Netlogo_H_9","Net_H"
"559",558,0.1816,0.022,0.03905,0.75735,"Netlogo_H_9","Net_H"
"560",559,0.181,0.0214,0.04065,0.75695,"Netlogo_H_9","Net_H"
"561",560,0.17965,0.0229,0.0393,0.75815,"Netlogo_H_9","Net_H"
"562",561,0.17905,0.0228,0.04035,0.7578,"Netlogo_H_9","Net_H"
"563",562,0.179,0.02265,0.04105,0.7573,"Netlogo_H_9","Net_H"
"564",563,0.1794,0.02145,0.04205,0.7571,"Netlogo_H_9","Net_H"
"565",564,0.1793,0.022,0.04135,0.75735,"Netlogo_H_9","Net_H"
"566",565,0.1782,0.0223,0.0414,0.7581,"Netlogo_H_9","Net_H"
"567",566,0.1777,0.02255,0.04155,0.7582,"Netlogo_H_9","Net_H"
"568",567,0.17735,0.0229,0.04155,0.7582,"Netlogo_H_9","Net_H"
"569",568,0.17685,0.02335,0.042,0.7578,"Netlogo_H_9","Net_H"
"570",569,0.1774,0.02245,0.0428,0.75735,"Netlogo_H_9","Net_H"
"571",570,0.1766,0.0219,0.0424,0.7591,"Netlogo_H_9","Net_H"
"572",571,0.1766,0.02135,0.0422,0.75985,"Netlogo_H_9","Net_H"
"573",572,0.1785,0.02055,0.0418,0.75915,"Netlogo_H_9","Net_H"
"574",573,0.18025,0.0204,0.0424,0.75695,"Netlogo_H_9","Net_H"
"575",574,0.18095,0.01985,0.04215,0.75705,"Netlogo_H_9","Net_H"
"576",575,0.1807,0.01955,0.0437,0.75605,"Netlogo_H_9","Net_H"
"577",576,0.18045,0.02065,0.04235,0.75655,"Netlogo_H_9","Net_H"
"578",577,0.1793,0.02145,0.04165,0.7576,"Netlogo_H_9","Net_H"
"579",578,0.17835,0.0228,0.04135,0.7575,"Netlogo_H_9","Net_H"
"580",579,0.17905,0.02155,0.0414,0.758,"Netlogo_H_9","Net_H"
"581",580,0.17885,0.02135,0.04095,0.75885,"Netlogo_H_9","Net_H"
"582",581,0.1789,0.0226,0.04045,0.75805,"Netlogo_H_9","Net_H"
"583",582,0.17875,0.0215,0.0415,0.75825,"Netlogo_H_9","Net_H"
"584",583,0.1785,0.0218,0.04195,0.75775,"Netlogo_H_9","Net_H"
"585",584,0.1776,0.0224,0.0409,0.7591,"Netlogo_H_9","Net_H"
"586",585,0.17765,0.02275,0.04065,0.75895,"Netlogo_H_9","Net_H"
"587",586,0.17785,0.0235,0.03955,0.7591,"Netlogo_H_9","Net_H"
"588",587,0.1771,0.02355,0.0404,0.75895,"Netlogo_H_9","Net_H"
"589",588,0.1757,0.02305,0.0416,0.75965,"Netlogo_H_9","Net_H"
"590",589,0.17395,0.02355,0.04245,0.76005,"Netlogo_H_9","Net_H"
"591",590,0.17355,0.0238,0.04345,0.7592,"Netlogo_H_9","Net_H"
"592",591,0.17315,0.0245,0.0422,0.76015,"Netlogo_H_9","Net_H"
"593",592,0.17395,0.02375,0.042,0.7603,"Netlogo_H_9","Net_H"
"594",593,0.1735,0.0233,0.043,0.7602,"Netlogo_H_9","Net_H"
"595",594,0.17385,0.0227,0.04435,0.7591,"Netlogo_H_9","Net_H"
"596",595,0.1726,0.02345,0.04355,0.7604,"Netlogo_H_9","Net_H"
"597",596,0.17265,0.0225,0.0438,0.76105,"Netlogo_H_9","Net_H"
"598",597,0.17345,0.02115,0.04405,0.76135,"Netlogo_H_9","Net_H"
"599",598,0.1729,0.02275,0.04305,0.7613,"Netlogo_H_9","Net_H"
"600",599,0.17255,0.02295,0.04265,0.76185,"Netlogo_H_9","Net_H"
"601",600,0.17255,0.0237,0.04235,0.7614,"Netlogo_H_9","Net_H"
"602",601,0.1727,0.02345,0.0418,0.76205,"Netlogo_H_9","Net_H"
"603",602,0.17185,0.0232,0.0426,0.76235,"Netlogo_H_9","Net_H"
"604",603,0.17185,0.02415,0.04185,0.76215,"Netlogo_H_9","Net_H"
"605",604,0.1715,0.0231,0.04265,0.76275,"Netlogo_H_9","Net_H"
"606",605,0.1715,0.02365,0.04275,0.7621,"Netlogo_H_9","Net_H"
"607",606,0.1703,0.0239,0.0416,0.7642,"Netlogo_H_9","Net_H"
"608",607,0.16975,0.02385,0.04125,0.76515,"Netlogo_H_9","Net_H"
"609",608,0.1709,0.02355,0.0416,0.76395,"Netlogo_H_9","Net_H"
"610",609,0.17155,0.02265,0.04245,0.76335,"Netlogo_H_9","Net_H"
"611",610,0.1702,0.02445,0.04155,0.7638,"Netlogo_H_9","Net_H"
"612",611,0.16915,0.0251,0.0421,0.76365,"Netlogo_H_9","Net_H"
"613",612,0.171,0.02495,0.0415,0.76255,"Netlogo_H_9","Net_H"
"614",613,0.16975,0.0245,0.0421,0.76365,"Netlogo_H_9","Net_H"
"615",614,0.1695,0.0237,0.0424,0.7644,"Netlogo_H_9","Net_H"
"616",615,0.17035,0.0233,0.0422,0.76415,"Netlogo_H_9","Net_H"
"617",616,0.16945,0.02365,0.0423,0.7646,"Netlogo_H_9","Net_H"
"618",617,0.16945,0.0226,0.0422,0.76575,"Netlogo_H_9","Net_H"
"619",618,0.1704,0.0222,0.04145,0.76595,"Netlogo_H_9","Net_H"
"620",619,0.17015,0.02165,0.0409,0.7673,"Netlogo_H_9","Net_H"
"621",620,0.17095,0.0209,0.0411,0.76705,"Netlogo_H_9","Net_H"
"622",621,0.17055,0.0215,0.04005,0.7679,"Netlogo_H_9","Net_H"
"623",622,0.17125,0.02085,0.04025,0.76765,"Netlogo_H_9","Net_H"
"624",623,0.17075,0.0213,0.04,0.76795,"Netlogo_H_9","Net_H"
"625",624,0.17,0.0218,0.03965,0.76855,"Netlogo_H_9","Net_H"
"626",625,0.17105,0.0211,0.03805,0.7698,"Netlogo_H_9","Net_H"
"627",626,0.1717,0.0204,0.03845,0.76945,"Netlogo_H_9","Net_H"
"628",627,0.1713,0.02085,0.0386,0.76925,"Netlogo_H_9","Net_H"
"629",628,0.17145,0.02095,0.0386,0.769,"Netlogo_H_9","Net_H"
"630",629,0.17165,0.02075,0.03885,0.76875,"Netlogo_H_9","Net_H"
"631",630,0.172,0.0208,0.03825,0.76895,"Netlogo_H_9","Net_H"
"632",631,0.17305,0.0201,0.03895,0.7679,"Netlogo_H_9","Net_H"
"633",632,0.1735,0.021,0.0388,0.7667,"Netlogo_H_9","Net_H"
"634",633,0.17395,0.02035,0.03845,0.76725,"Netlogo_H_9","Net_H"
"635",634,0.17515,0.02,0.0386,0.76625,"Netlogo_H_9","Net_H"
"636",635,0.17465,0.02035,0.0392,0.7658,"Netlogo_H_9","Net_H"
"637",636,0.17535,0.02115,0.0392,0.7643,"Netlogo_H_9","Net_H"
"638",637,0.1755,0.02205,0.0385,0.76395,"Netlogo_H_9","Net_H"
"639",638,0.17615,0.0212,0.03785,0.7648,"Netlogo_H_9","Net_H"
