"","step","S","E","I","R","simu","Langage"
"1",0,0.999,0,0.001,0,"Netlogo_H_23","Net_H"
"2",1,0.9981,9e-04,0.001,0,"Netlogo_H_23","Net_H"
"3",2,0.99765,0.00135,0.00085,0.00015,"Netlogo_H_23","Net_H"
"4",3,0.99675,0.00195,0.0011,2e-04,"Netlogo_H_23","Net_H"
"5",4,0.9963,0.0022,0.00125,0.00025,"Netlogo_H_23","Net_H"
"6",5,0.9956,0.0024,0.0016,4e-04,"Netlogo_H_23","Net_H"
"7",6,0.99495,0.00245,0.00195,0.00065,"Netlogo_H_23","Net_H"
"8",7,0.99385,0.00315,0.00215,0.00085,"Netlogo_H_23","Net_H"
"9",8,0.9922,0.0043,0.0026,9e-04,"Netlogo_H_23","Net_H"
"10",9,0.9908,0.005,0.00295,0.00125,"Netlogo_H_23","Net_H"
"11",10,0.9886,0.00615,0.0037,0.00155,"Netlogo_H_23","Net_H"
"12",11,0.9863,0.0075,0.0042,0.002,"Netlogo_H_23","Net_H"
"13",12,0.9835,0.0089,0.0051,0.0025,"Netlogo_H_23","Net_H"
"14",13,0.9802,0.0102,0.00655,0.00305,"Netlogo_H_23","Net_H"
"15",14,0.97485,0.01375,0.0075,0.0039,"Netlogo_H_23","Net_H"
"16",15,0.96985,0.01615,0.0091,0.0049,"Netlogo_H_23","Net_H"
"17",16,0.9633,0.0197,0.0113,0.0057,"Netlogo_H_23","Net_H"
"18",17,0.95585,0.02325,0.0143,0.0066,"Netlogo_H_23","Net_H"
"19",18,0.9465,0.02825,0.0179,0.00735,"Netlogo_H_23","Net_H"
"20",19,0.9339,0.0345,0.02315,0.00845,"Netlogo_H_23","Net_H"
"21",20,0.9184,0.04375,0.0269,0.01095,"Netlogo_H_23","Net_H"
"22",21,0.90085,0.0529,0.03265,0.0136,"Netlogo_H_23","Net_H"
"23",22,0.87945,0.0646,0.03935,0.0166,"Netlogo_H_23","Net_H"
"24",23,0.856,0.0764,0.04725,0.02035,"Netlogo_H_23","Net_H"
"25",24,0.82835,0.0887,0.0584,0.02455,"Netlogo_H_23","Net_H"
"26",25,0.7955,0.1042,0.0707,0.0296,"Netlogo_H_23","Net_H"
"27",26,0.75575,0.1243,0.0834,0.03655,"Netlogo_H_23","Net_H"
"28",27,0.715,0.14125,0.09865,0.0451,"Netlogo_H_23","Net_H"
"29",28,0.66855,0.15945,0.11745,0.05455,"Netlogo_H_23","Net_H"
"30",29,0.61525,0.18115,0.1371,0.0665,"Netlogo_H_23","Net_H"
"31",30,0.56015,0.20065,0.1598,0.0794,"Netlogo_H_23","Net_H"
"32",31,0.50015,0.21905,0.1855,0.0953,"Netlogo_H_23","Net_H"
"33",32,0.43815,0.23585,0.21195,0.11405,"Netlogo_H_23","Net_H"
"34",33,0.3781,0.248,0.238,0.1359,"Netlogo_H_23","Net_H"
"35",34,0.32185,0.2514,0.26825,0.1585,"Netlogo_H_23","Net_H"
"36",35,0.26765,0.2505,0.29425,0.1876,"Netlogo_H_23","Net_H"
"37",36,0.21845,0.243,0.3203,0.21825,"Netlogo_H_23","Net_H"
"38",37,0.1761,0.23135,0.3404,0.25215,"Netlogo_H_23","Net_H"
"39",38,0.14005,0.21535,0.3531,0.2915,"Netlogo_H_23","Net_H"
"40",39,0.11165,0.1945,0.36125,0.3326,"Netlogo_H_23","Net_H"
"41",40,0.0898,0.1712,0.36765,0.37135,"Netlogo_H_23","Net_H"
"42",41,0.07145,0.1505,0.36365,0.4144,"Netlogo_H_23","Net_H"
"43",42,0.05675,0.1289,0.35895,0.4554,"Netlogo_H_23","Net_H"
"44",43,0.04525,0.11045,0.3476,0.4967,"Netlogo_H_23","Net_H"
"45",44,0.0373,0.09095,0.3361,0.53565,"Netlogo_H_23","Net_H"
"46",45,0.03125,0.0737,0.3198,0.57525,"Netlogo_H_23","Net_H"
"47",46,0.02605,0.05995,0.30115,0.61285,"Netlogo_H_23","Net_H"
"48",47,0.02295,0.05105,0.2772,0.6488,"Netlogo_H_23","Net_H"
"49",48,0.0212,0.0415,0.2565,0.6808,"Netlogo_H_23","Net_H"
"50",49,0.01925,0.0342,0.2348,0.71175,"Netlogo_H_23","Net_H"
"51",50,0.01805,0.0292,0.21515,0.7376,"Netlogo_H_23","Net_H"
"52",51,0.0175,0.02465,0.19335,0.7645,"Netlogo_H_23","Net_H"
"53",52,0.01805,0.01955,0.1766,0.7858,"Netlogo_H_23","Net_H"
"54",53,0.01885,0.0152,0.15915,0.8068,"Netlogo_H_23","Net_H"
"55",54,0.01855,0.01355,0.14245,0.82545,"Netlogo_H_23","Net_H"
"56",55,0.01965,0.01175,0.1288,0.8398,"Netlogo_H_23","Net_H"
"57",56,0.0212,0.01035,0.11355,0.8549,"Netlogo_H_23","Net_H"
"58",57,0.02145,0.00965,0.1007,0.8682,"Netlogo_H_23","Net_H"
"59",58,0.02295,0.00825,0.0903,0.8785,"Netlogo_H_23","Net_H"
"60",59,0.024,0.0073,0.0806,0.8881,"Netlogo_H_23","Net_H"
"61",60,0.02515,0.00695,0.07035,0.89755,"Netlogo_H_23","Net_H"
"62",61,0.0272,0.0058,0.0638,0.9032,"Netlogo_H_23","Net_H"
"63",62,0.02965,0.00475,0.0574,0.9082,"Netlogo_H_23","Net_H"
"64",63,0.032,0.00525,0.05175,0.911,"Netlogo_H_23","Net_H"
"65",64,0.03345,0.00525,0.0459,0.9154,"Netlogo_H_23","Net_H"
"66",65,0.03595,0.0049,0.041,0.91815,"Netlogo_H_23","Net_H"
"67",66,0.0383,0.004,0.03715,0.92055,"Netlogo_H_23","Net_H"
"68",67,0.0402,0.00375,0.0341,0.92195,"Netlogo_H_23","Net_H"
"69",68,0.04245,0.00395,0.03045,0.92315,"Netlogo_H_23","Net_H"
"70",69,0.0438,0.0046,0.02755,0.92405,"Netlogo_H_23","Net_H"
"71",70,0.0468,0.0041,0.025,0.9241,"Netlogo_H_23","Net_H"
"72",71,0.04855,0.0038,0.02295,0.9247,"Netlogo_H_23","Net_H"
"73",72,0.0519,0.0031,0.022,0.923,"Netlogo_H_23","Net_H"
"74",73,0.05495,0.00315,0.0199,0.922,"Netlogo_H_23","Net_H"
"75",74,0.0576,0.0033,0.01725,0.92185,"Netlogo_H_23","Net_H"
"76",75,0.06105,0.00275,0.01575,0.92045,"Netlogo_H_23","Net_H"
"77",76,0.06385,0.00265,0.01425,0.91925,"Netlogo_H_23","Net_H"
"78",77,0.06625,0.00255,0.01265,0.91855,"Netlogo_H_23","Net_H"
"79",78,0.0684,0.00255,0.01145,0.9176,"Netlogo_H_23","Net_H"
"80",79,0.0719,0.0025,0.01005,0.91555,"Netlogo_H_23","Net_H"
"81",80,0.07525,0.00225,0.00985,0.91265,"Netlogo_H_23","Net_H"
"82",81,0.07835,0.00245,0.00925,0.90995,"Netlogo_H_23","Net_H"
"83",82,0.08045,0.00215,0.0088,0.9086,"Netlogo_H_23","Net_H"
"84",83,0.0837,0.00195,0.00825,0.9061,"Netlogo_H_23","Net_H"
"85",84,0.0862,0.00165,0.008,0.90415,"Netlogo_H_23","Net_H"
"86",85,0.08865,0.0016,0.0072,0.90255,"Netlogo_H_23","Net_H"
"87",86,0.09035,0.00185,0.0058,0.902,"Netlogo_H_23","Net_H"
"88",87,0.0934,0.0019,0.00545,0.89925,"Netlogo_H_23","Net_H"
"89",88,0.096,0.00185,0.0051,0.89705,"Netlogo_H_23","Net_H"
"90",89,0.0986,0.00175,0.0049,0.89475,"Netlogo_H_23","Net_H"
"91",90,0.10175,0.0014,0.00485,0.892,"Netlogo_H_23","Net_H"
"92",91,0.105,0.00145,0.0047,0.88885,"Netlogo_H_23","Net_H"
"93",92,0.1073,0.00165,0.00425,0.8868,"Netlogo_H_23","Net_H"
"94",93,0.1099,0.0015,0.0039,0.8847,"Netlogo_H_23","Net_H"
"95",94,0.1122,0.00135,0.00365,0.8828,"Netlogo_H_23","Net_H"
"96",95,0.115,0.0012,0.00365,0.88015,"Netlogo_H_23","Net_H"
"97",96,0.11785,0.0014,0.00325,0.8775,"Netlogo_H_23","Net_H"
"98",97,0.11985,0.0014,0.0029,0.87585,"Netlogo_H_23","Net_H"
"99",98,0.1226,0.00135,0.0031,0.87295,"Netlogo_H_23","Net_H"
"100",99,0.12565,0.00155,0.00295,0.86985,"Netlogo_H_23","Net_H"
"101",100,0.1282,0.0013,0.00305,0.86745,"Netlogo_H_23","Net_H"
"102",101,0.13065,0.00125,0.003,0.8651,"Netlogo_H_23","Net_H"
"103",102,0.1325,0.00145,0.00265,0.8634,"Netlogo_H_23","Net_H"
"104",103,0.13495,0.0014,0.0026,0.86105,"Netlogo_H_23","Net_H"
"105",104,0.13775,0.001,0.0029,0.85835,"Netlogo_H_23","Net_H"
"106",105,0.14045,0.001,0.0029,0.85565,"Netlogo_H_23","Net_H"
"107",106,0.14265,0.00115,0.0029,0.8533,"Netlogo_H_23","Net_H"
"108",107,0.14515,0.0012,0.00295,0.8507,"Netlogo_H_23","Net_H"
"109",108,0.1473,0.0012,0.0027,0.8488,"Netlogo_H_23","Net_H"
"110",109,0.1497,0.00125,0.00285,0.8462,"Netlogo_H_23","Net_H"
"111",110,0.1528,0.00135,0.00265,0.8432,"Netlogo_H_23","Net_H"
"112",111,0.15595,0.00125,0.0025,0.8403,"Netlogo_H_23","Net_H"
"113",112,0.1586,0.0012,0.0024,0.8378,"Netlogo_H_23","Net_H"
"114",113,0.16065,0.0013,0.00235,0.8357,"Netlogo_H_23","Net_H"
"115",114,0.1626,0.00135,0.00225,0.8338,"Netlogo_H_23","Net_H"
"116",115,0.1646,0.00145,0.00215,0.8318,"Netlogo_H_23","Net_H"
"117",116,0.167,0.0013,0.00235,0.82935,"Netlogo_H_23","Net_H"
"118",117,0.1696,0.00145,0.00225,0.8267,"Netlogo_H_23","Net_H"
"119",118,0.17285,0.00125,0.0026,0.8233,"Netlogo_H_23","Net_H"
"120",119,0.175,0.0013,0.0029,0.8208,"Netlogo_H_23","Net_H"
"121",120,0.1769,0.00135,0.00295,0.8188,"Netlogo_H_23","Net_H"
"122",121,0.17935,0.0013,0.00285,0.8165,"Netlogo_H_23","Net_H"
"123",122,0.18145,0.00145,0.00305,0.81405,"Netlogo_H_23","Net_H"
"124",123,0.18355,0.0015,0.00315,0.8118,"Netlogo_H_23","Net_H"
"125",124,0.1863,0.00155,0.0031,0.80905,"Netlogo_H_23","Net_H"
"126",125,0.18855,0.00145,0.0029,0.8071,"Netlogo_H_23","Net_H"
"127",126,0.1907,0.00145,0.003,0.80485,"Netlogo_H_23","Net_H"
"128",127,0.1927,0.00135,0.00295,0.803,"Netlogo_H_23","Net_H"
"129",128,0.19525,0.00155,0.00275,0.80045,"Netlogo_H_23","Net_H"
"130",129,0.1967,0.0016,0.00275,0.79895,"Netlogo_H_23","Net_H"
"131",130,0.199,0.00145,0.00265,0.7969,"Netlogo_H_23","Net_H"
"132",131,0.20105,0.00125,0.0027,0.795,"Netlogo_H_23","Net_H"
"133",132,0.2031,0.00115,0.00285,0.7929,"Netlogo_H_23","Net_H"
"134",133,0.20515,0.00105,0.00275,0.79105,"Netlogo_H_23","Net_H"
"135",134,0.20715,0.0014,0.00245,0.789,"Netlogo_H_23","Net_H"
"136",135,0.2096,0.0014,0.0024,0.7866,"Netlogo_H_23","Net_H"
"137",136,0.2115,0.00135,0.00235,0.7848,"Netlogo_H_23","Net_H"
"138",137,0.21415,0.0012,0.00245,0.7822,"Netlogo_H_23","Net_H"
"139",138,0.21615,0.00105,0.0026,0.7802,"Netlogo_H_23","Net_H"
"140",139,0.2187,0.00095,0.00255,0.7778,"Netlogo_H_23","Net_H"
"141",140,0.22055,0.0011,0.00235,0.776,"Netlogo_H_23","Net_H"
"142",141,0.22295,0.0012,0.00215,0.7737,"Netlogo_H_23","Net_H"
"143",142,0.22475,0.0013,0.0022,0.77175,"Netlogo_H_23","Net_H"
"144",143,0.22615,0.00115,0.00245,0.77025,"Netlogo_H_23","Net_H"
"145",144,0.2273,0.0015,0.00235,0.76885,"Netlogo_H_23","Net_H"
"146",145,0.22925,0.00155,0.00245,0.76675,"Netlogo_H_23","Net_H"
"147",146,0.23125,0.0015,0.0025,0.76475,"Netlogo_H_23","Net_H"
"148",147,0.23235,0.0019,0.00235,0.7634,"Netlogo_H_23","Net_H"
"149",148,0.23425,0.00185,0.0025,0.7614,"Netlogo_H_23","Net_H"
"150",149,0.23585,0.00175,0.0027,0.7597,"Netlogo_H_23","Net_H"
"151",150,0.23775,0.0017,0.00265,0.7579,"Netlogo_H_23","Net_H"
"152",151,0.23995,0.00175,0.0027,0.7556,"Netlogo_H_23","Net_H"
"153",152,0.24205,0.0017,0.0027,0.75355,"Netlogo_H_23","Net_H"
"154",153,0.24425,0.00165,0.00315,0.75095,"Netlogo_H_23","Net_H"
"155",154,0.2463,0.0021,0.00295,0.74865,"Netlogo_H_23","Net_H"
"156",155,0.2488,0.00205,0.00315,0.746,"Netlogo_H_23","Net_H"
"157",156,0.2507,0.00205,0.0034,0.74385,"Netlogo_H_23","Net_H"
"158",157,0.2522,0.00195,0.0035,0.74235,"Netlogo_H_23","Net_H"
"159",158,0.25405,0.0022,0.00365,0.7401,"Netlogo_H_23","Net_H"
"160",159,0.25535,0.0022,0.00365,0.7388,"Netlogo_H_23","Net_H"
"161",160,0.25705,0.0022,0.0039,0.73685,"Netlogo_H_23","Net_H"
"162",161,0.25875,0.0021,0.0041,0.73505,"Netlogo_H_23","Net_H"
"163",162,0.2605,0.0023,0.00415,0.73305,"Netlogo_H_23","Net_H"
"164",163,0.26235,0.0025,0.00415,0.731,"Netlogo_H_23","Net_H"
"165",164,0.2636,0.0023,0.0044,0.7297,"Netlogo_H_23","Net_H"
"166",165,0.2656,0.00235,0.0044,0.72765,"Netlogo_H_23","Net_H"
"167",166,0.2668,0.0027,0.0041,0.7264,"Netlogo_H_23","Net_H"
"168",167,0.26825,0.00315,0.00425,0.72435,"Netlogo_H_23","Net_H"
"169",168,0.27,0.00365,0.0041,0.72225,"Netlogo_H_23","Net_H"
"170",169,0.27105,0.00365,0.0043,0.721,"Netlogo_H_23","Net_H"
"171",170,0.2729,0.00305,0.00515,0.7189,"Netlogo_H_23","Net_H"
"172",171,0.27355,0.0037,0.00525,0.7175,"Netlogo_H_23","Net_H"
"173",172,0.2743,0.0043,0.0053,0.7161,"Netlogo_H_23","Net_H"
"174",173,0.27505,0.0047,0.0056,0.71465,"Netlogo_H_23","Net_H"
"175",174,0.2762,0.0048,0.00605,0.71295,"Netlogo_H_23","Net_H"
"176",175,0.2774,0.0051,0.00635,0.71115,"Netlogo_H_23","Net_H"
"177",176,0.27815,0.00565,0.00655,0.70965,"Netlogo_H_23","Net_H"
"178",177,0.2795,0.00575,0.00715,0.7076,"Netlogo_H_23","Net_H"
"179",178,0.28005,0.0063,0.0078,0.70585,"Netlogo_H_23","Net_H"
"180",179,0.28065,0.0065,0.00815,0.7047,"Netlogo_H_23","Net_H"
"181",180,0.28175,0.0063,0.00895,0.703,"Netlogo_H_23","Net_H"
"182",181,0.2813,0.00675,0.0096,0.70235,"Netlogo_H_23","Net_H"
"183",182,0.28165,0.0068,0.01035,0.7012,"Netlogo_H_23","Net_H"
"184",183,0.2819,0.00675,0.0111,0.70025,"Netlogo_H_23","Net_H"
"185",184,0.2817,0.008,0.01075,0.69955,"Netlogo_H_23","Net_H"
"186",185,0.28205,0.0085,0.0108,0.69865,"Netlogo_H_23","Net_H"
"187",186,0.28245,0.00865,0.0114,0.6975,"Netlogo_H_23","Net_H"
"188",187,0.28245,0.00855,0.01235,0.69665,"Netlogo_H_23","Net_H"
"189",188,0.28175,0.00885,0.01335,0.69605,"Netlogo_H_23","Net_H"
"190",189,0.2815,0.0089,0.0135,0.6961,"Netlogo_H_23","Net_H"
"191",190,0.28155,0.00915,0.01355,0.69575,"Netlogo_H_23","Net_H"
"192",191,0.28205,0.00905,0.0139,0.695,"Netlogo_H_23","Net_H"
"193",192,0.2826,0.00895,0.0137,0.69475,"Netlogo_H_23","Net_H"
"194",193,0.2818,0.0103,0.0135,0.6944,"Netlogo_H_23","Net_H"
"195",194,0.2813,0.01065,0.0139,0.69415,"Netlogo_H_23","Net_H"
"196",195,0.2814,0.0113,0.0145,0.6928,"Netlogo_H_23","Net_H"
"197",196,0.28005,0.0116,0.01525,0.6931,"Netlogo_H_23","Net_H"
"198",197,0.2781,0.0124,0.01635,0.69315,"Netlogo_H_23","Net_H"
"199",198,0.27665,0.01355,0.01695,0.69285,"Netlogo_H_23","Net_H"
"200",199,0.2747,0.0146,0.01765,0.69305,"Netlogo_H_23","Net_H"
"201",200,0.2734,0.01475,0.0191,0.69275,"Netlogo_H_23","Net_H"
"202",201,0.27205,0.01535,0.01955,0.69305,"Netlogo_H_23","Net_H"
"203",202,0.27065,0.01585,0.02075,0.69275,"Netlogo_H_23","Net_H"
"204",203,0.2686,0.01665,0.02105,0.6937,"Netlogo_H_23","Net_H"
"205",204,0.26715,0.01655,0.0224,0.6939,"Netlogo_H_23","Net_H"
"206",205,0.2655,0.01645,0.02355,0.6945,"Netlogo_H_23","Net_H"
"207",206,0.26335,0.01785,0.023,0.6958,"Netlogo_H_23","Net_H"
"208",207,0.26185,0.0185,0.02455,0.6951,"Netlogo_H_23","Net_H"
"209",208,0.26095,0.01875,0.02555,0.69475,"Netlogo_H_23","Net_H"
"210",209,0.25855,0.0188,0.02675,0.6959,"Netlogo_H_23","Net_H"
"211",210,0.25655,0.01895,0.02865,0.69585,"Netlogo_H_23","Net_H"
"212",211,0.255,0.01945,0.02935,0.6962,"Netlogo_H_23","Net_H"
"213",212,0.25285,0.0193,0.0308,0.69705,"Netlogo_H_23","Net_H"
"214",213,0.2504,0.01895,0.0324,0.69825,"Netlogo_H_23","Net_H"
"215",214,0.24655,0.02075,0.03335,0.69935,"Netlogo_H_23","Net_H"
"216",215,0.24375,0.0225,0.03395,0.6998,"Netlogo_H_23","Net_H"
"217",216,0.23945,0.02545,0.03385,0.70125,"Netlogo_H_23","Net_H"
"218",217,0.2368,0.0257,0.03515,0.70235,"Netlogo_H_23","Net_H"
"219",218,0.23415,0.02645,0.03585,0.70355,"Netlogo_H_23","Net_H"
"220",219,0.2313,0.0263,0.0374,0.705,"Netlogo_H_23","Net_H"
"221",220,0.22845,0.0264,0.0385,0.70665,"Netlogo_H_23","Net_H"
"222",221,0.2254,0.0264,0.04055,0.70765,"Netlogo_H_23","Net_H"
"223",222,0.2205,0.0273,0.04285,0.70935,"Netlogo_H_23","Net_H"
"224",223,0.2175,0.02695,0.0444,0.71115,"Netlogo_H_23","Net_H"
"225",224,0.2131,0.02815,0.0449,0.71385,"Netlogo_H_23","Net_H"
"226",225,0.20905,0.02775,0.0463,0.7169,"Netlogo_H_23","Net_H"
"227",226,0.20575,0.0272,0.04885,0.7182,"Netlogo_H_23","Net_H"
"228",227,0.2017,0.0284,0.04855,0.72135,"Netlogo_H_23","Net_H"
"229",228,0.19755,0.029,0.04855,0.7249,"Netlogo_H_23","Net_H"
"230",229,0.19455,0.02875,0.0494,0.7273,"Netlogo_H_23","Net_H"
"231",230,0.191,0.0293,0.04915,0.73055,"Netlogo_H_23","Net_H"
"232",231,0.1874,0.0287,0.04995,0.73395,"Netlogo_H_23","Net_H"
"233",232,0.18375,0.0296,0.04915,0.7375,"Netlogo_H_23","Net_H"
"234",233,0.1809,0.02845,0.0497,0.74095,"Netlogo_H_23","Net_H"
"235",234,0.1787,0.02855,0.04975,0.743,"Netlogo_H_23","Net_H"
"236",235,0.1757,0.02905,0.0499,0.74535,"Netlogo_H_23","Net_H"
"237",236,0.1729,0.02805,0.05,0.74905,"Netlogo_H_23","Net_H"
"238",237,0.17055,0.02765,0.0492,0.7526,"Netlogo_H_23","Net_H"
"239",238,0.16715,0.028,0.0504,0.75445,"Netlogo_H_23","Net_H"
"240",239,0.1647,0.02715,0.05035,0.7578,"Netlogo_H_23","Net_H"
"241",240,0.16245,0.0272,0.05025,0.7601,"Netlogo_H_23","Net_H"
"242",241,0.16065,0.0261,0.05085,0.7624,"Netlogo_H_23","Net_H"
"243",242,0.1579,0.02455,0.05095,0.7666,"Netlogo_H_23","Net_H"
"244",243,0.1551,0.02565,0.0494,0.76985,"Netlogo_H_23","Net_H"
"245",244,0.1533,0.0249,0.0477,0.7741,"Netlogo_H_23","Net_H"
"246",245,0.1517,0.02395,0.04715,0.7772,"Netlogo_H_23","Net_H"
"247",246,0.15055,0.0223,0.04815,0.779,"Netlogo_H_23","Net_H"
"248",247,0.1495,0.02125,0.0469,0.78235,"Netlogo_H_23","Net_H"
"249",248,0.1487,0.01985,0.04605,0.7854,"Netlogo_H_23","Net_H"
"250",249,0.1484,0.01915,0.04545,0.787,"Netlogo_H_23","Net_H"
"251",250,0.1471,0.0201,0.044,0.7888,"Netlogo_H_23","Net_H"
"252",251,0.147,0.02015,0.0424,0.79045,"Netlogo_H_23","Net_H"
"253",252,0.14625,0.0191,0.04195,0.7927,"Netlogo_H_23","Net_H"
"254",253,0.14565,0.0192,0.04095,0.7942,"Netlogo_H_23","Net_H"
"255",254,0.1457,0.01865,0.0399,0.79575,"Netlogo_H_23","Net_H"
"256",255,0.14575,0.01855,0.0385,0.7972,"Netlogo_H_23","Net_H"
"257",256,0.14555,0.01815,0.0382,0.7981,"Netlogo_H_23","Net_H"
"258",257,0.14605,0.01685,0.03805,0.79905,"Netlogo_H_23","Net_H"
"259",258,0.14705,0.0167,0.03695,0.7993,"Netlogo_H_23","Net_H"
"260",259,0.1461,0.01795,0.03585,0.8001,"Netlogo_H_23","Net_H"
"261",260,0.14585,0.01825,0.0346,0.8013,"Netlogo_H_23","Net_H"
"262",261,0.1456,0.0176,0.03445,0.80235,"Netlogo_H_23","Net_H"
"263",262,0.14645,0.01605,0.03435,0.80315,"Netlogo_H_23","Net_H"
"264",263,0.146,0.01575,0.03395,0.8043,"Netlogo_H_23","Net_H"
"265",264,0.1468,0.01565,0.0342,0.80335,"Netlogo_H_23","Net_H"
"266",265,0.14695,0.0154,0.0342,0.80345,"Netlogo_H_23","Net_H"
"267",266,0.14785,0.01445,0.0331,0.8046,"Netlogo_H_23","Net_H"
"268",267,0.148,0.0151,0.03145,0.80545,"Netlogo_H_23","Net_H"
"269",268,0.14855,0.01565,0.0307,0.8051,"Netlogo_H_23","Net_H"
"270",269,0.14975,0.0143,0.0307,0.80525,"Netlogo_H_23","Net_H"
"271",270,0.15025,0.01465,0.0304,0.8047,"Netlogo_H_23","Net_H"
"272",271,0.15085,0.01445,0.03035,0.80435,"Netlogo_H_23","Net_H"
"273",272,0.15055,0.01495,0.02955,0.80495,"Netlogo_H_23","Net_H"
"274",273,0.1516,0.014,0.02995,0.80445,"Netlogo_H_23","Net_H"
"275",274,0.15155,0.0143,0.03,0.80415,"Netlogo_H_23","Net_H"
"276",275,0.1527,0.01495,0.02775,0.8046,"Netlogo_H_23","Net_H"
"277",276,0.1538,0.0142,0.02825,0.80375,"Netlogo_H_23","Net_H"
"278",277,0.15405,0.0139,0.0282,0.80385,"Netlogo_H_23","Net_H"
"279",278,0.1551,0.0139,0.02785,0.80315,"Netlogo_H_23","Net_H"
"280",279,0.1569,0.01335,0.02715,0.8026,"Netlogo_H_23","Net_H"
"281",280,0.1587,0.01295,0.02675,0.8016,"Netlogo_H_23","Net_H"
"282",281,0.15945,0.01245,0.02595,0.80215,"Netlogo_H_23","Net_H"
"283",282,0.16125,0.01275,0.02485,0.80115,"Netlogo_H_23","Net_H"
"284",283,0.16395,0.0125,0.02495,0.7986,"Netlogo_H_23","Net_H"
"285",284,0.165,0.013,0.025,0.797,"Netlogo_H_23","Net_H"
"286",285,0.1673,0.01295,0.02515,0.7946,"Netlogo_H_23","Net_H"
"287",286,0.169,0.0119,0.02595,0.79315,"Netlogo_H_23","Net_H"
"288",287,0.17005,0.0127,0.02575,0.7915,"Netlogo_H_23","Net_H"
"289",288,0.17155,0.01365,0.0249,0.7899,"Netlogo_H_23","Net_H"
"290",289,0.1718,0.01315,0.0254,0.78965,"Netlogo_H_23","Net_H"
"291",290,0.1739,0.01285,0.0249,0.78835,"Netlogo_H_23","Net_H"
"292",291,0.175,0.01265,0.02465,0.7877,"Netlogo_H_23","Net_H"
"293",292,0.1759,0.0126,0.02485,0.78665,"Netlogo_H_23","Net_H"
"294",293,0.17795,0.01315,0.0238,0.7851,"Netlogo_H_23","Net_H"
"295",294,0.18055,0.01155,0.02435,0.78355,"Netlogo_H_23","Net_H"
"296",295,0.1825,0.0106,0.0243,0.7826,"Netlogo_H_23","Net_H"
"297",296,0.18355,0.0111,0.02345,0.7819,"Netlogo_H_23","Net_H"
"298",297,0.1851,0.01175,0.02285,0.7803,"Netlogo_H_23","Net_H"
"299",298,0.18675,0.0118,0.02235,0.7791,"Netlogo_H_23","Net_H"
"300",299,0.18785,0.0127,0.02195,0.7775,"Netlogo_H_23","Net_H"
"301",300,0.19025,0.01245,0.0216,0.7757,"Netlogo_H_23","Net_H"
"302",301,0.19115,0.01285,0.0217,0.7743,"Netlogo_H_23","Net_H"
"303",302,0.19225,0.01325,0.02195,0.77255,"Netlogo_H_23","Net_H"
"304",303,0.19335,0.01355,0.0224,0.7707,"Netlogo_H_23","Net_H"
"305",304,0.1947,0.01435,0.022,0.76895,"Netlogo_H_23","Net_H"
"306",305,0.19565,0.01385,0.0228,0.7677,"Netlogo_H_23","Net_H"
"307",306,0.1982,0.0136,0.02395,0.76425,"Netlogo_H_23","Net_H"
"308",307,0.19815,0.0144,0.0246,0.76285,"Netlogo_H_23","Net_H"
"309",308,0.1994,0.01385,0.02495,0.7618,"Netlogo_H_23","Net_H"
"310",309,0.2001,0.0148,0.0248,0.7603,"Netlogo_H_23","Net_H"
"311",310,0.20165,0.01515,0.0247,0.7585,"Netlogo_H_23","Net_H"
"312",311,0.20165,0.01565,0.0254,0.7573,"Netlogo_H_23","Net_H"
"313",312,0.20245,0.0159,0.0248,0.75685,"Netlogo_H_23","Net_H"
"314",313,0.2021,0.0168,0.0252,0.7559,"Netlogo_H_23","Net_H"
"315",314,0.20235,0.01655,0.02605,0.75505,"Netlogo_H_23","Net_H"
"316",315,0.203,0.01715,0.02645,0.7534,"Netlogo_H_23","Net_H"
"317",316,0.20395,0.01745,0.0257,0.7529,"Netlogo_H_23","Net_H"
"318",317,0.20515,0.01715,0.0263,0.7514,"Netlogo_H_23","Net_H"
"319",318,0.20475,0.0178,0.02735,0.7501,"Netlogo_H_23","Net_H"
"320",319,0.20465,0.0175,0.02715,0.7507,"Netlogo_H_23","Net_H"
"321",320,0.2046,0.0181,0.02875,0.74855,"Netlogo_H_23","Net_H"
"322",321,0.205,0.01765,0.0293,0.74805,"Netlogo_H_23","Net_H"
"323",322,0.20445,0.01805,0.0297,0.7478,"Netlogo_H_23","Net_H"
"324",323,0.2054,0.0182,0.0303,0.7461,"Netlogo_H_23","Net_H"
"325",324,0.20495,0.0185,0.03175,0.7448,"Netlogo_H_23","Net_H"
"326",325,0.2054,0.0184,0.03205,0.74415,"Netlogo_H_23","Net_H"
"327",326,0.2064,0.0183,0.03215,0.74315,"Netlogo_H_23","Net_H"
"328",327,0.2056,0.01935,0.03265,0.7424,"Netlogo_H_23","Net_H"
"329",328,0.2044,0.0197,0.03325,0.74265,"Netlogo_H_23","Net_H"
"330",329,0.2046,0.01895,0.03455,0.7419,"Netlogo_H_23","Net_H"
"331",330,0.2038,0.0204,0.03515,0.74065,"Netlogo_H_23","Net_H"
"332",331,0.2031,0.0203,0.035,0.7416,"Netlogo_H_23","Net_H"
"333",332,0.2029,0.02025,0.03605,0.7408,"Netlogo_H_23","Net_H"
"334",333,0.2025,0.0211,0.03665,0.73975,"Netlogo_H_23","Net_H"
"335",334,0.2017,0.02155,0.03665,0.7401,"Netlogo_H_23","Net_H"
"336",335,0.19975,0.0221,0.03705,0.7411,"Netlogo_H_23","Net_H"
"337",336,0.19925,0.02245,0.03785,0.74045,"Netlogo_H_23","Net_H"
"338",337,0.1985,0.02225,0.03845,0.7408,"Netlogo_H_23","Net_H"
"339",338,0.19705,0.0225,0.0384,0.74205,"Netlogo_H_23","Net_H"
"340",339,0.1973,0.02245,0.0388,0.74145,"Netlogo_H_23","Net_H"
"341",340,0.19555,0.02325,0.0391,0.7421,"Netlogo_H_23","Net_H"
"342",341,0.1952,0.0233,0.04,0.7415,"Netlogo_H_23","Net_H"
"343",342,0.19445,0.0235,0.0397,0.74235,"Netlogo_H_23","Net_H"
"344",343,0.1927,0.02395,0.0399,0.74345,"Netlogo_H_23","Net_H"
"345",344,0.1916,0.0245,0.03965,0.74425,"Netlogo_H_23","Net_H"
"346",345,0.19045,0.02425,0.0399,0.7454,"Netlogo_H_23","Net_H"
"347",346,0.18925,0.0235,0.0407,0.74655,"Netlogo_H_23","Net_H"
"348",347,0.189,0.02295,0.04065,0.7474,"Netlogo_H_23","Net_H"
"349",348,0.18885,0.02275,0.04155,0.74685,"Netlogo_H_23","Net_H"
"350",349,0.18785,0.02255,0.0414,0.7482,"Netlogo_H_23","Net_H"
"351",350,0.1867,0.02285,0.0417,0.74875,"Netlogo_H_23","Net_H"
"352",351,0.18495,0.0229,0.04245,0.7497,"Netlogo_H_23","Net_H"
"353",352,0.18405,0.02255,0.0429,0.7505,"Netlogo_H_23","Net_H"
"354",353,0.18215,0.02415,0.0427,0.751,"Netlogo_H_23","Net_H"
"355",354,0.1819,0.0239,0.0421,0.7521,"Netlogo_H_23","Net_H"
"356",355,0.18115,0.02425,0.0424,0.7522,"Netlogo_H_23","Net_H"
"357",356,0.18065,0.0242,0.04155,0.7536,"Netlogo_H_23","Net_H"
"358",357,0.17985,0.02445,0.0414,0.7543,"Netlogo_H_23","Net_H"
"359",358,0.1793,0.0229,0.043,0.7548,"Netlogo_H_23","Net_H"
"360",359,0.179,0.0238,0.0431,0.7541,"Netlogo_H_23","Net_H"
"361",360,0.1794,0.023,0.04265,0.75495,"Netlogo_H_23","Net_H"
"362",361,0.17805,0.02395,0.0429,0.7551,"Netlogo_H_23","Net_H"
"363",362,0.1771,0.0242,0.04225,0.75645,"Netlogo_H_23","Net_H"
"364",363,0.17705,0.02385,0.04275,0.75635,"Netlogo_H_23","Net_H"
"365",364,0.1758,0.0242,0.04285,0.75715,"Netlogo_H_23","Net_H"
"366",365,0.1763,0.0242,0.04345,0.75605,"Netlogo_H_23","Net_H"
"367",366,0.1772,0.023,0.04455,0.75525,"Netlogo_H_23","Net_H"
"368",367,0.1774,0.0237,0.04355,0.75535,"Netlogo_H_23","Net_H"
"369",368,0.17665,0.02425,0.04215,0.75695,"Netlogo_H_23","Net_H"
"370",369,0.17665,0.02325,0.04335,0.75675,"Netlogo_H_23","Net_H"
"371",370,0.1764,0.02355,0.0432,0.75685,"Netlogo_H_23","Net_H"
"372",371,0.17475,0.02355,0.04285,0.75885,"Netlogo_H_23","Net_H"
"373",372,0.17555,0.02255,0.0426,0.7593,"Netlogo_H_23","Net_H"
"374",373,0.1752,0.02235,0.04305,0.7594,"Netlogo_H_23","Net_H"
"375",374,0.17565,0.0218,0.04265,0.7599,"Netlogo_H_23","Net_H"
"376",375,0.1744,0.02265,0.04175,0.7612,"Netlogo_H_23","Net_H"
"377",376,0.17305,0.0236,0.04165,0.7617,"Netlogo_H_23","Net_H"
"378",377,0.17395,0.02155,0.0418,0.7627,"Netlogo_H_23","Net_H"
"379",378,0.17465,0.021,0.0422,0.76215,"Netlogo_H_23","Net_H"
"380",379,0.17455,0.021,0.04165,0.7628,"Netlogo_H_23","Net_H"
"381",380,0.1746,0.02115,0.04135,0.7629,"Netlogo_H_23","Net_H"
"382",381,0.17385,0.0215,0.04095,0.7637,"Netlogo_H_23","Net_H"
"383",382,0.1741,0.0213,0.0404,0.7642,"Netlogo_H_23","Net_H"
"384",383,0.17395,0.02165,0.04075,0.76365,"Netlogo_H_23","Net_H"
"385",384,0.17275,0.02175,0.04135,0.76415,"Netlogo_H_23","Net_H"
"386",385,0.173,0.02145,0.04075,0.7648,"Netlogo_H_23","Net_H"
"387",386,0.1734,0.02095,0.0417,0.76395,"Netlogo_H_23","Net_H"
"388",387,0.1736,0.0211,0.0415,0.7638,"Netlogo_H_23","Net_H"
"389",388,0.17415,0.01955,0.04185,0.76445,"Netlogo_H_23","Net_H"
"390",389,0.1735,0.02045,0.041,0.76505,"Netlogo_H_23","Net_H"
"391",390,0.17315,0.021,0.04075,0.7651,"Netlogo_H_23","Net_H"
"392",391,0.1736,0.0209,0.0402,0.7653,"Netlogo_H_23","Net_H"
"393",392,0.1729,0.0204,0.04075,0.76595,"Netlogo_H_23","Net_H"
"394",393,0.1726,0.0215,0.04085,0.76505,"Netlogo_H_23","Net_H"
"395",394,0.17155,0.02215,0.041,0.7653,"Netlogo_H_23","Net_H"
"396",395,0.1717,0.02265,0.04085,0.7648,"Netlogo_H_23","Net_H"
"397",396,0.1722,0.02245,0.04085,0.7645,"Netlogo_H_23","Net_H"
"398",397,0.1715,0.02355,0.0404,0.76455,"Netlogo_H_23","Net_H"
"399",398,0.17115,0.02435,0.03905,0.76545,"Netlogo_H_23","Net_H"
"400",399,0.17155,0.02355,0.0393,0.7656,"Netlogo_H_23","Net_H"
"401",400,0.17275,0.0219,0.041,0.76435,"Netlogo_H_23","Net_H"
"402",401,0.1742,0.0205,0.04185,0.76345,"Netlogo_H_23","Net_H"
"403",402,0.17495,0.0204,0.0411,0.76355,"Netlogo_H_23","Net_H"
"404",403,0.17555,0.02005,0.0397,0.7647,"Netlogo_H_23","Net_H"
"405",404,0.1758,0.0207,0.0394,0.7641,"Netlogo_H_23","Net_H"
"406",405,0.17655,0.0204,0.03995,0.7631,"Netlogo_H_23","Net_H"
"407",406,0.17715,0.02045,0.03945,0.76295,"Netlogo_H_23","Net_H"
"408",407,0.1774,0.02035,0.0377,0.76455,"Netlogo_H_23","Net_H"
"409",408,0.17765,0.02085,0.03805,0.76345,"Netlogo_H_23","Net_H"
"410",409,0.1778,0.0207,0.0378,0.7637,"Netlogo_H_23","Net_H"
"411",410,0.17725,0.0206,0.0383,0.76385,"Netlogo_H_23","Net_H"
"412",411,0.178,0.0201,0.03795,0.76395,"Netlogo_H_23","Net_H"
"413",412,0.17805,0.02095,0.0371,0.7639,"Netlogo_H_23","Net_H"
"414",413,0.1779,0.02095,0.03785,0.7633,"Netlogo_H_23","Net_H"
"415",414,0.1794,0.0198,0.0383,0.7625,"Netlogo_H_23","Net_H"
"416",415,0.18015,0.02005,0.0385,0.7613,"Netlogo_H_23","Net_H"
"417",416,0.17975,0.0204,0.038,0.76185,"Netlogo_H_23","Net_H"
"418",417,0.18075,0.0197,0.03915,0.7604,"Netlogo_H_23","Net_H"
"419",418,0.18065,0.01965,0.0386,0.7611,"Netlogo_H_23","Net_H"
"420",419,0.18085,0.01935,0.03855,0.76125,"Netlogo_H_23","Net_H"
"421",420,0.1803,0.0198,0.03855,0.76135,"Netlogo_H_23","Net_H"
"422",421,0.1793,0.0202,0.0383,0.7622,"Netlogo_H_23","Net_H"
"423",422,0.17985,0.01995,0.03795,0.76225,"Netlogo_H_23","Net_H"
"424",423,0.1799,0.01985,0.0379,0.76235,"Netlogo_H_23","Net_H"
"425",424,0.1801,0.02025,0.0371,0.76255,"Netlogo_H_23","Net_H"
"426",425,0.18005,0.02015,0.03755,0.76225,"Netlogo_H_23","Net_H"
"427",426,0.179,0.02095,0.03695,0.7631,"Netlogo_H_23","Net_H"
"428",427,0.1781,0.0218,0.03725,0.76285,"Netlogo_H_23","Net_H"
"429",428,0.1797,0.02105,0.037,0.76225,"Netlogo_H_23","Net_H"
"430",429,0.18045,0.0198,0.03815,0.7616,"Netlogo_H_23","Net_H"
"431",430,0.1811,0.01925,0.0382,0.76145,"Netlogo_H_23","Net_H"
"432",431,0.18135,0.02095,0.0377,0.76,"Netlogo_H_23","Net_H"
"433",432,0.1813,0.02155,0.0384,0.75875,"Netlogo_H_23","Net_H"
"434",433,0.18085,0.0211,0.0389,0.75915,"Netlogo_H_23","Net_H"
"435",434,0.18095,0.0216,0.0382,0.75925,"Netlogo_H_23","Net_H"
"436",435,0.18125,0.0208,0.038,0.75995,"Netlogo_H_23","Net_H"
"437",436,0.1829,0.01885,0.03845,0.7598,"Netlogo_H_23","Net_H"
"438",437,0.18225,0.01885,0.0384,0.7605,"Netlogo_H_23","Net_H"
"439",438,0.18225,0.01985,0.03815,0.75975,"Netlogo_H_23","Net_H"
"440",439,0.18105,0.02115,0.037,0.7608,"Netlogo_H_23","Net_H"
"441",440,0.1806,0.021,0.0372,0.7612,"Netlogo_H_23","Net_H"
"442",441,0.18105,0.021,0.03695,0.761,"Netlogo_H_23","Net_H"
"443",442,0.18195,0.0201,0.03675,0.7612,"Netlogo_H_23","Net_H"
"444",443,0.18215,0.0199,0.0369,0.76105,"Netlogo_H_23","Net_H"
"445",444,0.18335,0.01965,0.03645,0.76055,"Netlogo_H_23","Net_H"
"446",445,0.1836,0.0194,0.03595,0.76105,"Netlogo_H_23","Net_H"
"447",446,0.18425,0.01915,0.0357,0.7609,"Netlogo_H_23","Net_H"
"448",447,0.1847,0.01955,0.0359,0.75985,"Netlogo_H_23","Net_H"
"449",448,0.18575,0.01935,0.036,0.7589,"Netlogo_H_23","Net_H"
"450",449,0.1862,0.01975,0.0351,0.75895,"Netlogo_H_23","Net_H"
"451",450,0.188,0.0184,0.03705,0.75655,"Netlogo_H_23","Net_H"
"452",451,0.18735,0.0185,0.03775,0.7564,"Netlogo_H_23","Net_H"
"453",452,0.18715,0.01895,0.03835,0.75555,"Netlogo_H_23","Net_H"
"454",453,0.1863,0.02,0.0379,0.7558,"Netlogo_H_23","Net_H"
"455",454,0.18615,0.0205,0.03685,0.7565,"Netlogo_H_23","Net_H"
"456",455,0.18665,0.02085,0.0362,0.7563,"Netlogo_H_23","Net_H"
"457",456,0.1875,0.02,0.03725,0.75525,"Netlogo_H_23","Net_H"
"458",457,0.1859,0.02175,0.03735,0.755,"Netlogo_H_23","Net_H"
"459",458,0.1856,0.02115,0.038,0.75525,"Netlogo_H_23","Net_H"
"460",459,0.18595,0.02145,0.0374,0.7552,"Netlogo_H_23","Net_H"
"461",460,0.18515,0.0215,0.03855,0.7548,"Netlogo_H_23","Net_H"
"462",461,0.18345,0.0228,0.03795,0.7558,"Netlogo_H_23","Net_H"
"463",462,0.18225,0.0234,0.03895,0.7554,"Netlogo_H_23","Net_H"
"464",463,0.18095,0.0233,0.0397,0.75605,"Netlogo_H_23","Net_H"
"465",464,0.18185,0.0223,0.04085,0.755,"Netlogo_H_23","Net_H"
"466",465,0.18195,0.02225,0.041,0.7548,"Netlogo_H_23","Net_H"
"467",466,0.18245,0.02235,0.0419,0.7533,"Netlogo_H_23","Net_H"
"468",467,0.1817,0.02235,0.04265,0.7533,"Netlogo_H_23","Net_H"
"469",468,0.1817,0.0221,0.04255,0.75365,"Netlogo_H_23","Net_H"
"470",469,0.18115,0.0226,0.04175,0.7545,"Netlogo_H_23","Net_H"
"471",470,0.18075,0.0225,0.04185,0.7549,"Netlogo_H_23","Net_H"
"472",471,0.1794,0.0234,0.04065,0.75655,"Netlogo_H_23","Net_H"
"473",472,0.1793,0.0227,0.0413,0.7567,"Netlogo_H_23","Net_H"
"474",473,0.17855,0.02285,0.04115,0.75745,"Netlogo_H_23","Net_H"
"475",474,0.17825,0.02285,0.0414,0.7575,"Netlogo_H_23","Net_H"
"476",475,0.1775,0.02325,0.04135,0.7579,"Netlogo_H_23","Net_H"
"477",476,0.177,0.02365,0.04115,0.7582,"Netlogo_H_23","Net_H"
"478",477,0.17755,0.02215,0.04165,0.75865,"Netlogo_H_23","Net_H"
"479",478,0.1759,0.02225,0.04255,0.7593,"Netlogo_H_23","Net_H"
"480",479,0.17505,0.02215,0.04265,0.76015,"Netlogo_H_23","Net_H"
"481",480,0.17325,0.0241,0.04205,0.7606,"Netlogo_H_23","Net_H"
"482",481,0.1732,0.0239,0.04175,0.76115,"Netlogo_H_23","Net_H"
"483",482,0.1732,0.02335,0.04155,0.7619,"Netlogo_H_23","Net_H"
"484",483,0.17325,0.02255,0.04205,0.76215,"Netlogo_H_23","Net_H"
"485",484,0.17185,0.02355,0.0411,0.7635,"Netlogo_H_23","Net_H"
"486",485,0.1717,0.02325,0.04205,0.763,"Netlogo_H_23","Net_H"
"487",486,0.17165,0.02295,0.04195,0.76345,"Netlogo_H_23","Net_H"
"488",487,0.1702,0.0232,0.0416,0.765,"Netlogo_H_23","Net_H"
"489",488,0.1704,0.02205,0.0424,0.76515,"Netlogo_H_23","Net_H"
"490",489,0.16785,0.0232,0.04325,0.7657,"Netlogo_H_23","Net_H"
"491",490,0.16835,0.02285,0.04175,0.76705,"Netlogo_H_23","Net_H"
"492",491,0.1675,0.0225,0.04235,0.76765,"Netlogo_H_23","Net_H"
"493",492,0.168,0.02185,0.0423,0.76785,"Netlogo_H_23","Net_H"
"494",493,0.16725,0.02175,0.0419,0.7691,"Netlogo_H_23","Net_H"
"495",494,0.1676,0.02165,0.0406,0.77015,"Netlogo_H_23","Net_H"
"496",495,0.167,0.022,0.03965,0.77135,"Netlogo_H_23","Net_H"
"497",496,0.1666,0.0226,0.0389,0.7719,"Netlogo_H_23","Net_H"
"498",497,0.1665,0.02235,0.03885,0.7723,"Netlogo_H_23","Net_H"
"499",498,0.16785,0.02075,0.03935,0.77205,"Netlogo_H_23","Net_H"
"500",499,0.16765,0.02045,0.0391,0.7728,"Netlogo_H_23","Net_H"
"501",500,0.1682,0.021,0.03915,0.77165,"Netlogo_H_23","Net_H"
"502",501,0.1689,0.02025,0.0392,0.77165,"Netlogo_H_23","Net_H"
"503",502,0.1699,0.01965,0.03875,0.7717,"Netlogo_H_23","Net_H"
"504",503,0.1707,0.01935,0.03885,0.7711,"Netlogo_H_23","Net_H"
"505",504,0.1709,0.01895,0.03875,0.7714,"Netlogo_H_23","Net_H"
"506",505,0.16995,0.0197,0.0394,0.77095,"Netlogo_H_23","Net_H"
"507",506,0.17,0.02015,0.0384,0.77145,"Netlogo_H_23","Net_H"
"508",507,0.16835,0.0216,0.0374,0.77265,"Netlogo_H_23","Net_H"
"509",508,0.16835,0.021,0.0379,0.77275,"Netlogo_H_23","Net_H"
"510",509,0.16915,0.0198,0.0385,0.77255,"Netlogo_H_23","Net_H"
"511",510,0.1705,0.0192,0.0398,0.7705,"Netlogo_H_23","Net_H"
"512",511,0.17025,0.0202,0.0389,0.77065,"Netlogo_H_23","Net_H"
"513",512,0.1698,0.02115,0.03775,0.7713,"Netlogo_H_23","Net_H"
"514",513,0.16935,0.02045,0.03875,0.77145,"Netlogo_H_23","Net_H"
"515",514,0.16895,0.0213,0.0386,0.77115,"Netlogo_H_23","Net_H"
"516",515,0.1689,0.0216,0.0379,0.7716,"Netlogo_H_23","Net_H"
"517",516,0.1699,0.01985,0.03875,0.7715,"Netlogo_H_23","Net_H"
"518",517,0.16935,0.0193,0.03915,0.7722,"Netlogo_H_23","Net_H"
"519",518,0.16845,0.02015,0.0385,0.7729,"Netlogo_H_23","Net_H"
"520",519,0.1693,0.0195,0.0381,0.7731,"Netlogo_H_23","Net_H"
"521",520,0.1703,0.01905,0.0377,0.77295,"Netlogo_H_23","Net_H"
"522",521,0.1706,0.01955,0.03565,0.7742,"Netlogo_H_23","Net_H"
"523",522,0.1719,0.0193,0.03465,0.77415,"Netlogo_H_23","Net_H"
"524",523,0.1734,0.0181,0.0342,0.7743,"Netlogo_H_23","Net_H"
"525",524,0.17385,0.0182,0.03465,0.7733,"Netlogo_H_23","Net_H"
"526",525,0.17455,0.01795,0.03505,0.77245,"Netlogo_H_23","Net_H"
"527",526,0.1745,0.0193,0.03435,0.77185,"Netlogo_H_23","Net_H"
"528",527,0.1751,0.0198,0.03415,0.77095,"Netlogo_H_23","Net_H"
"529",528,0.17435,0.01995,0.0345,0.7712,"Netlogo_H_23","Net_H"
"530",529,0.1766,0.01945,0.03475,0.7692,"Netlogo_H_23","Net_H"
"531",530,0.17735,0.019,0.0359,0.76775,"Netlogo_H_23","Net_H"
"532",531,0.1769,0.01845,0.0361,0.76855,"Netlogo_H_23","Net_H"
"533",532,0.17735,0.0177,0.03555,0.7694,"Netlogo_H_23","Net_H"
"534",533,0.17785,0.01755,0.03475,0.76985,"Netlogo_H_23","Net_H"
"535",534,0.1789,0.01715,0.03465,0.7693,"Netlogo_H_23","Net_H"
"536",535,0.17835,0.0177,0.03405,0.7699,"Netlogo_H_23","Net_H"
"537",536,0.1786,0.0185,0.0326,0.7703,"Netlogo_H_23","Net_H"
"538",537,0.17955,0.0176,0.03335,0.7695,"Netlogo_H_23","Net_H"
"539",538,0.18095,0.0178,0.0336,0.76765,"Netlogo_H_23","Net_H"
"540",539,0.18215,0.01775,0.0333,0.7668,"Netlogo_H_23","Net_H"
"541",540,0.18275,0.01855,0.0331,0.7656,"Netlogo_H_23","Net_H"
"542",541,0.18395,0.01815,0.0325,0.7654,"Netlogo_H_23","Net_H"
"543",542,0.18425,0.0191,0.0318,0.76485,"Netlogo_H_23","Net_H"
"544",543,0.1844,0.01895,0.0316,0.76505,"Netlogo_H_23","Net_H"
"545",544,0.1854,0.01795,0.03245,0.7642,"Netlogo_H_23","Net_H"
"546",545,0.1852,0.019,0.031,0.7648,"Netlogo_H_23","Net_H"
"547",546,0.18505,0.01935,0.0313,0.7643,"Netlogo_H_23","Net_H"
"548",547,0.1857,0.0181,0.0334,0.7628,"Netlogo_H_23","Net_H"
"549",548,0.1877,0.0178,0.03335,0.76115,"Netlogo_H_23","Net_H"
"550",549,0.18725,0.0174,0.034,0.76135,"Netlogo_H_23","Net_H"
"551",550,0.18805,0.01765,0.03375,0.76055,"Netlogo_H_23","Net_H"
"552",551,0.1881,0.0179,0.0342,0.7598,"Netlogo_H_23","Net_H"
"553",552,0.1876,0.01815,0.0346,0.75965,"Netlogo_H_23","Net_H"
"554",553,0.1873,0.01895,0.0353,0.75845,"Netlogo_H_23","Net_H"
"555",554,0.1868,0.0196,0.03515,0.75845,"Netlogo_H_23","Net_H"
"556",555,0.1858,0.02065,0.0348,0.75875,"Netlogo_H_23","Net_H"
"557",556,0.18765,0.02005,0.03465,0.75765,"Netlogo_H_23","Net_H"
"558",557,0.1871,0.02025,0.03615,0.7565,"Netlogo_H_23","Net_H"
"559",558,0.1874,0.0213,0.0356,0.7557,"Netlogo_H_23","Net_H"
"560",559,0.1873,0.0206,0.0361,0.756,"Netlogo_H_23","Net_H"
"561",560,0.18735,0.0206,0.03695,0.7551,"Netlogo_H_23","Net_H"
"562",561,0.187,0.02,0.03755,0.75545,"Netlogo_H_23","Net_H"
"563",562,0.18755,0.01985,0.0372,0.7554,"Netlogo_H_23","Net_H"
"564",563,0.188,0.0202,0.0364,0.7554,"Netlogo_H_23","Net_H"
"565",564,0.18945,0.019,0.0363,0.75525,"Netlogo_H_23","Net_H"
"566",565,0.1896,0.0193,0.036,0.7551,"Netlogo_H_23","Net_H"
"567",566,0.1899,0.01845,0.0372,0.75445,"Netlogo_H_23","Net_H"
"568",567,0.18985,0.01955,0.03685,0.75375,"Netlogo_H_23","Net_H"
"569",568,0.18915,0.0205,0.03635,0.754,"Netlogo_H_23","Net_H"
"570",569,0.18885,0.0217,0.0363,0.75315,"Netlogo_H_23","Net_H"
"571",570,0.1874,0.0223,0.0361,0.7542,"Netlogo_H_23","Net_H"
"572",571,0.1872,0.0225,0.03595,0.75435,"Netlogo_H_23","Net_H"
"573",572,0.18775,0.0222,0.0363,0.75375,"Netlogo_H_23","Net_H"
"574",573,0.18625,0.0225,0.03695,0.7543,"Netlogo_H_23","Net_H"
"575",574,0.18705,0.0219,0.03705,0.754,"Netlogo_H_23","Net_H"
"576",575,0.1878,0.02085,0.0379,0.75345,"Netlogo_H_23","Net_H"
"577",576,0.18775,0.0207,0.0384,0.75315,"Netlogo_H_23","Net_H"
"578",577,0.1881,0.02145,0.038,0.75245,"Netlogo_H_23","Net_H"
"579",578,0.18825,0.0216,0.03815,0.752,"Netlogo_H_23","Net_H"
"580",579,0.1891,0.0204,0.03945,0.75105,"Netlogo_H_23","Net_H"
"581",580,0.189,0.0214,0.03885,0.75075,"Netlogo_H_23","Net_H"
"582",581,0.18835,0.02185,0.03705,0.75275,"Netlogo_H_23","Net_H"
"583",582,0.1879,0.021,0.03735,0.75375,"Netlogo_H_23","Net_H"
"584",583,0.1889,0.02055,0.03775,0.7528,"Netlogo_H_23","Net_H"
"585",584,0.18845,0.02175,0.0375,0.7523,"Netlogo_H_23","Net_H"
"586",585,0.18785,0.0222,0.038,0.75195,"Netlogo_H_23","Net_H"
"587",586,0.188,0.0225,0.0384,0.7511,"Netlogo_H_23","Net_H"
"588",587,0.1877,0.0218,0.0381,0.7524,"Netlogo_H_23","Net_H"
"589",588,0.1863,0.0223,0.03895,0.75245,"Netlogo_H_23","Net_H"
"590",589,0.186,0.0231,0.0388,0.7521,"Netlogo_H_23","Net_H"
"591",590,0.18545,0.0232,0.0394,0.75195,"Netlogo_H_23","Net_H"
"592",591,0.18505,0.0228,0.04045,0.7517,"Netlogo_H_23","Net_H"
"593",592,0.1851,0.02185,0.04165,0.7514,"Netlogo_H_23","Net_H"
"594",593,0.18445,0.0223,0.04225,0.751,"Netlogo_H_23","Net_H"
"595",594,0.1845,0.0215,0.04215,0.75185,"Netlogo_H_23","Net_H"
"596",595,0.18405,0.02105,0.04165,0.75325,"Netlogo_H_23","Net_H"
"597",596,0.183,0.0205,0.0425,0.754,"Netlogo_H_23","Net_H"
"598",597,0.1825,0.0215,0.04255,0.75345,"Netlogo_H_23","Net_H"
"599",598,0.18135,0.0228,0.041,0.75485,"Netlogo_H_23","Net_H"
"600",599,0.18115,0.02285,0.04045,0.75555,"Netlogo_H_23","Net_H"
"601",600,0.18095,0.0224,0.04045,0.7562,"Netlogo_H_23","Net_H"
"602",601,0.18025,0.0219,0.04135,0.7565,"Netlogo_H_23","Net_H"
"603",602,0.1788,0.02265,0.04065,0.7579,"Netlogo_H_23","Net_H"
"604",603,0.17845,0.02285,0.0403,0.7584,"Netlogo_H_23","Net_H"
"605",604,0.17765,0.0223,0.04215,0.7579,"Netlogo_H_23","Net_H"
"606",605,0.1779,0.022,0.04315,0.75695,"Netlogo_H_23","Net_H"
"607",606,0.17675,0.0231,0.0428,0.75735,"Netlogo_H_23","Net_H"
"608",607,0.17665,0.0237,0.0422,0.75745,"Netlogo_H_23","Net_H"
"609",608,0.17695,0.023,0.04345,0.7566,"Netlogo_H_23","Net_H"
"610",609,0.17665,0.0229,0.04325,0.7572,"Netlogo_H_23","Net_H"
"611",610,0.17575,0.0234,0.0434,0.75745,"Netlogo_H_23","Net_H"
"612",611,0.1761,0.023,0.04385,0.75705,"Netlogo_H_23","Net_H"
"613",612,0.17505,0.02425,0.0431,0.7576,"Netlogo_H_23","Net_H"
"614",613,0.1749,0.0231,0.04415,0.75785,"Netlogo_H_23","Net_H"
"615",614,0.1736,0.023,0.04455,0.75885,"Netlogo_H_23","Net_H"
"616",615,0.1732,0.0229,0.0452,0.7587,"Netlogo_H_23","Net_H"
"617",616,0.17375,0.0227,0.04485,0.7587,"Netlogo_H_23","Net_H"
"618",617,0.1738,0.021,0.04525,0.75995,"Netlogo_H_23","Net_H"
"619",618,0.1738,0.02255,0.04375,0.7599,"Netlogo_H_23","Net_H"
"620",619,0.1748,0.02215,0.04285,0.7602,"Netlogo_H_23","Net_H"
"621",620,0.1754,0.0222,0.0424,0.76,"Netlogo_H_23","Net_H"
"622",621,0.17655,0.0213,0.04175,0.7604,"Netlogo_H_23","Net_H"
"623",622,0.1781,0.0199,0.0432,0.7588,"Netlogo_H_23","Net_H"
"624",623,0.17815,0.0215,0.0425,0.75785,"Netlogo_H_23","Net_H"
"625",624,0.1779,0.02165,0.0416,0.75885,"Netlogo_H_23","Net_H"
"626",625,0.1779,0.02185,0.04115,0.7591,"Netlogo_H_23","Net_H"
"627",626,0.17775,0.02255,0.0405,0.7592,"Netlogo_H_23","Net_H"
"628",627,0.17835,0.02205,0.04095,0.75865,"Netlogo_H_23","Net_H"
"629",628,0.17795,0.02155,0.0417,0.7588,"Netlogo_H_23","Net_H"
"630",629,0.1773,0.02285,0.04035,0.7595,"Netlogo_H_23","Net_H"
