"","step","S","E","I","R","simu","Langage"
"1",0,0.999,0,0.001,0,"Netlogo_H_7","Net_H"
"2",1,0.9979,0.0011,0.001,0,"Netlogo_H_7","Net_H"
"3",2,0.9974,0.0016,0.00095,5e-05,"Netlogo_H_7","Net_H"
"4",3,0.9969,0.0017,0.00115,0.00025,"Netlogo_H_7","Net_H"
"5",4,0.99585,0.0024,0.00125,5e-04,"Netlogo_H_7","Net_H"
"6",5,0.9953,0.0024,0.0017,6e-04,"Netlogo_H_7","Net_H"
"7",6,0.99445,0.003,0.00185,7e-04,"Netlogo_H_7","Net_H"
"8",7,0.9933,0.00345,0.0024,0.00085,"Netlogo_H_7","Net_H"
"9",8,0.9917,0.0045,0.00285,0.00095,"Netlogo_H_7","Net_H"
"10",9,0.9899,0.0054,0.0033,0.0014,"Netlogo_H_7","Net_H"
"11",10,0.9874,0.007,0.0037,0.0019,"Netlogo_H_7","Net_H"
"12",11,0.98515,0.008,0.0045,0.00235,"Netlogo_H_7","Net_H"
"13",12,0.98275,0.00905,0.00575,0.00245,"Netlogo_H_7","Net_H"
"14",13,0.97835,0.0118,0.00675,0.0031,"Netlogo_H_7","Net_H"
"15",14,0.9741,0.01345,0.0087,0.00375,"Netlogo_H_7","Net_H"
"16",15,0.9678,0.0179,0.00975,0.00455,"Netlogo_H_7","Net_H"
"17",16,0.9619,0.0198,0.0124,0.0059,"Netlogo_H_7","Net_H"
"18",17,0.9543,0.02295,0.0159,0.00685,"Netlogo_H_7","Net_H"
"19",18,0.9432,0.03035,0.0178,0.00865,"Netlogo_H_7","Net_H"
"20",19,0.9311,0.0377,0.02025,0.01095,"Netlogo_H_7","Net_H"
"21",20,0.91875,0.04275,0.0249,0.0136,"Netlogo_H_7","Net_H"
"22",21,0.90125,0.0517,0.03105,0.016,"Netlogo_H_7","Net_H"
"23",22,0.88215,0.06065,0.03785,0.01935,"Netlogo_H_7","Net_H"
"24",23,0.8571,0.07425,0.0453,0.02335,"Netlogo_H_7","Net_H"
"25",24,0.83015,0.088,0.05365,0.0282,"Netlogo_H_7","Net_H"
"26",25,0.7989,0.10155,0.0656,0.03395,"Netlogo_H_7","Net_H"
"27",26,0.76315,0.1171,0.07985,0.0399,"Netlogo_H_7","Net_H"
"28",27,0.7226,0.1352,0.0935,0.0487,"Netlogo_H_7","Net_H"
"29",28,0.6763,0.1533,0.113,0.0574,"Netlogo_H_7","Net_H"
"30",29,0.62415,0.17435,0.13265,0.06885,"Netlogo_H_7","Net_H"
"31",30,0.568,0.1962,0.1525,0.0833,"Netlogo_H_7","Net_H"
"32",31,0.5122,0.2131,0.1765,0.0982,"Netlogo_H_7","Net_H"
"33",32,0.45195,0.2276,0.20335,0.1171,"Netlogo_H_7","Net_H"
"34",33,0.3903,0.2421,0.2303,0.1373,"Netlogo_H_7","Net_H"
"35",34,0.3329,0.24835,0.25745,0.1613,"Netlogo_H_7","Net_H"
"36",35,0.27735,0.2495,0.28385,0.1893,"Netlogo_H_7","Net_H"
"37",36,0.22615,0.2447,0.30945,0.2197,"Netlogo_H_7","Net_H"
"38",37,0.1851,0.2321,0.3302,0.2526,"Netlogo_H_7","Net_H"
"39",38,0.14775,0.21695,0.34755,0.28775,"Netlogo_H_7","Net_H"
"40",39,0.11555,0.196,0.3642,0.32425,"Netlogo_H_7","Net_H"
"41",40,0.0892,0.17945,0.3654,0.36595,"Netlogo_H_7","Net_H"
"42",41,0.07035,0.15745,0.36445,0.40775,"Netlogo_H_7","Net_H"
"43",42,0.0555,0.13385,0.3612,0.44945,"Netlogo_H_7","Net_H"
"44",43,0.04395,0.11345,0.35135,0.49125,"Netlogo_H_7","Net_H"
"45",44,0.035,0.0949,0.3369,0.5332,"Netlogo_H_7","Net_H"
"46",45,0.02955,0.0781,0.3184,0.57395,"Netlogo_H_7","Net_H"
"47",46,0.0244,0.06345,0.3004,0.61175,"Netlogo_H_7","Net_H"
"48",47,0.02175,0.05145,0.27885,0.64795,"Netlogo_H_7","Net_H"
"49",48,0.01965,0.04095,0.2576,0.6818,"Netlogo_H_7","Net_H"
"50",49,0.0187,0.03325,0.2333,0.71475,"Netlogo_H_7","Net_H"
"51",50,0.0181,0.02815,0.21215,0.7416,"Netlogo_H_7","Net_H"
"52",51,0.0173,0.0232,0.19215,0.76735,"Netlogo_H_7","Net_H"
"53",52,0.01815,0.0187,0.1755,0.78765,"Netlogo_H_7","Net_H"
"54",53,0.0185,0.01535,0.15795,0.8082,"Netlogo_H_7","Net_H"
"55",54,0.01865,0.0132,0.14135,0.8268,"Netlogo_H_7","Net_H"
"56",55,0.01885,0.0115,0.1251,0.84455,"Netlogo_H_7","Net_H"
"57",56,0.02005,0.00965,0.111,0.8593,"Netlogo_H_7","Net_H"
"58",57,0.0224,0.0084,0.0979,0.8713,"Netlogo_H_7","Net_H"
"59",58,0.02305,0.00785,0.08585,0.88325,"Netlogo_H_7","Net_H"
"60",59,0.02475,0.00775,0.07465,0.89285,"Netlogo_H_7","Net_H"
"61",60,0.0268,0.0073,0.0656,0.9003,"Netlogo_H_7","Net_H"
"62",61,0.02865,0.0067,0.06,0.90465,"Netlogo_H_7","Net_H"
"63",62,0.0311,0.0059,0.0539,0.9091,"Netlogo_H_7","Net_H"
"64",63,0.033,0.00525,0.0494,0.91235,"Netlogo_H_7","Net_H"
"65",64,0.0353,0.00485,0.0437,0.91615,"Netlogo_H_7","Net_H"
"66",65,0.0382,0.004,0.0392,0.9186,"Netlogo_H_7","Net_H"
"67",66,0.0411,0.00415,0.03425,0.9205,"Netlogo_H_7","Net_H"
"68",67,0.04305,0.00375,0.0307,0.9225,"Netlogo_H_7","Net_H"
"69",68,0.04535,0.00355,0.0269,0.9242,"Netlogo_H_7","Net_H"
"70",69,0.0473,0.00365,0.02425,0.9248,"Netlogo_H_7","Net_H"
"71",70,0.0498,0.0036,0.02135,0.92525,"Netlogo_H_7","Net_H"
"72",71,0.05255,0.00305,0.0186,0.9258,"Netlogo_H_7","Net_H"
"73",72,0.05485,0.00305,0.0165,0.9256,"Netlogo_H_7","Net_H"
"74",73,0.05725,0.00285,0.0151,0.9248,"Netlogo_H_7","Net_H"
"75",74,0.05955,0.00315,0.0136,0.9237,"Netlogo_H_7","Net_H"
"76",75,0.0635,0.0027,0.0128,0.921,"Netlogo_H_7","Net_H"
"77",76,0.0665,0.0026,0.0112,0.9197,"Netlogo_H_7","Net_H"
"78",77,0.06965,0.0023,0.0099,0.91815,"Netlogo_H_7","Net_H"
"79",78,0.07285,0.0022,0.0087,0.91625,"Netlogo_H_7","Net_H"
"80",79,0.07515,0.0021,0.00795,0.9148,"Netlogo_H_7","Net_H"
"81",80,0.07695,0.0019,0.0073,0.91385,"Netlogo_H_7","Net_H"
"82",81,0.07945,0.00175,0.007,0.9118,"Netlogo_H_7","Net_H"
"83",82,0.0825,0.0016,0.0067,0.9092,"Netlogo_H_7","Net_H"
"84",83,0.086,0.00185,0.006,0.90615,"Netlogo_H_7","Net_H"
"85",84,0.0897,0.00175,0.0055,0.90305,"Netlogo_H_7","Net_H"
"86",85,0.09265,0.00145,0.00535,0.90055,"Netlogo_H_7","Net_H"
"87",86,0.09515,0.00145,0.0049,0.8985,"Netlogo_H_7","Net_H"
"88",87,0.09815,0.00135,0.00465,0.89585,"Netlogo_H_7","Net_H"
"89",88,0.1012,0.00145,0.00415,0.8932,"Netlogo_H_7","Net_H"
"90",89,0.10375,0.00145,0.0041,0.8907,"Netlogo_H_7","Net_H"
"91",90,0.1067,0.0015,0.0037,0.8881,"Netlogo_H_7","Net_H"
"92",91,0.1099,0.0014,0.00325,0.88545,"Netlogo_H_7","Net_H"
"93",92,0.1126,0.00105,0.0034,0.88295,"Netlogo_H_7","Net_H"
"94",93,0.11555,9e-04,0.00345,0.8801,"Netlogo_H_7","Net_H"
"95",94,0.11785,0.00095,0.00305,0.87815,"Netlogo_H_7","Net_H"
"96",95,0.12005,0.0012,0.00275,0.876,"Netlogo_H_7","Net_H"
"97",96,0.1228,0.00125,0.0024,0.87355,"Netlogo_H_7","Net_H"
"98",97,0.1255,0.0012,0.00255,0.87075,"Netlogo_H_7","Net_H"
"99",98,0.12825,0.0013,0.0025,0.86795,"Netlogo_H_7","Net_H"
"100",99,0.13045,0.0014,0.0026,0.86555,"Netlogo_H_7","Net_H"
"101",100,0.1333,0.00135,0.00235,0.863,"Netlogo_H_7","Net_H"
"102",101,0.1358,0.00125,0.0022,0.86075,"Netlogo_H_7","Net_H"
"103",102,0.1386,0.00105,0.0021,0.85825,"Netlogo_H_7","Net_H"
"104",103,0.1418,0.00095,0.00195,0.8553,"Netlogo_H_7","Net_H"
"105",104,0.14435,0.00095,0.00195,0.85275,"Netlogo_H_7","Net_H"
"106",105,0.1469,0.00065,0.0019,0.85055,"Netlogo_H_7","Net_H"
"107",106,0.1497,8e-04,0.0017,0.8478,"Netlogo_H_7","Net_H"
"108",107,0.1526,8e-04,0.00165,0.84495,"Netlogo_H_7","Net_H"
"109",108,0.1544,8e-04,0.00165,0.84315,"Netlogo_H_7","Net_H"
"110",109,0.1567,0.00065,0.0016,0.84105,"Netlogo_H_7","Net_H"
"111",110,0.159,0.00065,0.0015,0.83885,"Netlogo_H_7","Net_H"
"112",111,0.1612,0.00045,0.00155,0.8368,"Netlogo_H_7","Net_H"
"113",112,0.1635,0.00045,0.00155,0.8345,"Netlogo_H_7","Net_H"
"114",113,0.16545,0.00075,0.0014,0.8324,"Netlogo_H_7","Net_H"
"115",114,0.1679,8e-04,0.0015,0.8298,"Netlogo_H_7","Net_H"
"116",115,0.16955,0.00085,0.00135,0.82825,"Netlogo_H_7","Net_H"
"117",116,0.1717,0.00075,0.00145,0.8261,"Netlogo_H_7","Net_H"
"118",117,0.17335,8e-04,0.0015,0.82435,"Netlogo_H_7","Net_H"
"119",118,0.1758,6e-04,0.00155,0.82205,"Netlogo_H_7","Net_H"
"120",119,0.1783,6e-04,0.00135,0.81975,"Netlogo_H_7","Net_H"
"121",120,0.1801,0.00045,0.0015,0.81795,"Netlogo_H_7","Net_H"
"122",121,0.18275,0.00045,0.0012,0.8156,"Netlogo_H_7","Net_H"
"123",122,0.18475,4e-04,0.00115,0.8137,"Netlogo_H_7","Net_H"
"124",123,0.1867,0.00065,0.0013,0.81135,"Netlogo_H_7","Net_H"
"125",124,0.1891,6e-04,0.00135,0.80895,"Netlogo_H_7","Net_H"
"126",125,0.19105,7e-04,0.00125,0.807,"Netlogo_H_7","Net_H"
"127",126,0.1934,8e-04,0.00105,0.80475,"Netlogo_H_7","Net_H"
"128",127,0.19525,0.00075,0.001,0.803,"Netlogo_H_7","Net_H"
"129",128,0.1971,0.00085,0.00115,0.8009,"Netlogo_H_7","Net_H"
"130",129,0.1995,0.00075,0.00115,0.7986,"Netlogo_H_7","Net_H"
"131",130,0.20135,0.00075,0.0011,0.7968,"Netlogo_H_7","Net_H"
"132",131,0.20345,0.00075,0.00105,0.79475,"Netlogo_H_7","Net_H"
"133",132,0.2058,6e-04,0.0011,0.7925,"Netlogo_H_7","Net_H"
"134",133,0.2072,0.00075,0.00105,0.791,"Netlogo_H_7","Net_H"
"135",134,0.2099,0.00065,0.0011,0.78835,"Netlogo_H_7","Net_H"
"136",135,0.2122,5e-04,0.00105,0.78625,"Netlogo_H_7","Net_H"
"137",136,0.2144,4e-04,0.00105,0.78415,"Netlogo_H_7","Net_H"
"138",137,0.2172,5e-04,0.0011,0.7812,"Netlogo_H_7","Net_H"
"139",138,0.21975,5e-04,0.00105,0.7787,"Netlogo_H_7","Net_H"
"140",139,0.22135,0.00035,0.0012,0.7771,"Netlogo_H_7","Net_H"
"141",140,0.2235,0.00035,0.0011,0.77505,"Netlogo_H_7","Net_H"
"142",141,0.2256,0.00075,0.00105,0.7726,"Netlogo_H_7","Net_H"
"143",142,0.22745,9e-04,0.00105,0.7706,"Netlogo_H_7","Net_H"
"144",143,0.2293,0.00085,0.00105,0.7688,"Netlogo_H_7","Net_H"
"145",144,0.23125,0.0011,0.001,0.76665,"Netlogo_H_7","Net_H"
"146",145,0.2334,9e-04,0.0011,0.7646,"Netlogo_H_7","Net_H"
"147",146,0.23525,0.0011,0.00115,0.7625,"Netlogo_H_7","Net_H"
"148",147,0.2377,0.00105,0.00115,0.7601,"Netlogo_H_7","Net_H"
"149",148,0.2394,0.00095,0.0013,0.75835,"Netlogo_H_7","Net_H"
"150",149,0.24115,0.00095,0.00145,0.75645,"Netlogo_H_7","Net_H"
"151",150,0.243,0.00095,0.0016,0.75445,"Netlogo_H_7","Net_H"
"152",151,0.2451,0.00085,0.0017,0.75235,"Netlogo_H_7","Net_H"
"153",152,0.24665,0.0012,0.00165,0.7505,"Netlogo_H_7","Net_H"
"154",153,0.24915,0.00145,0.0015,0.7479,"Netlogo_H_7","Net_H"
"155",154,0.2517,0.0014,0.0016,0.7453,"Netlogo_H_7","Net_H"
"156",155,0.2533,0.0014,0.00165,0.74365,"Netlogo_H_7","Net_H"
"157",156,0.2554,0.00145,0.0017,0.74145,"Netlogo_H_7","Net_H"
"158",157,0.25765,0.0014,0.00175,0.7392,"Netlogo_H_7","Net_H"
"159",158,0.2598,0.0015,0.00195,0.73675,"Netlogo_H_7","Net_H"
"160",159,0.26185,0.00155,0.0022,0.7344,"Netlogo_H_7","Net_H"
"161",160,0.26355,0.00135,0.0025,0.7326,"Netlogo_H_7","Net_H"
"162",161,0.2653,0.0014,0.0023,0.731,"Netlogo_H_7","Net_H"
"163",162,0.26745,0.0015,0.00195,0.7291,"Netlogo_H_7","Net_H"
"164",163,0.2689,0.00145,0.00205,0.7276,"Netlogo_H_7","Net_H"
"165",164,0.2708,0.00155,0.0021,0.72555,"Netlogo_H_7","Net_H"
"166",165,0.2731,0.00145,0.0021,0.72335,"Netlogo_H_7","Net_H"
"167",166,0.2752,0.00145,0.002,0.72135,"Netlogo_H_7","Net_H"
"168",167,0.2768,0.0015,0.002,0.7197,"Netlogo_H_7","Net_H"
"169",168,0.27875,0.00185,0.0022,0.7172,"Netlogo_H_7","Net_H"
"170",169,0.2803,0.0017,0.0021,0.7159,"Netlogo_H_7","Net_H"
"171",170,0.28185,0.0017,0.00245,0.714,"Netlogo_H_7","Net_H"
"172",171,0.28355,0.0018,0.0027,0.71195,"Netlogo_H_7","Net_H"
"173",172,0.2851,0.00185,0.00285,0.7102,"Netlogo_H_7","Net_H"
"174",173,0.28715,0.00185,0.0028,0.7082,"Netlogo_H_7","Net_H"
"175",174,0.28865,0.00215,0.0028,0.7064,"Netlogo_H_7","Net_H"
"176",175,0.2899,0.00235,0.0027,0.70505,"Netlogo_H_7","Net_H"
"177",176,0.2915,0.00255,0.00265,0.7033,"Netlogo_H_7","Net_H"
"178",177,0.29245,0.003,0.00245,0.7021,"Netlogo_H_7","Net_H"
"179",178,0.29355,0.00325,0.00285,0.70035,"Netlogo_H_7","Net_H"
"180",179,0.29515,0.00315,0.00315,0.69855,"Netlogo_H_7","Net_H"
"181",180,0.29695,0.00315,0.0034,0.6965,"Netlogo_H_7","Net_H"
"182",181,0.2989,0.00255,0.004,0.69455,"Netlogo_H_7","Net_H"
"183",182,0.2999,0.0029,0.004,0.6932,"Netlogo_H_7","Net_H"
"184",183,0.301,0.0031,0.00415,0.69175,"Netlogo_H_7","Net_H"
"185",184,0.3028,0.00305,0.00415,0.69,"Netlogo_H_7","Net_H"
"186",185,0.304,0.00345,0.0043,0.68825,"Netlogo_H_7","Net_H"
"187",186,0.3047,0.00405,0.00425,0.687,"Netlogo_H_7","Net_H"
"188",187,0.3058,0.00385,0.00465,0.6857,"Netlogo_H_7","Net_H"
"189",188,0.30625,0.00415,0.0048,0.6848,"Netlogo_H_7","Net_H"
"190",189,0.30725,0.00405,0.00525,0.68345,"Netlogo_H_7","Net_H"
"191",190,0.308,0.00375,0.00575,0.6825,"Netlogo_H_7","Net_H"
"192",191,0.3085,0.00455,0.0058,0.68115,"Netlogo_H_7","Net_H"
"193",192,0.3093,0.00495,0.0057,0.68005,"Netlogo_H_7","Net_H"
"194",193,0.3104,0.005,0.00585,0.67875,"Netlogo_H_7","Net_H"
"195",194,0.31125,0.0051,0.00615,0.6775,"Netlogo_H_7","Net_H"
"196",195,0.31095,0.00555,0.0064,0.6771,"Netlogo_H_7","Net_H"
"197",196,0.31135,0.006,0.00695,0.6757,"Netlogo_H_7","Net_H"
"198",197,0.31215,0.00635,0.00695,0.67455,"Netlogo_H_7","Net_H"
"199",198,0.31245,0.00695,0.00735,0.67325,"Netlogo_H_7","Net_H"
"200",199,0.3135,0.00745,0.00755,0.6715,"Netlogo_H_7","Net_H"
"201",200,0.31345,0.00785,0.0085,0.6702,"Netlogo_H_7","Net_H"
"202",201,0.3136,0.0083,0.0093,0.6688,"Netlogo_H_7","Net_H"
"203",202,0.31345,0.00875,0.0105,0.6673,"Netlogo_H_7","Net_H"
"204",203,0.3132,0.0092,0.0113,0.6663,"Netlogo_H_7","Net_H"
"205",204,0.3127,0.0097,0.0121,0.6655,"Netlogo_H_7","Net_H"
"206",205,0.31145,0.011,0.01255,0.665,"Netlogo_H_7","Net_H"
"207",206,0.3108,0.01125,0.01355,0.6644,"Netlogo_H_7","Net_H"
"208",207,0.30975,0.0114,0.01425,0.6646,"Netlogo_H_7","Net_H"
"209",208,0.3083,0.0125,0.01495,0.66425,"Netlogo_H_7","Net_H"
"210",209,0.30685,0.01245,0.01655,0.66415,"Netlogo_H_7","Net_H"
"211",210,0.30555,0.01465,0.01715,0.66265,"Netlogo_H_7","Net_H"
"212",211,0.30405,0.01485,0.01805,0.66305,"Netlogo_H_7","Net_H"
"213",212,0.3022,0.0154,0.0192,0.6632,"Netlogo_H_7","Net_H"
"214",213,0.30025,0.0167,0.01995,0.6631,"Netlogo_H_7","Net_H"
"215",214,0.29735,0.0184,0.0206,0.66365,"Netlogo_H_7","Net_H"
"216",215,0.29505,0.01925,0.021,0.6647,"Netlogo_H_7","Net_H"
"217",216,0.2929,0.0188,0.0232,0.6651,"Netlogo_H_7","Net_H"
"218",217,0.2905,0.0191,0.02525,0.66515,"Netlogo_H_7","Net_H"
"219",218,0.28795,0.01965,0.0273,0.6651,"Netlogo_H_7","Net_H"
"220",219,0.28495,0.0207,0.0278,0.66655,"Netlogo_H_7","Net_H"
"221",220,0.28165,0.0218,0.0297,0.66685,"Netlogo_H_7","Net_H"
"222",221,0.2783,0.02195,0.0317,0.66805,"Netlogo_H_7","Net_H"
"223",222,0.27395,0.0234,0.0331,0.66955,"Netlogo_H_7","Net_H"
"224",223,0.2691,0.0246,0.03455,0.67175,"Netlogo_H_7","Net_H"
"225",224,0.26375,0.02655,0.0361,0.6736,"Netlogo_H_7","Net_H"
"226",225,0.259,0.0275,0.03805,0.67545,"Netlogo_H_7","Net_H"
"227",226,0.25425,0.02875,0.03885,0.67815,"Netlogo_H_7","Net_H"
"228",227,0.25045,0.0297,0.04005,0.6798,"Netlogo_H_7","Net_H"
"229",228,0.2462,0.02925,0.0414,0.68315,"Netlogo_H_7","Net_H"
"230",229,0.2412,0.03035,0.04355,0.6849,"Netlogo_H_7","Net_H"
"231",230,0.23685,0.03025,0.04475,0.68815,"Netlogo_H_7","Net_H"
"232",231,0.2313,0.03125,0.04585,0.6916,"Netlogo_H_7","Net_H"
"233",232,0.2264,0.03195,0.04655,0.6951,"Netlogo_H_7","Net_H"
"234",233,0.2222,0.03185,0.0475,0.69845,"Netlogo_H_7","Net_H"
"235",234,0.21795,0.0316,0.04855,0.7019,"Netlogo_H_7","Net_H"
"236",235,0.2141,0.03155,0.0491,0.70525,"Netlogo_H_7","Net_H"
"237",236,0.20975,0.0322,0.0503,0.70775,"Netlogo_H_7","Net_H"
"238",237,0.20485,0.0325,0.052,0.71065,"Netlogo_H_7","Net_H"
"239",238,0.20025,0.0328,0.0525,0.71445,"Netlogo_H_7","Net_H"
"240",239,0.19545,0.0323,0.05395,0.7183,"Netlogo_H_7","Net_H"
"241",240,0.1903,0.03295,0.0541,0.72265,"Netlogo_H_7","Net_H"
"242",241,0.18585,0.03225,0.05595,0.72595,"Netlogo_H_7","Net_H"
"243",242,0.18115,0.03175,0.0569,0.7302,"Netlogo_H_7","Net_H"
"244",243,0.1764,0.032,0.05695,0.73465,"Netlogo_H_7","Net_H"
"245",244,0.1723,0.03195,0.0562,0.73955,"Netlogo_H_7","Net_H"
"246",245,0.1677,0.03265,0.057,0.74265,"Netlogo_H_7","Net_H"
"247",246,0.16385,0.03315,0.05685,0.74615,"Netlogo_H_7","Net_H"
"248",247,0.16185,0.03145,0.0569,0.7498,"Netlogo_H_7","Net_H"
"249",248,0.15745,0.03145,0.057,0.7541,"Netlogo_H_7","Net_H"
"250",249,0.1549,0.03055,0.05745,0.7571,"Netlogo_H_7","Net_H"
"251",250,0.15245,0.02945,0.05685,0.76125,"Netlogo_H_7","Net_H"
"252",251,0.15055,0.028,0.0562,0.76525,"Netlogo_H_7","Net_H"
"253",252,0.1473,0.0273,0.0559,0.7695,"Netlogo_H_7","Net_H"
"254",253,0.1442,0.0273,0.0547,0.7738,"Netlogo_H_7","Net_H"
"255",254,0.1421,0.0266,0.05425,0.77705,"Netlogo_H_7","Net_H"
"256",255,0.14015,0.0255,0.05445,0.7799,"Netlogo_H_7","Net_H"
"257",256,0.1392,0.024,0.05355,0.78325,"Netlogo_H_7","Net_H"
"258",257,0.13855,0.02335,0.05315,0.78495,"Netlogo_H_7","Net_H"
"259",258,0.138,0.0226,0.0517,0.7877,"Netlogo_H_7","Net_H"
"260",259,0.13745,0.02245,0.0508,0.7893,"Netlogo_H_7","Net_H"
"261",260,0.13605,0.0219,0.05,0.79205,"Netlogo_H_7","Net_H"
"262",261,0.13545,0.02175,0.04735,0.79545,"Netlogo_H_7","Net_H"
"263",262,0.1358,0.0203,0.0465,0.7974,"Netlogo_H_7","Net_H"
"264",263,0.1362,0.01845,0.0457,0.79965,"Netlogo_H_7","Net_H"
"265",264,0.1359,0.01825,0.04335,0.8025,"Netlogo_H_7","Net_H"
"266",265,0.1352,0.01835,0.0422,0.80425,"Netlogo_H_7","Net_H"
"267",266,0.1344,0.01865,0.0411,0.80585,"Netlogo_H_7","Net_H"
"268",267,0.13445,0.01915,0.0394,0.807,"Netlogo_H_7","Net_H"
"269",268,0.13535,0.01825,0.0386,0.8078,"Netlogo_H_7","Net_H"
"270",269,0.13515,0.0178,0.0391,0.80795,"Netlogo_H_7","Net_H"
"271",270,0.1363,0.017,0.0386,0.8081,"Netlogo_H_7","Net_H"
"272",271,0.1367,0.01685,0.03885,0.8076,"Netlogo_H_7","Net_H"
"273",272,0.13775,0.0163,0.03785,0.8081,"Netlogo_H_7","Net_H"
"274",273,0.1378,0.0159,0.0362,0.8101,"Netlogo_H_7","Net_H"
"275",274,0.13755,0.01675,0.03375,0.81195,"Netlogo_H_7","Net_H"
"276",275,0.1389,0.01595,0.0332,0.81195,"Netlogo_H_7","Net_H"
"277",276,0.14005,0.01555,0.03285,0.81155,"Netlogo_H_7","Net_H"
"278",277,0.1414,0.01465,0.0326,0.81135,"Netlogo_H_7","Net_H"
"279",278,0.14325,0.0134,0.0326,0.81075,"Netlogo_H_7","Net_H"
"280",279,0.1439,0.01375,0.0313,0.81105,"Netlogo_H_7","Net_H"
"281",280,0.14455,0.01335,0.02985,0.81225,"Netlogo_H_7","Net_H"
"282",281,0.146,0.0129,0.0291,0.812,"Netlogo_H_7","Net_H"
"283",282,0.1473,0.0133,0.0284,0.811,"Netlogo_H_7","Net_H"
"284",283,0.14795,0.01315,0.0276,0.8113,"Netlogo_H_7","Net_H"
"285",284,0.1488,0.0129,0.02685,0.81145,"Netlogo_H_7","Net_H"
"286",285,0.1503,0.01285,0.02565,0.8112,"Netlogo_H_7","Net_H"
"287",286,0.15135,0.0128,0.02575,0.8101,"Netlogo_H_7","Net_H"
"288",287,0.15355,0.01215,0.0253,0.809,"Netlogo_H_7","Net_H"
"289",288,0.1558,0.01205,0.02425,0.8079,"Netlogo_H_7","Net_H"
"290",289,0.15675,0.0122,0.0234,0.80765,"Netlogo_H_7","Net_H"
"291",290,0.15965,0.0118,0.0223,0.80625,"Netlogo_H_7","Net_H"
"292",291,0.16075,0.01145,0.0229,0.8049,"Netlogo_H_7","Net_H"
"293",292,0.1633,0.01095,0.02295,0.8028,"Netlogo_H_7","Net_H"
"294",293,0.16445,0.01105,0.02255,0.80195,"Netlogo_H_7","Net_H"
"295",294,0.166,0.01055,0.0224,0.80105,"Netlogo_H_7","Net_H"
"296",295,0.16725,0.0113,0.02175,0.7997,"Netlogo_H_7","Net_H"
"297",296,0.16885,0.0112,0.021,0.79895,"Netlogo_H_7","Net_H"
"298",297,0.1717,0.011,0.0203,0.797,"Netlogo_H_7","Net_H"
"299",298,0.1751,0.0108,0.0204,0.7937,"Netlogo_H_7","Net_H"
"300",299,0.17675,0.0112,0.02035,0.7917,"Netlogo_H_7","Net_H"
"301",300,0.1787,0.011,0.02045,0.78985,"Netlogo_H_7","Net_H"
"302",301,0.18065,0.01105,0.02005,0.78825,"Netlogo_H_7","Net_H"
"303",302,0.18325,0.01115,0.0203,0.7853,"Netlogo_H_7","Net_H"
"304",303,0.1847,0.01115,0.02095,0.7832,"Netlogo_H_7","Net_H"
"305",304,0.1865,0.0108,0.0205,0.7822,"Netlogo_H_7","Net_H"
"306",305,0.18875,0.01105,0.0201,0.7801,"Netlogo_H_7","Net_H"
"307",306,0.1906,0.0113,0.01925,0.77885,"Netlogo_H_7","Net_H"
"308",307,0.19205,0.0108,0.0199,0.77725,"Netlogo_H_7","Net_H"
"309",308,0.19415,0.01135,0.0199,0.7746,"Netlogo_H_7","Net_H"
"310",309,0.19605,0.01215,0.01955,0.77225,"Netlogo_H_7","Net_H"
"311",310,0.19725,0.0124,0.0192,0.77115,"Netlogo_H_7","Net_H"
"312",311,0.1989,0.01195,0.0203,0.76885,"Netlogo_H_7","Net_H"
"313",312,0.2011,0.01205,0.0208,0.76605,"Netlogo_H_7","Net_H"
"314",313,0.2033,0.01195,0.02135,0.7634,"Netlogo_H_7","Net_H"
"315",314,0.2046,0.0122,0.0217,0.7615,"Netlogo_H_7","Net_H"
"316",315,0.2051,0.01325,0.0218,0.75985,"Netlogo_H_7","Net_H"
"317",316,0.20615,0.0136,0.0229,0.75735,"Netlogo_H_7","Net_H"
"318",317,0.20685,0.0135,0.0232,0.75645,"Netlogo_H_7","Net_H"
"319",318,0.2086,0.0131,0.0231,0.7552,"Netlogo_H_7","Net_H"
"320",319,0.20945,0.0131,0.0237,0.75375,"Netlogo_H_7","Net_H"
"321",320,0.211,0.0132,0.02385,0.75195,"Netlogo_H_7","Net_H"
"322",321,0.21165,0.01435,0.02345,0.75055,"Netlogo_H_7","Net_H"
"323",322,0.21355,0.0148,0.02345,0.7482,"Netlogo_H_7","Net_H"
"324",323,0.21445,0.01445,0.0238,0.7473,"Netlogo_H_7","Net_H"
"325",324,0.2151,0.01465,0.02425,0.746,"Netlogo_H_7","Net_H"
"326",325,0.2156,0.015,0.02445,0.74495,"Netlogo_H_7","Net_H"
"327",326,0.216,0.0154,0.02445,0.74415,"Netlogo_H_7","Net_H"
"328",327,0.21585,0.01705,0.02455,0.74255,"Netlogo_H_7","Net_H"
"329",328,0.2159,0.0162,0.0254,0.7425,"Netlogo_H_7","Net_H"
"330",329,0.2148,0.0165,0.02635,0.74235,"Netlogo_H_7","Net_H"
"331",330,0.21465,0.0172,0.02635,0.7418,"Netlogo_H_7","Net_H"
"332",331,0.215,0.0168,0.02825,0.73995,"Netlogo_H_7","Net_H"
"333",332,0.21495,0.0171,0.02805,0.7399,"Netlogo_H_7","Net_H"
"334",333,0.2145,0.0184,0.02875,0.73835,"Netlogo_H_7","Net_H"
"335",334,0.21335,0.0198,0.02835,0.7385,"Netlogo_H_7","Net_H"
"336",335,0.21455,0.0203,0.02815,0.737,"Netlogo_H_7","Net_H"
"337",336,0.21475,0.01955,0.0302,0.7355,"Netlogo_H_7","Net_H"
"338",337,0.21355,0.0208,0.031,0.73465,"Netlogo_H_7","Net_H"
"339",338,0.21315,0.02075,0.0313,0.7348,"Netlogo_H_7","Net_H"
"340",339,0.2123,0.02165,0.03155,0.7345,"Netlogo_H_7","Net_H"
"341",340,0.2129,0.0213,0.0323,0.7335,"Netlogo_H_7","Net_H"
"342",341,0.2118,0.0215,0.0327,0.734,"Netlogo_H_7","Net_H"
"343",342,0.21055,0.0226,0.03335,0.7335,"Netlogo_H_7","Net_H"
"344",343,0.20995,0.02175,0.0351,0.7332,"Netlogo_H_7","Net_H"
"345",344,0.2087,0.0217,0.036,0.7336,"Netlogo_H_7","Net_H"
"346",345,0.2078,0.0227,0.03485,0.73465,"Netlogo_H_7","Net_H"
"347",346,0.2068,0.02315,0.03505,0.735,"Netlogo_H_7","Net_H"
"348",347,0.20665,0.0223,0.03565,0.7354,"Netlogo_H_7","Net_H"
"349",348,0.20545,0.022,0.0366,0.73595,"Netlogo_H_7","Net_H"
"350",349,0.204,0.02285,0.0368,0.73635,"Netlogo_H_7","Net_H"
"351",350,0.20375,0.02255,0.038,0.7357,"Netlogo_H_7","Net_H"
"352",351,0.20295,0.02265,0.0387,0.7357,"Netlogo_H_7","Net_H"
"353",352,0.2017,0.0231,0.0386,0.7366,"Netlogo_H_7","Net_H"
"354",353,0.2007,0.02345,0.03915,0.7367,"Netlogo_H_7","Net_H"
"355",354,0.20025,0.0233,0.0394,0.73705,"Netlogo_H_7","Net_H"
"356",355,0.1984,0.0233,0.04035,0.73795,"Netlogo_H_7","Net_H"
"357",356,0.1976,0.0239,0.0409,0.7376,"Netlogo_H_7","Net_H"
"358",357,0.19555,0.0249,0.04085,0.7387,"Netlogo_H_7","Net_H"
"359",358,0.19485,0.0243,0.0424,0.73845,"Netlogo_H_7","Net_H"
"360",359,0.1943,0.0245,0.04265,0.73855,"Netlogo_H_7","Net_H"
"361",360,0.1937,0.02465,0.0432,0.73845,"Netlogo_H_7","Net_H"
"362",361,0.1922,0.02545,0.04345,0.7389,"Netlogo_H_7","Net_H"
"363",362,0.19105,0.02585,0.04295,0.74015,"Netlogo_H_7","Net_H"
"364",363,0.1908,0.0243,0.0435,0.7414,"Netlogo_H_7","Net_H"
"365",364,0.1903,0.0238,0.04455,0.74135,"Netlogo_H_7","Net_H"
"366",365,0.19065,0.0224,0.04425,0.7427,"Netlogo_H_7","Net_H"
"367",366,0.1888,0.02355,0.04435,0.7433,"Netlogo_H_7","Net_H"
"368",367,0.18835,0.02375,0.04375,0.74415,"Netlogo_H_7","Net_H"
"369",368,0.1878,0.0251,0.04275,0.74435,"Netlogo_H_7","Net_H"
"370",369,0.18705,0.0247,0.04365,0.7446,"Netlogo_H_7","Net_H"
"371",370,0.18535,0.02545,0.04405,0.74515,"Netlogo_H_7","Net_H"
"372",371,0.18565,0.0248,0.04415,0.7454,"Netlogo_H_7","Net_H"
"373",372,0.18505,0.0244,0.04455,0.746,"Netlogo_H_7","Net_H"
"374",373,0.18405,0.02455,0.04465,0.74675,"Netlogo_H_7","Net_H"
"375",374,0.1827,0.02435,0.04415,0.7488,"Netlogo_H_7","Net_H"
"376",375,0.18245,0.02415,0.0449,0.7485,"Netlogo_H_7","Net_H"
"377",376,0.18175,0.0232,0.04585,0.7492,"Netlogo_H_7","Net_H"
"378",377,0.1789,0.0251,0.04535,0.75065,"Netlogo_H_7","Net_H"
"379",378,0.1779,0.0253,0.0456,0.7512,"Netlogo_H_7","Net_H"
"380",379,0.17625,0.0264,0.04435,0.753,"Netlogo_H_7","Net_H"
"381",380,0.17665,0.0263,0.04465,0.7524,"Netlogo_H_7","Net_H"
"382",381,0.1752,0.02505,0.0464,0.75335,"Netlogo_H_7","Net_H"
"383",382,0.1738,0.02635,0.0447,0.75515,"Netlogo_H_7","Net_H"
"384",383,0.1731,0.02525,0.0451,0.75655,"Netlogo_H_7","Net_H"
"385",384,0.17245,0.0247,0.0461,0.75675,"Netlogo_H_7","Net_H"
"386",385,0.17095,0.0251,0.04475,0.7592,"Netlogo_H_7","Net_H"
"387",386,0.17175,0.02475,0.04475,0.75875,"Netlogo_H_7","Net_H"
"388",387,0.17305,0.02315,0.0458,0.758,"Netlogo_H_7","Net_H"
"389",388,0.172,0.0237,0.04435,0.75995,"Netlogo_H_7","Net_H"
"390",389,0.1698,0.02525,0.0446,0.76035,"Netlogo_H_7","Net_H"
"391",390,0.16995,0.02515,0.04345,0.76145,"Netlogo_H_7","Net_H"
"392",391,0.1688,0.0255,0.04225,0.76345,"Netlogo_H_7","Net_H"
"393",392,0.16975,0.02475,0.04225,0.76325,"Netlogo_H_7","Net_H"
"394",393,0.16995,0.02385,0.04275,0.76345,"Netlogo_H_7","Net_H"
"395",394,0.1699,0.0237,0.0425,0.7639,"Netlogo_H_7","Net_H"
"396",395,0.1713,0.02215,0.043,0.76355,"Netlogo_H_7","Net_H"
"397",396,0.1703,0.0226,0.0417,0.7654,"Netlogo_H_7","Net_H"
"398",397,0.16955,0.0233,0.0414,0.76575,"Netlogo_H_7","Net_H"
"399",398,0.16895,0.02325,0.0418,0.766,"Netlogo_H_7","Net_H"
"400",399,0.1689,0.023,0.04135,0.76675,"Netlogo_H_7","Net_H"
"401",400,0.16855,0.02185,0.04115,0.76845,"Netlogo_H_7","Net_H"
"402",401,0.1684,0.02295,0.041,0.76765,"Netlogo_H_7","Net_H"
"403",402,0.16725,0.02265,0.0411,0.769,"Netlogo_H_7","Net_H"
"404",403,0.1682,0.02115,0.0418,0.76885,"Netlogo_H_7","Net_H"
"405",404,0.16825,0.01995,0.04195,0.76985,"Netlogo_H_7","Net_H"
"406",405,0.1683,0.02025,0.04235,0.7691,"Netlogo_H_7","Net_H"
"407",406,0.1676,0.02185,0.0402,0.77035,"Netlogo_H_7","Net_H"
"408",407,0.16865,0.02195,0.04065,0.76875,"Netlogo_H_7","Net_H"
"409",408,0.1688,0.02215,0.0406,0.76845,"Netlogo_H_7","Net_H"
"410",409,0.1687,0.02205,0.0405,0.76875,"Netlogo_H_7","Net_H"
"411",410,0.16885,0.02185,0.04025,0.76905,"Netlogo_H_7","Net_H"
"412",411,0.1687,0.02135,0.0407,0.76925,"Netlogo_H_7","Net_H"
"413",412,0.169,0.02185,0.03945,0.7697,"Netlogo_H_7","Net_H"
"414",413,0.17015,0.02125,0.0395,0.7691,"Netlogo_H_7","Net_H"
"415",414,0.1704,0.0207,0.03955,0.76935,"Netlogo_H_7","Net_H"
"416",415,0.1701,0.021,0.0395,0.7694,"Netlogo_H_7","Net_H"
"417",416,0.1704,0.0216,0.03845,0.76955,"Netlogo_H_7","Net_H"
"418",417,0.1705,0.0214,0.0381,0.77,"Netlogo_H_7","Net_H"
"419",418,0.17125,0.02055,0.0383,0.7699,"Netlogo_H_7","Net_H"
"420",419,0.1723,0.0204,0.0377,0.7696,"Netlogo_H_7","Net_H"
"421",420,0.17215,0.0199,0.0382,0.76975,"Netlogo_H_7","Net_H"
"422",421,0.17285,0.0193,0.03785,0.77,"Netlogo_H_7","Net_H"
"423",422,0.17345,0.0188,0.0379,0.76985,"Netlogo_H_7","Net_H"
"424",423,0.1741,0.0189,0.0369,0.7701,"Netlogo_H_7","Net_H"
"425",424,0.1737,0.0199,0.03585,0.77055,"Netlogo_H_7","Net_H"
"426",425,0.1738,0.02035,0.03545,0.7704,"Netlogo_H_7","Net_H"
"427",426,0.17495,0.02035,0.03605,0.76865,"Netlogo_H_7","Net_H"
"428",427,0.1756,0.02095,0.0357,0.76775,"Netlogo_H_7","Net_H"
"429",428,0.1765,0.0208,0.0356,0.7671,"Netlogo_H_7","Net_H"
"430",429,0.17575,0.0211,0.03615,0.767,"Netlogo_H_7","Net_H"
"431",430,0.1769,0.0208,0.03615,0.76615,"Netlogo_H_7","Net_H"
"432",431,0.17715,0.0208,0.0368,0.76525,"Netlogo_H_7","Net_H"
"433",432,0.17715,0.02055,0.0375,0.7648,"Netlogo_H_7","Net_H"
"434",433,0.1777,0.0205,0.039,0.7628,"Netlogo_H_7","Net_H"
"435",434,0.17785,0.02035,0.0394,0.7624,"Netlogo_H_7","Net_H"
"436",435,0.1775,0.0221,0.0379,0.7625,"Netlogo_H_7","Net_H"
"437",436,0.17695,0.02305,0.0374,0.7626,"Netlogo_H_7","Net_H"
"438",437,0.17665,0.0235,0.03795,0.7619,"Netlogo_H_7","Net_H"
"439",438,0.1772,0.0226,0.0382,0.762,"Netlogo_H_7","Net_H"
"440",439,0.1762,0.02245,0.03845,0.7629,"Netlogo_H_7","Net_H"
"441",440,0.17665,0.02155,0.0392,0.7626,"Netlogo_H_7","Net_H"
"442",441,0.17655,0.02165,0.03905,0.76275,"Netlogo_H_7","Net_H"
"443",442,0.1762,0.02135,0.0394,0.76305,"Netlogo_H_7","Net_H"
"444",443,0.1766,0.02075,0.03965,0.763,"Netlogo_H_7","Net_H"
"445",444,0.17765,0.02025,0.0388,0.7633,"Netlogo_H_7","Net_H"
"446",445,0.1784,0.0206,0.03895,0.76205,"Netlogo_H_7","Net_H"
"447",446,0.1788,0.0208,0.03885,0.76155,"Netlogo_H_7","Net_H"
"448",447,0.1796,0.0211,0.03865,0.76065,"Netlogo_H_7","Net_H"
"449",448,0.1792,0.02075,0.0383,0.76175,"Netlogo_H_7","Net_H"
"450",449,0.17795,0.02095,0.038,0.7631,"Netlogo_H_7","Net_H"
"451",450,0.17875,0.0215,0.03745,0.7623,"Netlogo_H_7","Net_H"
"452",451,0.17995,0.02065,0.03705,0.76235,"Netlogo_H_7","Net_H"
"453",452,0.1791,0.02145,0.03785,0.7616,"Netlogo_H_7","Net_H"
"454",453,0.17965,0.0213,0.0383,0.76075,"Netlogo_H_7","Net_H"
"455",454,0.18035,0.021,0.03805,0.7606,"Netlogo_H_7","Net_H"
"456",455,0.17975,0.0209,0.03805,0.7613,"Netlogo_H_7","Net_H"
"457",456,0.17905,0.0219,0.0372,0.76185,"Netlogo_H_7","Net_H"
"458",457,0.18135,0.0218,0.03605,0.7608,"Netlogo_H_7","Net_H"
"459",458,0.18085,0.02125,0.0365,0.7614,"Netlogo_H_7","Net_H"
"460",459,0.1804,0.0211,0.0371,0.7614,"Netlogo_H_7","Net_H"
"461",460,0.18155,0.01975,0.03775,0.76095,"Netlogo_H_7","Net_H"
"462",461,0.1804,0.01945,0.0376,0.76255,"Netlogo_H_7","Net_H"
"463",462,0.18025,0.0197,0.0381,0.76195,"Netlogo_H_7","Net_H"
"464",463,0.18065,0.0206,0.0377,0.76105,"Netlogo_H_7","Net_H"
"465",464,0.1821,0.02085,0.03715,0.7599,"Netlogo_H_7","Net_H"
"466",465,0.1827,0.0215,0.0373,0.7585,"Netlogo_H_7","Net_H"
"467",466,0.1831,0.022,0.03725,0.75765,"Netlogo_H_7","Net_H"
"468",467,0.1815,0.02265,0.0368,0.75905,"Netlogo_H_7","Net_H"
"469",468,0.1822,0.0209,0.0377,0.7592,"Netlogo_H_7","Net_H"
"470",469,0.1815,0.02005,0.03825,0.7602,"Netlogo_H_7","Net_H"
"471",470,0.1804,0.0208,0.03805,0.76075,"Netlogo_H_7","Net_H"
"472",471,0.1794,0.0208,0.03845,0.76135,"Netlogo_H_7","Net_H"
"473",472,0.18005,0.021,0.03785,0.7611,"Netlogo_H_7","Net_H"
"474",473,0.1809,0.0193,0.039,0.7608,"Netlogo_H_7","Net_H"
"475",474,0.18045,0.0202,0.0385,0.76085,"Netlogo_H_7","Net_H"
"476",475,0.1797,0.0209,0.0379,0.7615,"Netlogo_H_7","Net_H"
"477",476,0.18055,0.0205,0.0376,0.76135,"Netlogo_H_7","Net_H"
"478",477,0.18105,0.0201,0.0379,0.76095,"Netlogo_H_7","Net_H"
"479",478,0.18115,0.02025,0.0367,0.7619,"Netlogo_H_7","Net_H"
"480",479,0.18155,0.02005,0.0355,0.7629,"Netlogo_H_7","Net_H"
"481",480,0.18145,0.0196,0.03575,0.7632,"Netlogo_H_7","Net_H"
"482",481,0.182,0.0198,0.0357,0.7625,"Netlogo_H_7","Net_H"
"483",482,0.18285,0.02075,0.03415,0.76225,"Netlogo_H_7","Net_H"
"484",483,0.18215,0.02115,0.03475,0.76195,"Netlogo_H_7","Net_H"
"485",484,0.18175,0.0217,0.03525,0.7613,"Netlogo_H_7","Net_H"
"486",485,0.1834,0.02095,0.03535,0.7603,"Netlogo_H_7","Net_H"
"487",486,0.18455,0.0194,0.03665,0.7594,"Netlogo_H_7","Net_H"
"488",487,0.1841,0.01855,0.038,0.75935,"Netlogo_H_7","Net_H"
"489",488,0.18535,0.01845,0.03715,0.75905,"Netlogo_H_7","Net_H"
"490",489,0.18435,0.01895,0.03715,0.75955,"Netlogo_H_7","Net_H"
"491",490,0.18315,0.0203,0.0359,0.76065,"Netlogo_H_7","Net_H"
"492",491,0.1823,0.02055,0.03575,0.7614,"Netlogo_H_7","Net_H"
"493",492,0.1822,0.0206,0.03595,0.76125,"Netlogo_H_7","Net_H"
"494",493,0.18275,0.0206,0.03575,0.7609,"Netlogo_H_7","Net_H"
"495",494,0.1832,0.0209,0.0361,0.7598,"Netlogo_H_7","Net_H"
"496",495,0.18395,0.02115,0.03575,0.75915,"Netlogo_H_7","Net_H"
"497",496,0.1838,0.02095,0.0369,0.75835,"Netlogo_H_7","Net_H"
"498",497,0.18435,0.02115,0.03665,0.75785,"Netlogo_H_7","Net_H"
"499",498,0.1854,0.02095,0.03625,0.7574,"Netlogo_H_7","Net_H"
"500",499,0.18565,0.02135,0.03745,0.75555,"Netlogo_H_7","Net_H"
"501",500,0.1851,0.0215,0.0379,0.7555,"Netlogo_H_7","Net_H"
"502",501,0.1834,0.0217,0.0376,0.7573,"Netlogo_H_7","Net_H"
"503",502,0.18425,0.02135,0.0368,0.7576,"Netlogo_H_7","Net_H"
"504",503,0.1839,0.02065,0.0373,0.75815,"Netlogo_H_7","Net_H"
"505",504,0.18315,0.0198,0.03835,0.7587,"Netlogo_H_7","Net_H"
"506",505,0.18395,0.01975,0.0386,0.7577,"Netlogo_H_7","Net_H"
"507",506,0.18315,0.0207,0.03755,0.7586,"Netlogo_H_7","Net_H"
"508",507,0.18325,0.0214,0.03625,0.7591,"Netlogo_H_7","Net_H"
"509",508,0.1829,0.021,0.0366,0.7595,"Netlogo_H_7","Net_H"
"510",509,0.1835,0.02125,0.03665,0.7586,"Netlogo_H_7","Net_H"
"511",510,0.18325,0.02125,0.0369,0.7586,"Netlogo_H_7","Net_H"
"512",511,0.1814,0.02225,0.03655,0.7598,"Netlogo_H_7","Net_H"
"513",512,0.18195,0.02205,0.0362,0.7598,"Netlogo_H_7","Net_H"
"514",513,0.1829,0.02075,0.0371,0.75925,"Netlogo_H_7","Net_H"
"515",514,0.18335,0.02045,0.0368,0.7594,"Netlogo_H_7","Net_H"
"516",515,0.18275,0.0201,0.03695,0.7602,"Netlogo_H_7","Net_H"
"517",516,0.1827,0.02135,0.0363,0.75965,"Netlogo_H_7","Net_H"
"518",517,0.1829,0.0219,0.03575,0.75945,"Netlogo_H_7","Net_H"
"519",518,0.1832,0.02055,0.03765,0.7586,"Netlogo_H_7","Net_H"
"520",519,0.1823,0.02045,0.0381,0.75915,"Netlogo_H_7","Net_H"
"521",520,0.18195,0.02005,0.03765,0.76035,"Netlogo_H_7","Net_H"
"522",521,0.18225,0.02005,0.03705,0.76065,"Netlogo_H_7","Net_H"
"523",522,0.1807,0.02075,0.03785,0.7607,"Netlogo_H_7","Net_H"
"524",523,0.1817,0.02015,0.038,0.76015,"Netlogo_H_7","Net_H"
"525",524,0.182,0.02005,0.03815,0.7598,"Netlogo_H_7","Net_H"
"526",525,0.18135,0.02125,0.03745,0.75995,"Netlogo_H_7","Net_H"
"527",526,0.1806,0.022,0.03625,0.76115,"Netlogo_H_7","Net_H"
"528",527,0.18015,0.0215,0.0374,0.76095,"Netlogo_H_7","Net_H"
"529",528,0.181,0.0219,0.0361,0.761,"Netlogo_H_7","Net_H"
"530",529,0.18105,0.0213,0.03735,0.7603,"Netlogo_H_7","Net_H"
"531",530,0.1811,0.0213,0.0372,0.7604,"Netlogo_H_7","Net_H"
"532",531,0.1809,0.02105,0.0376,0.76045,"Netlogo_H_7","Net_H"
"533",532,0.18065,0.02085,0.0379,0.7606,"Netlogo_H_7","Net_H"
"534",533,0.18035,0.02085,0.0382,0.7606,"Netlogo_H_7","Net_H"
"535",534,0.1793,0.02085,0.0379,0.76195,"Netlogo_H_7","Net_H"
"536",535,0.17945,0.02055,0.03825,0.76175,"Netlogo_H_7","Net_H"
"537",536,0.17935,0.02045,0.03765,0.76255,"Netlogo_H_7","Net_H"
"538",537,0.17765,0.02095,0.03795,0.76345,"Netlogo_H_7","Net_H"
"539",538,0.17745,0.02145,0.03735,0.76375,"Netlogo_H_7","Net_H"
"540",539,0.1779,0.0202,0.0385,0.7634,"Netlogo_H_7","Net_H"
"541",540,0.17755,0.02015,0.03755,0.76475,"Netlogo_H_7","Net_H"
"542",541,0.1775,0.0199,0.0371,0.7655,"Netlogo_H_7","Net_H"
"543",542,0.17805,0.0197,0.0366,0.76565,"Netlogo_H_7","Net_H"
"544",543,0.17765,0.01965,0.03665,0.76605,"Netlogo_H_7","Net_H"
"545",544,0.17755,0.01995,0.037,0.7655,"Netlogo_H_7","Net_H"
"546",545,0.17735,0.02,0.0364,0.76625,"Netlogo_H_7","Net_H"
"547",546,0.17645,0.02065,0.0371,0.7658,"Netlogo_H_7","Net_H"
"548",547,0.1773,0.0212,0.0361,0.7654,"Netlogo_H_7","Net_H"
"549",548,0.17865,0.02055,0.03555,0.76525,"Netlogo_H_7","Net_H"
"550",549,0.18055,0.01895,0.03665,0.76385,"Netlogo_H_7","Net_H"
"551",550,0.18065,0.01925,0.03625,0.76385,"Netlogo_H_7","Net_H"
"552",551,0.1793,0.0203,0.0358,0.7646,"Netlogo_H_7","Net_H"
"553",552,0.1792,0.02005,0.03665,0.7641,"Netlogo_H_7","Net_H"
"554",553,0.1789,0.02125,0.0365,0.76335,"Netlogo_H_7","Net_H"
"555",554,0.18065,0.02015,0.03745,0.76175,"Netlogo_H_7","Net_H"
"556",555,0.181,0.0201,0.0372,0.7617,"Netlogo_H_7","Net_H"
"557",556,0.18145,0.0207,0.03715,0.7607,"Netlogo_H_7","Net_H"
"558",557,0.1813,0.02135,0.0358,0.76155,"Netlogo_H_7","Net_H"
"559",558,0.18135,0.0212,0.0368,0.76065,"Netlogo_H_7","Net_H"
"560",559,0.18105,0.02095,0.03745,0.76055,"Netlogo_H_7","Net_H"
"561",560,0.1815,0.0215,0.03825,0.75875,"Netlogo_H_7","Net_H"
"562",561,0.1808,0.02035,0.0399,0.75895,"Netlogo_H_7","Net_H"
"563",562,0.1809,0.02065,0.03955,0.7589,"Netlogo_H_7","Net_H"
"564",563,0.18065,0.02135,0.039,0.759,"Netlogo_H_7","Net_H"
"565",564,0.1789,0.02165,0.03935,0.7601,"Netlogo_H_7","Net_H"
"566",565,0.1789,0.0214,0.03975,0.75995,"Netlogo_H_7","Net_H"
"567",566,0.1783,0.02175,0.0398,0.76015,"Netlogo_H_7","Net_H"
"568",567,0.1782,0.0222,0.04,0.7596,"Netlogo_H_7","Net_H"
"569",568,0.178,0.02225,0.04055,0.7592,"Netlogo_H_7","Net_H"
"570",569,0.1769,0.0236,0.04025,0.75925,"Netlogo_H_7","Net_H"
"571",570,0.1766,0.02375,0.03935,0.7603,"Netlogo_H_7","Net_H"
"572",571,0.1774,0.0221,0.0412,0.7593,"Netlogo_H_7","Net_H"
"573",572,0.17625,0.02225,0.0417,0.7598,"Netlogo_H_7","Net_H"
"574",573,0.17605,0.02165,0.04145,0.76085,"Netlogo_H_7","Net_H"
"575",574,0.175,0.02225,0.0421,0.76065,"Netlogo_H_7","Net_H"
"576",575,0.174,0.02255,0.04185,0.7616,"Netlogo_H_7","Net_H"
"577",576,0.17415,0.02115,0.04265,0.76205,"Netlogo_H_7","Net_H"
"578",577,0.1741,0.0204,0.04235,0.76315,"Netlogo_H_7","Net_H"
"579",578,0.1741,0.0207,0.0417,0.7635,"Netlogo_H_7","Net_H"
"580",579,0.1736,0.0214,0.04185,0.76315,"Netlogo_H_7","Net_H"
"581",580,0.17285,0.02255,0.0418,0.7628,"Netlogo_H_7","Net_H"
"582",581,0.1742,0.0221,0.04155,0.76215,"Netlogo_H_7","Net_H"
"583",582,0.1739,0.0211,0.04075,0.76425,"Netlogo_H_7","Net_H"
"584",583,0.1737,0.0209,0.0414,0.764,"Netlogo_H_7","Net_H"
"585",584,0.1741,0.02,0.0416,0.7643,"Netlogo_H_7","Net_H"
"586",585,0.1741,0.021,0.0395,0.7654,"Netlogo_H_7","Net_H"
"587",586,0.1748,0.02065,0.03905,0.7655,"Netlogo_H_7","Net_H"
"588",587,0.17565,0.0219,0.0385,0.76395,"Netlogo_H_7","Net_H"
"589",588,0.17505,0.0203,0.03955,0.7651,"Netlogo_H_7","Net_H"
"590",589,0.17475,0.0202,0.03955,0.7655,"Netlogo_H_7","Net_H"
"591",590,0.17415,0.02105,0.03915,0.76565,"Netlogo_H_7","Net_H"
"592",591,0.1745,0.0212,0.0394,0.7649,"Netlogo_H_7","Net_H"
"593",592,0.17455,0.0208,0.0403,0.76435,"Netlogo_H_7","Net_H"
"594",593,0.17305,0.0218,0.0398,0.76535,"Netlogo_H_7","Net_H"
"595",594,0.1733,0.0226,0.03885,0.76525,"Netlogo_H_7","Net_H"
"596",595,0.17325,0.0217,0.0389,0.76615,"Netlogo_H_7","Net_H"
"597",596,0.1748,0.02115,0.03885,0.7652,"Netlogo_H_7","Net_H"
"598",597,0.17545,0.0203,0.0398,0.76445,"Netlogo_H_7","Net_H"
"599",598,0.1753,0.0207,0.0397,0.7643,"Netlogo_H_7","Net_H"
"600",599,0.17515,0.0216,0.03855,0.7647,"Netlogo_H_7","Net_H"
"601",600,0.1748,0.02115,0.03865,0.7654,"Netlogo_H_7","Net_H"
"602",601,0.17605,0.0208,0.0386,0.76455,"Netlogo_H_7","Net_H"
"603",602,0.17545,0.0216,0.03855,0.7644,"Netlogo_H_7","Net_H"
"604",603,0.1764,0.0214,0.0383,0.7639,"Netlogo_H_7","Net_H"
"605",604,0.17675,0.0208,0.0393,0.76315,"Netlogo_H_7","Net_H"
"606",605,0.1775,0.02085,0.0386,0.76305,"Netlogo_H_7","Net_H"
"607",606,0.17845,0.01995,0.0389,0.7627,"Netlogo_H_7","Net_H"
"608",607,0.1786,0.02005,0.0382,0.76315,"Netlogo_H_7","Net_H"
"609",608,0.1779,0.0205,0.0377,0.7639,"Netlogo_H_7","Net_H"
"610",609,0.17905,0.0214,0.0368,0.76275,"Netlogo_H_7","Net_H"
"611",610,0.17925,0.02155,0.03665,0.76255,"Netlogo_H_7","Net_H"
"612",611,0.1797,0.02165,0.03665,0.762,"Netlogo_H_7","Net_H"
"613",612,0.17945,0.0216,0.03745,0.7615,"Netlogo_H_7","Net_H"
"614",613,0.18035,0.02135,0.0374,0.7609,"Netlogo_H_7","Net_H"
"615",614,0.18205,0.02015,0.03675,0.76105,"Netlogo_H_7","Net_H"
"616",615,0.1814,0.0204,0.03625,0.76195,"Netlogo_H_7","Net_H"
"617",616,0.18165,0.0196,0.0366,0.76215,"Netlogo_H_7","Net_H"
"618",617,0.1822,0.0191,0.03675,0.76195,"Netlogo_H_7","Net_H"
"619",618,0.18255,0.01975,0.03625,0.76145,"Netlogo_H_7","Net_H"
"620",619,0.18235,0.0201,0.03595,0.7616,"Netlogo_H_7","Net_H"
"621",620,0.18335,0.02055,0.0358,0.7603,"Netlogo_H_7","Net_H"
"622",621,0.18375,0.02085,0.0344,0.761,"Netlogo_H_7","Net_H"
"623",622,0.1829,0.02115,0.0338,0.76215,"Netlogo_H_7","Net_H"
"624",623,0.1842,0.02045,0.034,0.76135,"Netlogo_H_7","Net_H"
"625",624,0.1847,0.02095,0.0333,0.76105,"Netlogo_H_7","Net_H"
"626",625,0.1852,0.02085,0.03385,0.7601,"Netlogo_H_7","Net_H"
"627",626,0.1862,0.01995,0.03455,0.7593,"Netlogo_H_7","Net_H"
"628",627,0.1876,0.01995,0.0356,0.75685,"Netlogo_H_7","Net_H"
"629",628,0.18895,0.0205,0.03525,0.7553,"Netlogo_H_7","Net_H"
"630",629,0.18965,0.01995,0.0359,0.7545,"Netlogo_H_7","Net_H"
"631",630,0.1892,0.02035,0.03625,0.7542,"Netlogo_H_7","Net_H"
"632",631,0.18965,0.0212,0.0356,0.75355,"Netlogo_H_7","Net_H"
"633",632,0.19005,0.0212,0.036,0.75275,"Netlogo_H_7","Net_H"
"634",633,0.1914,0.0205,0.0361,0.752,"Netlogo_H_7","Net_H"
"635",634,0.191,0.02135,0.03515,0.7525,"Netlogo_H_7","Net_H"
"636",635,0.19145,0.02245,0.03445,0.75165,"Netlogo_H_7","Net_H"
"637",636,0.19345,0.0212,0.0352,0.75015,"Netlogo_H_7","Net_H"
"638",637,0.19305,0.02085,0.03585,0.75025,"Netlogo_H_7","Net_H"
"639",638,0.1935,0.02035,0.03705,0.7491,"Netlogo_H_7","Net_H"
"640",639,0.1928,0.0198,0.0383,0.7491,"Netlogo_H_7","Net_H"
