"","step","S","E","I","R","simu","Langage"
"1",0,0.999,0,0.001,0,"Netlogo_H_16","Net_H"
"2",1,0.99865,0.00035,0.001,0,"Netlogo_H_16","Net_H"
"3",2,0.9979,0.0011,0.00085,0.00015,"Netlogo_H_16","Net_H"
"4",3,0.99725,0.0016,0.00095,2e-04,"Netlogo_H_16","Net_H"
"5",4,0.99655,0.002,0.00115,3e-04,"Netlogo_H_16","Net_H"
"6",5,0.9959,0.00245,0.0013,0.00035,"Netlogo_H_16","Net_H"
"7",6,0.9948,0.00325,0.00145,5e-04,"Netlogo_H_16","Net_H"
"8",7,0.99365,0.0037,0.0019,0.00075,"Netlogo_H_16","Net_H"
"9",8,0.99235,0.0042,0.0025,0.00095,"Netlogo_H_16","Net_H"
"10",9,0.99065,0.00505,0.003,0.0013,"Netlogo_H_16","Net_H"
"11",10,0.9887,0.0062,0.0037,0.0014,"Netlogo_H_16","Net_H"
"12",11,0.986,0.0078,0.0043,0.0019,"Netlogo_H_16","Net_H"
"13",12,0.98285,0.0098,0.00525,0.0021,"Netlogo_H_16","Net_H"
"14",13,0.9796,0.01085,0.0071,0.00245,"Netlogo_H_16","Net_H"
"15",14,0.97555,0.0121,0.00905,0.0033,"Netlogo_H_16","Net_H"
"16",15,0.9686,0.017,0.0103,0.0041,"Netlogo_H_16","Net_H"
"17",16,0.9612,0.02145,0.01245,0.0049,"Netlogo_H_16","Net_H"
"18",17,0.953,0.0254,0.0151,0.0065,"Netlogo_H_16","Net_H"
"19",18,0.9425,0.031,0.01845,0.00805,"Netlogo_H_16","Net_H"
"20",19,0.93,0.0381,0.02225,0.00965,"Netlogo_H_16","Net_H"
"21",20,0.916,0.0437,0.02855,0.01175,"Netlogo_H_16","Net_H"
"22",21,0.89785,0.05375,0.03345,0.01495,"Netlogo_H_16","Net_H"
"23",22,0.87735,0.0646,0.0395,0.01855,"Netlogo_H_16","Net_H"
"24",23,0.85495,0.0757,0.04645,0.0229,"Netlogo_H_16","Net_H"
"25",24,0.82835,0.08755,0.05725,0.02685,"Netlogo_H_16","Net_H"
"26",25,0.7943,0.10345,0.0703,0.03195,"Netlogo_H_16","Net_H"
"27",26,0.75855,0.1196,0.08255,0.0393,"Netlogo_H_16","Net_H"
"28",27,0.7146,0.1406,0.09805,0.04675,"Netlogo_H_16","Net_H"
"29",28,0.66595,0.1619,0.11505,0.0571,"Netlogo_H_16","Net_H"
"30",29,0.61595,0.18175,0.13275,0.06955,"Netlogo_H_16","Net_H"
"31",30,0.5617,0.1981,0.1569,0.0833,"Netlogo_H_16","Net_H"
"32",31,0.50525,0.2129,0.1841,0.09775,"Netlogo_H_16","Net_H"
"33",32,0.4447,0.2307,0.20785,0.11675,"Netlogo_H_16","Net_H"
"34",33,0.3829,0.24205,0.2358,0.13925,"Netlogo_H_16","Net_H"
"35",34,0.32555,0.2472,0.26465,0.1626,"Netlogo_H_16","Net_H"
"36",35,0.271,0.2481,0.2895,0.1914,"Netlogo_H_16","Net_H"
"37",36,0.21995,0.2438,0.31195,0.2243,"Netlogo_H_16","Net_H"
"38",37,0.1788,0.2296,0.3327,0.2589,"Netlogo_H_16","Net_H"
"39",38,0.1435,0.21265,0.34985,0.294,"Netlogo_H_16","Net_H"
"40",39,0.11205,0.1953,0.361,0.33165,"Netlogo_H_16","Net_H"
"41",40,0.08735,0.17415,0.36525,0.37325,"Netlogo_H_16","Net_H"
"42",41,0.0692,0.152,0.3618,0.417,"Netlogo_H_16","Net_H"
"43",42,0.0542,0.1272,0.36185,0.45675,"Netlogo_H_16","Net_H"
"44",43,0.0432,0.1063,0.35335,0.49715,"Netlogo_H_16","Net_H"
"45",44,0.0364,0.08505,0.3383,0.54025,"Netlogo_H_16","Net_H"
"46",45,0.0309,0.06995,0.31975,0.5794,"Netlogo_H_16","Net_H"
"47",46,0.02615,0.05735,0.29965,0.61685,"Netlogo_H_16","Net_H"
"48",47,0.02355,0.04665,0.2776,0.6522,"Netlogo_H_16","Net_H"
"49",48,0.0213,0.0387,0.2557,0.6843,"Netlogo_H_16","Net_H"
"50",49,0.01975,0.03185,0.23305,0.71535,"Netlogo_H_16","Net_H"
"51",50,0.01855,0.0284,0.21105,0.742,"Netlogo_H_16","Net_H"
"52",51,0.0181,0.02515,0.18955,0.7672,"Netlogo_H_16","Net_H"
"53",52,0.0181,0.0209,0.17275,0.78825,"Netlogo_H_16","Net_H"
"54",53,0.0187,0.0175,0.15415,0.80965,"Netlogo_H_16","Net_H"
"55",54,0.02055,0.01455,0.13935,0.82555,"Netlogo_H_16","Net_H"
"56",55,0.02135,0.01375,0.1234,0.8415,"Netlogo_H_16","Net_H"
"57",56,0.0229,0.01175,0.1092,0.85615,"Netlogo_H_16","Net_H"
"58",57,0.0247,0.0101,0.09735,0.86785,"Netlogo_H_16","Net_H"
"59",58,0.02685,0.009,0.08795,0.8762,"Netlogo_H_16","Net_H"
"60",59,0.02895,0.008,0.0784,0.88465,"Netlogo_H_16","Net_H"
"61",60,0.03065,0.008,0.06845,0.8929,"Netlogo_H_16","Net_H"
"62",61,0.03265,0.0071,0.06165,0.8986,"Netlogo_H_16","Net_H"
"63",62,0.0339,0.00665,0.05575,0.9037,"Netlogo_H_16","Net_H"
"64",63,0.03465,0.00675,0.0494,0.9092,"Netlogo_H_16","Net_H"
"65",64,0.0362,0.0067,0.04335,0.91375,"Netlogo_H_16","Net_H"
"66",65,0.03845,0.0057,0.03875,0.9171,"Netlogo_H_16","Net_H"
"67",66,0.0408,0.0052,0.03525,0.91875,"Netlogo_H_16","Net_H"
"68",67,0.0427,0.00515,0.03095,0.9212,"Netlogo_H_16","Net_H"
"69",68,0.0451,0.0046,0.0285,0.9218,"Netlogo_H_16","Net_H"
"70",69,0.04755,0.00415,0.02565,0.92265,"Netlogo_H_16","Net_H"
"71",70,0.04935,0.00365,0.02315,0.92385,"Netlogo_H_16","Net_H"
"72",71,0.0521,0.0036,0.02035,0.92395,"Netlogo_H_16","Net_H"
"73",72,0.0546,0.00355,0.01845,0.9234,"Netlogo_H_16","Net_H"
"74",73,0.05735,0.0036,0.0165,0.92255,"Netlogo_H_16","Net_H"
"75",74,0.05925,0.0036,0.01515,0.922,"Netlogo_H_16","Net_H"
"76",75,0.06165,0.0035,0.0136,0.92125,"Netlogo_H_16","Net_H"
"77",76,0.06405,0.00275,0.01285,0.92035,"Netlogo_H_16","Net_H"
"78",77,0.06735,0.0025,0.01195,0.9182,"Netlogo_H_16","Net_H"
"79",78,0.07005,0.0025,0.01085,0.9166,"Netlogo_H_16","Net_H"
"80",79,0.073,0.00225,0.0098,0.91495,"Netlogo_H_16","Net_H"
"81",80,0.07535,0.0021,0.0094,0.91315,"Netlogo_H_16","Net_H"
"82",81,0.07825,0.00225,0.0085,0.911,"Netlogo_H_16","Net_H"
"83",82,0.081,0.00235,0.0075,0.90915,"Netlogo_H_16","Net_H"
"84",83,0.08315,0.0019,0.0068,0.90815,"Netlogo_H_16","Net_H"
"85",84,0.08555,0.002,0.0062,0.90625,"Netlogo_H_16","Net_H"
"86",85,0.08835,0.0017,0.0056,0.90435,"Netlogo_H_16","Net_H"
"87",86,0.09105,0.0018,0.005,0.90215,"Netlogo_H_16","Net_H"
"88",87,0.0943,0.0017,0.00475,0.89925,"Netlogo_H_16","Net_H"
"89",88,0.09665,0.0018,0.0042,0.89735,"Netlogo_H_16","Net_H"
"90",89,0.09945,0.0014,0.0039,0.89525,"Netlogo_H_16","Net_H"
"91",90,0.1023,0.00105,0.0035,0.89315,"Netlogo_H_16","Net_H"
"92",91,0.10535,0.001,0.00315,0.8905,"Netlogo_H_16","Net_H"
"93",92,0.10795,0.00095,0.0026,0.8885,"Netlogo_H_16","Net_H"
"94",93,0.1103,8e-04,0.0025,0.8864,"Netlogo_H_16","Net_H"
"95",94,0.1135,8e-04,0.0021,0.8836,"Netlogo_H_16","Net_H"
"96",95,0.1163,0.00055,0.00215,0.881,"Netlogo_H_16","Net_H"
"97",96,0.11895,0.00055,0.00215,0.87835,"Netlogo_H_16","Net_H"
"98",97,0.1216,8e-04,0.00195,0.87565,"Netlogo_H_16","Net_H"
"99",98,0.12475,0.00075,0.00195,0.87255,"Netlogo_H_16","Net_H"
"100",99,0.1273,9e-04,0.0018,0.87,"Netlogo_H_16","Net_H"
"101",100,0.13005,0.00085,0.0016,0.8675,"Netlogo_H_16","Net_H"
"102",101,0.1329,8e-04,0.0016,0.8647,"Netlogo_H_16","Net_H"
"103",102,0.13565,0.00085,0.0015,0.862,"Netlogo_H_16","Net_H"
"104",103,0.13795,6e-04,0.00165,0.8598,"Netlogo_H_16","Net_H"
"105",104,0.14065,0.00055,0.00165,0.85715,"Netlogo_H_16","Net_H"
"106",105,0.14335,0.00065,0.00155,0.85445,"Netlogo_H_16","Net_H"
"107",106,0.14505,5e-04,0.0015,0.85295,"Netlogo_H_16","Net_H"
"108",107,0.14815,5e-04,0.00135,0.85,"Netlogo_H_16","Net_H"
"109",108,0.1513,6e-04,0.00125,0.84685,"Netlogo_H_16","Net_H"
"110",109,0.1537,0.00075,0.0011,0.84445,"Netlogo_H_16","Net_H"
"111",110,0.15705,6e-04,0.0011,0.84125,"Netlogo_H_16","Net_H"
"112",111,0.15985,0.00045,0.00125,0.83845,"Netlogo_H_16","Net_H"
"113",112,0.1628,0.00045,0.0012,0.83555,"Netlogo_H_16","Net_H"
"114",113,0.16505,0.00045,0.0011,0.8334,"Netlogo_H_16","Net_H"
"115",114,0.1682,4e-04,0.00105,0.83035,"Netlogo_H_16","Net_H"
"116",115,0.1705,6e-04,8e-04,0.8281,"Netlogo_H_16","Net_H"
"117",116,0.17345,5e-04,0.00085,0.8252,"Netlogo_H_16","Net_H"
"118",117,0.1755,0.00045,8e-04,0.82325,"Netlogo_H_16","Net_H"
"119",118,0.1774,0.00045,0.00095,0.8212,"Netlogo_H_16","Net_H"
"120",119,0.1794,0.00045,0.00085,0.8193,"Netlogo_H_16","Net_H"
"121",120,0.18185,0.00045,8e-04,0.8169,"Netlogo_H_16","Net_H"
"122",121,0.1845,0.00035,6e-04,0.81455,"Netlogo_H_16","Net_H"
"123",122,0.1865,2e-04,7e-04,0.8126,"Netlogo_H_16","Net_H"
"124",123,0.1891,0.00025,0.00065,0.81,"Netlogo_H_16","Net_H"
"125",124,0.19085,3e-04,6e-04,0.80825,"Netlogo_H_16","Net_H"
"126",125,0.1936,3e-04,6e-04,0.8055,"Netlogo_H_16","Net_H"
"127",126,0.1962,3e-04,6e-04,0.8029,"Netlogo_H_16","Net_H"
"128",127,0.19785,0.00035,0.00055,0.80125,"Netlogo_H_16","Net_H"
"129",128,0.19995,0.00045,0.00055,0.79905,"Netlogo_H_16","Net_H"
"130",129,0.20235,4e-04,7e-04,0.79655,"Netlogo_H_16","Net_H"
"131",130,0.2046,0.00045,7e-04,0.79425,"Netlogo_H_16","Net_H"
"132",131,0.2072,0.00035,8e-04,0.79165,"Netlogo_H_16","Net_H"
"133",132,0.20885,3e-04,8e-04,0.79005,"Netlogo_H_16","Net_H"
"134",133,0.2107,0.00035,9e-04,0.78805,"Netlogo_H_16","Net_H"
"135",134,0.21305,0.00045,0.00095,0.78555,"Netlogo_H_16","Net_H"
"136",135,0.2158,0.00045,0.00095,0.7828,"Netlogo_H_16","Net_H"
"137",136,0.218,5e-04,0.00105,0.78045,"Netlogo_H_16","Net_H"
"138",137,0.21975,0.00055,0.00085,0.77885,"Netlogo_H_16","Net_H"
"139",138,0.22185,5e-04,0.00085,0.7768,"Netlogo_H_16","Net_H"
"140",139,0.22345,0.00065,8e-04,0.7751,"Netlogo_H_16","Net_H"
"141",140,0.22565,8e-04,0.00075,0.7728,"Netlogo_H_16","Net_H"
"142",141,0.2276,0.00075,9e-04,0.77075,"Netlogo_H_16","Net_H"
"143",142,0.2294,0.00105,0.00075,0.7688,"Netlogo_H_16","Net_H"
"144",143,0.2318,0.00105,0.00095,0.7662,"Netlogo_H_16","Net_H"
"145",144,0.2341,0.0011,9e-04,0.7639,"Netlogo_H_16","Net_H"
"146",145,0.23585,0.00085,0.0011,0.7622,"Netlogo_H_16","Net_H"
"147",146,0.2377,0.00075,0.0013,0.76025,"Netlogo_H_16","Net_H"
"148",147,0.24005,6e-04,0.00155,0.7578,"Netlogo_H_16","Net_H"
"149",148,0.2424,0.00075,0.0014,0.75545,"Netlogo_H_16","Net_H"
"150",149,0.2442,8e-04,0.0014,0.7536,"Netlogo_H_16","Net_H"
"151",150,0.2462,8e-04,0.0012,0.7518,"Netlogo_H_16","Net_H"
"152",151,0.2475,8e-04,0.0013,0.7504,"Netlogo_H_16","Net_H"
"153",152,0.24945,9e-04,0.00125,0.7484,"Netlogo_H_16","Net_H"
"154",153,0.25145,9e-04,0.00115,0.7465,"Netlogo_H_16","Net_H"
"155",154,0.25365,0.00075,0.0013,0.7443,"Netlogo_H_16","Net_H"
"156",155,0.25575,5e-04,0.00155,0.7422,"Netlogo_H_16","Net_H"
"157",156,0.2574,0.00035,0.00175,0.7405,"Netlogo_H_16","Net_H"
"158",157,0.25915,0.00075,0.00165,0.73845,"Netlogo_H_16","Net_H"
"159",158,0.26025,0.001,0.0014,0.73735,"Netlogo_H_16","Net_H"
"160",159,0.2621,0.0012,0.00135,0.73535,"Netlogo_H_16","Net_H"
"161",160,0.26395,0.0013,0.0013,0.73345,"Netlogo_H_16","Net_H"
"162",161,0.26525,0.0013,0.00145,0.732,"Netlogo_H_16","Net_H"
"163",162,0.2676,0.0011,0.00165,0.72965,"Netlogo_H_16","Net_H"
"164",163,0.26925,0.00115,0.0018,0.7278,"Netlogo_H_16","Net_H"
"165",164,0.2706,0.0012,0.00185,0.72635,"Netlogo_H_16","Net_H"
"166",165,0.2721,0.0011,0.002,0.7248,"Netlogo_H_16","Net_H"
"167",166,0.27355,0.00125,0.00175,0.72345,"Netlogo_H_16","Net_H"
"168",167,0.27475,0.00135,0.00165,0.72225,"Netlogo_H_16","Net_H"
"169",168,0.27695,0.0016,0.00155,0.7199,"Netlogo_H_16","Net_H"
"170",169,0.2784,0.0015,0.0016,0.7185,"Netlogo_H_16","Net_H"
"171",170,0.2804,0.0012,0.0018,0.7166,"Netlogo_H_16","Net_H"
"172",171,0.2821,0.0013,0.0019,0.7147,"Netlogo_H_16","Net_H"
"173",172,0.28415,0.0015,0.0018,0.71255,"Netlogo_H_16","Net_H"
"174",173,0.2859,0.0014,0.0019,0.7108,"Netlogo_H_16","Net_H"
"175",174,0.28775,0.00155,0.0021,0.7086,"Netlogo_H_16","Net_H"
"176",175,0.28965,0.00165,0.0021,0.7066,"Netlogo_H_16","Net_H"
"177",176,0.2911,0.0019,0.00225,0.70475,"Netlogo_H_16","Net_H"
"178",177,0.29285,0.00155,0.00245,0.70315,"Netlogo_H_16","Net_H"
"179",178,0.2944,0.0015,0.00245,0.70165,"Netlogo_H_16","Net_H"
"180",179,0.29625,0.00175,0.0025,0.6995,"Netlogo_H_16","Net_H"
"181",180,0.2976,0.00195,0.00235,0.6981,"Netlogo_H_16","Net_H"
"182",181,0.29905,0.00195,0.00245,0.69655,"Netlogo_H_16","Net_H"
"183",182,0.3011,0.00225,0.0025,0.69415,"Netlogo_H_16","Net_H"
"184",183,0.3029,0.0024,0.0026,0.6921,"Netlogo_H_16","Net_H"
"185",184,0.30475,0.0024,0.0028,0.69005,"Netlogo_H_16","Net_H"
"186",185,0.3063,0.0028,0.0028,0.6881,"Netlogo_H_16","Net_H"
"187",186,0.3074,0.0031,0.00295,0.68655,"Netlogo_H_16","Net_H"
"188",187,0.30805,0.0032,0.0034,0.68535,"Netlogo_H_16","Net_H"
"189",188,0.30955,0.0032,0.0036,0.68365,"Netlogo_H_16","Net_H"
"190",189,0.31045,0.0037,0.0039,0.68195,"Netlogo_H_16","Net_H"
"191",190,0.31155,0.0038,0.004,0.68065,"Netlogo_H_16","Net_H"
"192",191,0.3132,0.004,0.0043,0.6785,"Netlogo_H_16","Net_H"
"193",192,0.3141,0.004,0.00445,0.67745,"Netlogo_H_16","Net_H"
"194",193,0.31605,0.00405,0.00465,0.67525,"Netlogo_H_16","Net_H"
"195",194,0.317,0.00415,0.0052,0.67365,"Netlogo_H_16","Net_H"
"196",195,0.31795,0.00465,0.0052,0.6722,"Netlogo_H_16","Net_H"
"197",196,0.31925,0.00425,0.0057,0.6708,"Netlogo_H_16","Net_H"
"198",197,0.3202,0.00425,0.0062,0.66935,"Netlogo_H_16","Net_H"
"199",198,0.32075,0.0045,0.0067,0.66805,"Netlogo_H_16","Net_H"
"200",199,0.3204,0.0055,0.007,0.6671,"Netlogo_H_16","Net_H"
"201",200,0.3209,0.00565,0.0071,0.66635,"Netlogo_H_16","Net_H"
"202",201,0.32145,0.0055,0.0072,0.66585,"Netlogo_H_16","Net_H"
"203",202,0.3213,0.0059,0.0078,0.665,"Netlogo_H_16","Net_H"
"204",203,0.3219,0.0062,0.00835,0.66355,"Netlogo_H_16","Net_H"
"205",204,0.32165,0.0071,0.00835,0.6629,"Netlogo_H_16","Net_H"
"206",205,0.3224,0.0071,0.0092,0.6613,"Netlogo_H_16","Net_H"
"207",206,0.3222,0.0075,0.00985,0.66045,"Netlogo_H_16","Net_H"
"208",207,0.32195,0.0077,0.01005,0.6603,"Netlogo_H_16","Net_H"
"209",208,0.3215,0.00815,0.0108,0.65955,"Netlogo_H_16","Net_H"
"210",209,0.32115,0.0087,0.0109,0.65925,"Netlogo_H_16","Net_H"
"211",210,0.32005,0.0097,0.0117,0.65855,"Netlogo_H_16","Net_H"
"212",211,0.3186,0.01125,0.01205,0.6581,"Netlogo_H_16","Net_H"
"213",212,0.31835,0.0115,0.01255,0.6576,"Netlogo_H_16","Net_H"
"214",213,0.31695,0.01195,0.01385,0.65725,"Netlogo_H_16","Net_H"
"215",214,0.31585,0.012,0.0152,0.65695,"Netlogo_H_16","Net_H"
"216",215,0.3145,0.01305,0.01555,0.6569,"Netlogo_H_16","Net_H"
"217",216,0.3143,0.01255,0.0169,0.65625,"Netlogo_H_16","Net_H"
"218",217,0.3125,0.0137,0.0183,0.6555,"Netlogo_H_16","Net_H"
"219",218,0.31025,0.01485,0.0189,0.656,"Netlogo_H_16","Net_H"
"220",219,0.30905,0.01515,0.01965,0.65615,"Netlogo_H_16","Net_H"
"221",220,0.30585,0.01625,0.02075,0.65715,"Netlogo_H_16","Net_H"
"222",221,0.30355,0.0171,0.0213,0.65805,"Netlogo_H_16","Net_H"
"223",222,0.30075,0.01735,0.0228,0.6591,"Netlogo_H_16","Net_H"
"224",223,0.2985,0.0185,0.0243,0.6587,"Netlogo_H_16","Net_H"
"225",224,0.29555,0.0206,0.0245,0.65935,"Netlogo_H_16","Net_H"
"226",225,0.2926,0.0216,0.02535,0.66045,"Netlogo_H_16","Net_H"
"227",226,0.2901,0.0207,0.02825,0.66095,"Netlogo_H_16","Net_H"
"228",227,0.28665,0.02205,0.0303,0.661,"Netlogo_H_16","Net_H"
"229",228,0.28265,0.02315,0.03185,0.66235,"Netlogo_H_16","Net_H"
"230",229,0.27855,0.0252,0.03325,0.663,"Netlogo_H_16","Net_H"
"231",230,0.27535,0.0246,0.0358,0.66425,"Netlogo_H_16","Net_H"
"232",231,0.27105,0.0255,0.03725,0.6662,"Netlogo_H_16","Net_H"
"233",232,0.2675,0.02605,0.03755,0.6689,"Netlogo_H_16","Net_H"
"234",233,0.2627,0.0267,0.03885,0.67175,"Netlogo_H_16","Net_H"
"235",234,0.2586,0.02865,0.03915,0.6736,"Netlogo_H_16","Net_H"
"236",235,0.2543,0.02915,0.04015,0.6764,"Netlogo_H_16","Net_H"
"237",236,0.2493,0.03005,0.04145,0.6792,"Netlogo_H_16","Net_H"
"238",237,0.24415,0.0309,0.04295,0.682,"Netlogo_H_16","Net_H"
"239",238,0.2394,0.03195,0.04325,0.6854,"Netlogo_H_16","Net_H"
"240",239,0.23425,0.0317,0.04615,0.6879,"Netlogo_H_16","Net_H"
"241",240,0.2289,0.03205,0.04845,0.6906,"Netlogo_H_16","Net_H"
"242",241,0.2243,0.03325,0.04955,0.6929,"Netlogo_H_16","Net_H"
"243",242,0.21905,0.0331,0.05135,0.6965,"Netlogo_H_16","Net_H"
"244",243,0.21205,0.0343,0.05345,0.7002,"Netlogo_H_16","Net_H"
"245",244,0.20595,0.0352,0.0534,0.70545,"Netlogo_H_16","Net_H"
"246",245,0.2012,0.03525,0.05475,0.7088,"Netlogo_H_16","Net_H"
"247",246,0.1973,0.0343,0.05605,0.71235,"Netlogo_H_16","Net_H"
"248",247,0.1929,0.0351,0.0557,0.7163,"Netlogo_H_16","Net_H"
"249",248,0.1892,0.03415,0.0567,0.71995,"Netlogo_H_16","Net_H"
"250",249,0.1852,0.03395,0.05755,0.7233,"Netlogo_H_16","Net_H"
"251",250,0.18075,0.03395,0.0575,0.7278,"Netlogo_H_16","Net_H"
"252",251,0.17605,0.0337,0.05895,0.7313,"Netlogo_H_16","Net_H"
"253",252,0.17185,0.03235,0.0613,0.7345,"Netlogo_H_16","Net_H"
"254",253,0.16695,0.03255,0.0617,0.7388,"Netlogo_H_16","Net_H"
"255",254,0.1633,0.0327,0.0616,0.7424,"Netlogo_H_16","Net_H"
"256",255,0.1592,0.0322,0.0618,0.7468,"Netlogo_H_16","Net_H"
"257",256,0.1547,0.0319,0.06165,0.75175,"Netlogo_H_16","Net_H"
"258",257,0.15245,0.0311,0.0612,0.75525,"Netlogo_H_16","Net_H"
"259",258,0.14795,0.03055,0.06075,0.76075,"Netlogo_H_16","Net_H"
"260",259,0.1445,0.03,0.06075,0.76475,"Netlogo_H_16","Net_H"
"261",260,0.14255,0.0285,0.05975,0.7692,"Netlogo_H_16","Net_H"
"262",261,0.14075,0.02685,0.05925,0.77315,"Netlogo_H_16","Net_H"
"263",262,0.1384,0.0251,0.0597,0.7768,"Netlogo_H_16","Net_H"
"264",263,0.13565,0.0262,0.05775,0.7804,"Netlogo_H_16","Net_H"
"265",264,0.13365,0.027,0.0555,0.78385,"Netlogo_H_16","Net_H"
"266",265,0.13265,0.02615,0.0537,0.7875,"Netlogo_H_16","Net_H"
"267",266,0.1319,0.02395,0.05335,0.7908,"Netlogo_H_16","Net_H"
"268",267,0.1311,0.0229,0.05085,0.79515,"Netlogo_H_16","Net_H"
"269",268,0.13095,0.0221,0.0494,0.79755,"Netlogo_H_16","Net_H"
"270",269,0.1313,0.0208,0.0479,0.8,"Netlogo_H_16","Net_H"
"271",270,0.13045,0.0215,0.0463,0.80175,"Netlogo_H_16","Net_H"
"272",271,0.12905,0.0205,0.046,0.80445,"Netlogo_H_16","Net_H"
"273",272,0.1291,0.0197,0.045,0.8062,"Netlogo_H_16","Net_H"
"274",273,0.1298,0.01865,0.04385,0.8077,"Netlogo_H_16","Net_H"
"275",274,0.13005,0.0171,0.0431,0.80975,"Netlogo_H_16","Net_H"
"276",275,0.1293,0.01825,0.0405,0.81195,"Netlogo_H_16","Net_H"
"277",276,0.12965,0.019,0.03795,0.8134,"Netlogo_H_16","Net_H"
"278",277,0.1301,0.0177,0.03695,0.81525,"Netlogo_H_16","Net_H"
"279",278,0.13135,0.0171,0.0363,0.81525,"Netlogo_H_16","Net_H"
"280",279,0.13235,0.01635,0.03645,0.81485,"Netlogo_H_16","Net_H"
"281",280,0.13325,0.01535,0.0354,0.816,"Netlogo_H_16","Net_H"
"282",281,0.13335,0.01585,0.034,0.8168,"Netlogo_H_16","Net_H"
"283",282,0.1344,0.0151,0.0323,0.8182,"Netlogo_H_16","Net_H"
"284",283,0.1359,0.01375,0.03165,0.8187,"Netlogo_H_16","Net_H"
"285",284,0.1368,0.01315,0.0301,0.81995,"Netlogo_H_16","Net_H"
"286",285,0.1381,0.01345,0.0294,0.81905,"Netlogo_H_16","Net_H"
"287",286,0.13975,0.0134,0.028,0.81885,"Netlogo_H_16","Net_H"
"288",287,0.14095,0.0137,0.027,0.81835,"Netlogo_H_16","Net_H"
"289",288,0.1428,0.01375,0.02555,0.8179,"Netlogo_H_16","Net_H"
"290",289,0.14425,0.01265,0.02635,0.81675,"Netlogo_H_16","Net_H"
"291",290,0.14525,0.01155,0.0271,0.8161,"Netlogo_H_16","Net_H"
"292",291,0.14705,0.01155,0.0259,0.8155,"Netlogo_H_16","Net_H"
"293",292,0.1489,0.01125,0.02545,0.8144,"Netlogo_H_16","Net_H"
"294",293,0.1501,0.0115,0.0244,0.814,"Netlogo_H_16","Net_H"
"295",294,0.15155,0.0107,0.0246,0.81315,"Netlogo_H_16","Net_H"
"296",295,0.1534,0.0112,0.023,0.8124,"Netlogo_H_16","Net_H"
"297",296,0.155,0.012,0.02265,0.81035,"Netlogo_H_16","Net_H"
"298",297,0.1577,0.0114,0.0226,0.8083,"Netlogo_H_16","Net_H"
"299",298,0.1597,0.0109,0.02185,0.80755,"Netlogo_H_16","Net_H"
"300",299,0.16155,0.0105,0.02185,0.8061,"Netlogo_H_16","Net_H"
"301",300,0.1624,0.01065,0.0214,0.80555,"Netlogo_H_16","Net_H"
"302",301,0.1643,0.0102,0.0215,0.804,"Netlogo_H_16","Net_H"
"303",302,0.1664,0.00975,0.0209,0.80295,"Netlogo_H_16","Net_H"
"304",303,0.16815,0.01025,0.01985,0.80175,"Netlogo_H_16","Net_H"
"305",304,0.1704,0.0105,0.0193,0.7998,"Netlogo_H_16","Net_H"
"306",305,0.17325,0.01035,0.0191,0.7973,"Netlogo_H_16","Net_H"
"307",306,0.1746,0.01075,0.01925,0.7954,"Netlogo_H_16","Net_H"
"308",307,0.17635,0.00995,0.01975,0.79395,"Netlogo_H_16","Net_H"
"309",308,0.17775,0.01085,0.01935,0.79205,"Netlogo_H_16","Net_H"
"310",309,0.1792,0.0114,0.0192,0.7902,"Netlogo_H_16","Net_H"
"311",310,0.18155,0.0114,0.01885,0.7882,"Netlogo_H_16","Net_H"
"312",311,0.18205,0.01185,0.01925,0.78685,"Netlogo_H_16","Net_H"
"313",312,0.18465,0.0113,0.01935,0.7847,"Netlogo_H_16","Net_H"
"314",313,0.18655,0.01115,0.01915,0.78315,"Netlogo_H_16","Net_H"
"315",314,0.1889,0.01055,0.01925,0.7813,"Netlogo_H_16","Net_H"
"316",315,0.19105,0.01065,0.0194,0.7789,"Netlogo_H_16","Net_H"
"317",316,0.1923,0.011,0.0194,0.7773,"Netlogo_H_16","Net_H"
"318",317,0.1936,0.0111,0.0198,0.7755,"Netlogo_H_16","Net_H"
"319",318,0.19495,0.01135,0.02015,0.77355,"Netlogo_H_16","Net_H"
"320",319,0.196,0.0124,0.01975,0.77185,"Netlogo_H_16","Net_H"
"321",320,0.19795,0.0124,0.0197,0.76995,"Netlogo_H_16","Net_H"
"322",321,0.1998,0.01225,0.01975,0.7682,"Netlogo_H_16","Net_H"
"323",322,0.20105,0.01255,0.01905,0.76735,"Netlogo_H_16","Net_H"
"324",323,0.2015,0.01245,0.02065,0.7654,"Netlogo_H_16","Net_H"
"325",324,0.20195,0.01315,0.0209,0.764,"Netlogo_H_16","Net_H"
"326",325,0.2038,0.0131,0.02105,0.76205,"Netlogo_H_16","Net_H"
"327",326,0.205,0.01315,0.02185,0.76,"Netlogo_H_16","Net_H"
"328",327,0.2054,0.0137,0.02235,0.75855,"Netlogo_H_16","Net_H"
"329",328,0.20675,0.01295,0.02295,0.75735,"Netlogo_H_16","Net_H"
"330",329,0.20765,0.01365,0.02355,0.75515,"Netlogo_H_16","Net_H"
"331",330,0.20955,0.0137,0.0237,0.75305,"Netlogo_H_16","Net_H"
"332",331,0.21065,0.0135,0.0239,0.75195,"Netlogo_H_16","Net_H"
"333",332,0.2108,0.01475,0.0238,0.75065,"Netlogo_H_16","Net_H"
"334",333,0.21165,0.0159,0.0237,0.74875,"Netlogo_H_16","Net_H"
"335",334,0.21195,0.01665,0.02385,0.74755,"Netlogo_H_16","Net_H"
"336",335,0.2125,0.01625,0.02505,0.7462,"Netlogo_H_16","Net_H"
"337",336,0.2132,0.0163,0.0268,0.7437,"Netlogo_H_16","Net_H"
"338",337,0.21385,0.01695,0.02655,0.74265,"Netlogo_H_16","Net_H"
"339",338,0.2148,0.01675,0.0267,0.74175,"Netlogo_H_16","Net_H"
"340",339,0.21565,0.0162,0.02755,0.7406,"Netlogo_H_16","Net_H"
"341",340,0.21555,0.0164,0.028,0.74005,"Netlogo_H_16","Net_H"
"342",341,0.21475,0.0167,0.0294,0.73915,"Netlogo_H_16","Net_H"
"343",342,0.21425,0.01865,0.0291,0.738,"Netlogo_H_16","Net_H"
"344",343,0.21315,0.01945,0.0297,0.7377,"Netlogo_H_16","Net_H"
"345",344,0.21335,0.0192,0.0304,0.73705,"Netlogo_H_16","Net_H"
"346",345,0.21275,0.01965,0.03085,0.73675,"Netlogo_H_16","Net_H"
"347",346,0.21255,0.02045,0.03085,0.73615,"Netlogo_H_16","Net_H"
"348",347,0.2136,0.0196,0.0313,0.7355,"Netlogo_H_16","Net_H"
"349",348,0.21235,0.02035,0.0319,0.7354,"Netlogo_H_16","Net_H"
"350",349,0.2119,0.0201,0.0321,0.7359,"Netlogo_H_16","Net_H"
"351",350,0.21185,0.01935,0.0339,0.7349,"Netlogo_H_16","Net_H"
"352",351,0.21135,0.01965,0.03345,0.73555,"Netlogo_H_16","Net_H"
"353",352,0.20995,0.02105,0.03425,0.73475,"Netlogo_H_16","Net_H"
"354",353,0.2101,0.0198,0.0352,0.7349,"Netlogo_H_16","Net_H"
"355",354,0.2097,0.01985,0.0352,0.73525,"Netlogo_H_16","Net_H"
"356",355,0.20895,0.0201,0.0357,0.73525,"Netlogo_H_16","Net_H"
"357",356,0.20695,0.02165,0.0361,0.7353,"Netlogo_H_16","Net_H"
"358",357,0.2057,0.02285,0.0353,0.73615,"Netlogo_H_16","Net_H"
"359",358,0.20545,0.02205,0.03645,0.73605,"Netlogo_H_16","Net_H"
"360",359,0.2058,0.02125,0.03755,0.7354,"Netlogo_H_16","Net_H"
"361",360,0.2061,0.0215,0.03715,0.73525,"Netlogo_H_16","Net_H"
"362",361,0.2044,0.0231,0.03675,0.73575,"Netlogo_H_16","Net_H"
"363",362,0.2048,0.02195,0.03785,0.7354,"Netlogo_H_16","Net_H"
"364",363,0.20365,0.0224,0.0385,0.73545,"Netlogo_H_16","Net_H"
"365",364,0.202,0.02345,0.0387,0.73585,"Netlogo_H_16","Net_H"
"366",365,0.2022,0.02385,0.03985,0.7341,"Netlogo_H_16","Net_H"
"367",366,0.20065,0.0251,0.04035,0.7339,"Netlogo_H_16","Net_H"
"368",367,0.19925,0.0248,0.04115,0.7348,"Netlogo_H_16","Net_H"
"369",368,0.1979,0.0253,0.0409,0.7359,"Netlogo_H_16","Net_H"
"370",369,0.1966,0.02595,0.04105,0.7364,"Netlogo_H_16","Net_H"
"371",370,0.19585,0.02605,0.0425,0.7356,"Netlogo_H_16","Net_H"
"372",371,0.19465,0.02575,0.0435,0.7361,"Netlogo_H_16","Net_H"
"373",372,0.19255,0.02705,0.0434,0.737,"Netlogo_H_16","Net_H"
"374",373,0.1913,0.0266,0.04395,0.73815,"Netlogo_H_16","Net_H"
"375",374,0.1891,0.027,0.04395,0.73995,"Netlogo_H_16","Net_H"
"376",375,0.18945,0.02605,0.0438,0.7407,"Netlogo_H_16","Net_H"
"377",376,0.1885,0.0261,0.0439,0.7415,"Netlogo_H_16","Net_H"
"378",377,0.18575,0.02675,0.0442,0.7433,"Netlogo_H_16","Net_H"
"379",378,0.1845,0.02575,0.04405,0.7457,"Netlogo_H_16","Net_H"
"380",379,0.18415,0.0249,0.0449,0.74605,"Netlogo_H_16","Net_H"
"381",380,0.1834,0.025,0.04485,0.74675,"Netlogo_H_16","Net_H"
"382",381,0.1818,0.0257,0.0443,0.7482,"Netlogo_H_16","Net_H"
"383",382,0.18065,0.02595,0.04415,0.74925,"Netlogo_H_16","Net_H"
"384",383,0.18035,0.025,0.04495,0.7497,"Netlogo_H_16","Net_H"
"385",384,0.17765,0.0261,0.04445,0.7518,"Netlogo_H_16","Net_H"
"386",385,0.17675,0.0261,0.0447,0.75245,"Netlogo_H_16","Net_H"
"387",386,0.17695,0.0259,0.0447,0.75245,"Netlogo_H_16","Net_H"
"388",387,0.17555,0.026,0.0449,0.75355,"Netlogo_H_16","Net_H"
"389",388,0.1748,0.0256,0.0459,0.7537,"Netlogo_H_16","Net_H"
"390",389,0.1741,0.0265,0.04565,0.75375,"Netlogo_H_16","Net_H"
"391",390,0.17355,0.02615,0.04485,0.75545,"Netlogo_H_16","Net_H"
"392",391,0.17305,0.0252,0.0449,0.75685,"Netlogo_H_16","Net_H"
"393",392,0.17265,0.02395,0.0459,0.7575,"Netlogo_H_16","Net_H"
"394",393,0.1717,0.02525,0.0445,0.75855,"Netlogo_H_16","Net_H"
"395",394,0.1708,0.02455,0.0449,0.75975,"Netlogo_H_16","Net_H"
"396",395,0.17055,0.02375,0.045,0.7607,"Netlogo_H_16","Net_H"
"397",396,0.1695,0.02375,0.0448,0.76195,"Netlogo_H_16","Net_H"
"398",397,0.1698,0.0239,0.0438,0.7625,"Netlogo_H_16","Net_H"
"399",398,0.1685,0.0238,0.04365,0.76405,"Netlogo_H_16","Net_H"
"400",399,0.16785,0.02405,0.04345,0.76465,"Netlogo_H_16","Net_H"
"401",400,0.16725,0.0241,0.0436,0.76505,"Netlogo_H_16","Net_H"
"402",401,0.16745,0.0224,0.04405,0.7661,"Netlogo_H_16","Net_H"
"403",402,0.16755,0.0223,0.0436,0.76655,"Netlogo_H_16","Net_H"
"404",403,0.168,0.0211,0.044,0.7669,"Netlogo_H_16","Net_H"
"405",404,0.16885,0.02055,0.0437,0.7669,"Netlogo_H_16","Net_H"
"406",405,0.1675,0.02165,0.0429,0.76795,"Netlogo_H_16","Net_H"
"407",406,0.16705,0.02215,0.0421,0.7687,"Netlogo_H_16","Net_H"
"408",407,0.16755,0.02095,0.04235,0.76915,"Netlogo_H_16","Net_H"
"409",408,0.16755,0.02275,0.0407,0.769,"Netlogo_H_16","Net_H"
"410",409,0.1678,0.0229,0.0408,0.7685,"Netlogo_H_16","Net_H"
"411",410,0.1692,0.02225,0.0411,0.76745,"Netlogo_H_16","Net_H"
"412",411,0.16905,0.0219,0.0416,0.76745,"Netlogo_H_16","Net_H"
"413",412,0.169,0.02085,0.0409,0.76925,"Netlogo_H_16","Net_H"
"414",413,0.1672,0.02155,0.0414,0.76985,"Netlogo_H_16","Net_H"
"415",414,0.16665,0.02175,0.0404,0.7712,"Netlogo_H_16","Net_H"
"416",415,0.1671,0.0226,0.03905,0.77125,"Netlogo_H_16","Net_H"
"417",416,0.16745,0.0218,0.039,0.77175,"Netlogo_H_16","Net_H"
"418",417,0.168,0.02195,0.03865,0.7714,"Netlogo_H_16","Net_H"
"419",418,0.1683,0.0223,0.0381,0.7713,"Netlogo_H_16","Net_H"
"420",419,0.16875,0.02045,0.0395,0.7713,"Netlogo_H_16","Net_H"
"421",420,0.16955,0.01975,0.03995,0.77075,"Netlogo_H_16","Net_H"
"422",421,0.16935,0.0203,0.0392,0.77115,"Netlogo_H_16","Net_H"
"423",422,0.16955,0.02005,0.0387,0.7717,"Netlogo_H_16","Net_H"
"424",423,0.1703,0.02085,0.0382,0.77065,"Netlogo_H_16","Net_H"
"425",424,0.16935,0.02225,0.0384,0.77,"Netlogo_H_16","Net_H"
"426",425,0.16995,0.02145,0.0392,0.7694,"Netlogo_H_16","Net_H"
"427",426,0.1693,0.02145,0.0392,0.77005,"Netlogo_H_16","Net_H"
"428",427,0.17045,0.02135,0.0395,0.7687,"Netlogo_H_16","Net_H"
"429",428,0.16975,0.02085,0.0394,0.77,"Netlogo_H_16","Net_H"
"430",429,0.1711,0.0194,0.03975,0.76975,"Netlogo_H_16","Net_H"
"431",430,0.1712,0.01955,0.03955,0.7697,"Netlogo_H_16","Net_H"
"432",431,0.1711,0.02025,0.0383,0.77035,"Netlogo_H_16","Net_H"
"433",432,0.1719,0.0196,0.03795,0.77055,"Netlogo_H_16","Net_H"
"434",433,0.1731,0.01925,0.037,0.77065,"Netlogo_H_16","Net_H"
"435",434,0.17225,0.02015,0.0364,0.7712,"Netlogo_H_16","Net_H"
"436",435,0.17245,0.02025,0.0364,0.7709,"Netlogo_H_16","Net_H"
"437",436,0.174,0.01905,0.0354,0.77155,"Netlogo_H_16","Net_H"
"438",437,0.17455,0.019,0.0354,0.77105,"Netlogo_H_16","Net_H"
"439",438,0.1746,0.01875,0.035,0.77165,"Netlogo_H_16","Net_H"
"440",439,0.17575,0.01905,0.0353,0.7699,"Netlogo_H_16","Net_H"
"441",440,0.17685,0.0192,0.03515,0.7688,"Netlogo_H_16","Net_H"
"442",441,0.1785,0.01865,0.03425,0.7686,"Netlogo_H_16","Net_H"
"443",442,0.1797,0.01825,0.03545,0.7666,"Netlogo_H_16","Net_H"
"444",443,0.18065,0.019,0.0336,0.76675,"Netlogo_H_16","Net_H"
"445",444,0.18205,0.0184,0.0338,0.76575,"Netlogo_H_16","Net_H"
"446",445,0.1831,0.0185,0.03395,0.76445,"Netlogo_H_16","Net_H"
"447",446,0.1833,0.0188,0.03455,0.76335,"Netlogo_H_16","Net_H"
"448",447,0.1832,0.01915,0.0345,0.76315,"Netlogo_H_16","Net_H"
"449",448,0.1827,0.0201,0.0341,0.7631,"Netlogo_H_16","Net_H"
"450",449,0.18245,0.02015,0.0345,0.7629,"Netlogo_H_16","Net_H"
"451",450,0.1841,0.0199,0.03495,0.76105,"Netlogo_H_16","Net_H"
"452",451,0.18465,0.0189,0.03545,0.761,"Netlogo_H_16","Net_H"
"453",452,0.1842,0.0195,0.03525,0.76105,"Netlogo_H_16","Net_H"
"454",453,0.1844,0.02,0.0342,0.7614,"Netlogo_H_16","Net_H"
"455",454,0.18475,0.01905,0.0348,0.7614,"Netlogo_H_16","Net_H"
"456",455,0.1845,0.0202,0.0347,0.7606,"Netlogo_H_16","Net_H"
"457",456,0.1853,0.0198,0.03545,0.75945,"Netlogo_H_16","Net_H"
"458",457,0.1871,0.01815,0.0363,0.75845,"Netlogo_H_16","Net_H"
"459",458,0.18735,0.0194,0.035,0.75825,"Netlogo_H_16","Net_H"
"460",459,0.18655,0.02015,0.03475,0.75855,"Netlogo_H_16","Net_H"
"461",460,0.1874,0.02015,0.03485,0.7576,"Netlogo_H_16","Net_H"
"462",461,0.18795,0.01875,0.03615,0.75715,"Netlogo_H_16","Net_H"
"463",462,0.18765,0.0192,0.03605,0.7571,"Netlogo_H_16","Net_H"
"464",463,0.1871,0.02025,0.03595,0.7567,"Netlogo_H_16","Net_H"
"465",464,0.18705,0.02,0.0369,0.75605,"Netlogo_H_16","Net_H"
"466",465,0.1876,0.02125,0.0361,0.75505,"Netlogo_H_16","Net_H"
"467",466,0.1876,0.02185,0.0364,0.75415,"Netlogo_H_16","Net_H"
"468",467,0.18765,0.0213,0.03615,0.7549,"Netlogo_H_16","Net_H"
"469",468,0.1873,0.022,0.03595,0.75475,"Netlogo_H_16","Net_H"
"470",469,0.1873,0.0218,0.03585,0.75505,"Netlogo_H_16","Net_H"
"471",470,0.18745,0.02145,0.0347,0.7564,"Netlogo_H_16","Net_H"
"472",471,0.18835,0.0205,0.0359,0.75525,"Netlogo_H_16","Net_H"
"473",472,0.1885,0.021,0.03525,0.75525,"Netlogo_H_16","Net_H"
"474",473,0.18855,0.01975,0.0362,0.7555,"Netlogo_H_16","Net_H"
"475",474,0.18915,0.01935,0.03745,0.75405,"Netlogo_H_16","Net_H"
"476",475,0.18835,0.0206,0.03745,0.7536,"Netlogo_H_16","Net_H"
"477",476,0.18845,0.02125,0.03625,0.75405,"Netlogo_H_16","Net_H"
"478",477,0.1874,0.0218,0.03615,0.75465,"Netlogo_H_16","Net_H"
"479",478,0.18685,0.02145,0.03635,0.75535,"Netlogo_H_16","Net_H"
"480",479,0.1877,0.02075,0.03675,0.7548,"Netlogo_H_16","Net_H"
"481",480,0.18755,0.0208,0.03785,0.7538,"Netlogo_H_16","Net_H"
"482",481,0.18695,0.0223,0.0373,0.75345,"Netlogo_H_16","Net_H"
"483",482,0.18685,0.02155,0.03805,0.75355,"Netlogo_H_16","Net_H"
"484",483,0.1861,0.02065,0.0396,0.75365,"Netlogo_H_16","Net_H"
"485",484,0.18715,0.0204,0.03915,0.7533,"Netlogo_H_16","Net_H"
"486",485,0.18655,0.022,0.0381,0.75335,"Netlogo_H_16","Net_H"
"487",486,0.1865,0.02165,0.038,0.75385,"Netlogo_H_16","Net_H"
"488",487,0.1867,0.02195,0.038,0.75335,"Netlogo_H_16","Net_H"
"489",488,0.18665,0.0229,0.0378,0.75265,"Netlogo_H_16","Net_H"
"490",489,0.18575,0.0231,0.03805,0.7531,"Netlogo_H_16","Net_H"
"491",490,0.185,0.0222,0.03875,0.75405,"Netlogo_H_16","Net_H"
"492",491,0.185,0.02185,0.03875,0.7544,"Netlogo_H_16","Net_H"
"493",492,0.1858,0.0214,0.03965,0.75315,"Netlogo_H_16","Net_H"
"494",493,0.18585,0.02105,0.0397,0.7534,"Netlogo_H_16","Net_H"
"495",494,0.1846,0.0221,0.03965,0.75365,"Netlogo_H_16","Net_H"
"496",495,0.1838,0.0216,0.0399,0.7547,"Netlogo_H_16","Net_H"
"497",496,0.18345,0.022,0.0396,0.75495,"Netlogo_H_16","Net_H"
"498",497,0.1832,0.02265,0.04,0.75415,"Netlogo_H_16","Net_H"
"499",498,0.1826,0.023,0.03935,0.75505,"Netlogo_H_16","Net_H"
"500",499,0.18095,0.02385,0.03915,0.75605,"Netlogo_H_16","Net_H"
"501",500,0.17915,0.02425,0.03975,0.75685,"Netlogo_H_16","Net_H"
"502",501,0.179,0.02395,0.04025,0.7568,"Netlogo_H_16","Net_H"
"503",502,0.17845,0.02325,0.0416,0.7567,"Netlogo_H_16","Net_H"
"504",503,0.1781,0.0235,0.0408,0.7576,"Netlogo_H_16","Net_H"
"505",504,0.17775,0.02245,0.042,0.7578,"Netlogo_H_16","Net_H"
"506",505,0.1783,0.02215,0.0417,0.75785,"Netlogo_H_16","Net_H"
"507",506,0.1774,0.02175,0.04295,0.7579,"Netlogo_H_16","Net_H"
"508",507,0.17775,0.022,0.04215,0.7581,"Netlogo_H_16","Net_H"
"509",508,0.1764,0.02305,0.0416,0.75895,"Netlogo_H_16","Net_H"
"510",509,0.1755,0.02335,0.04115,0.76,"Netlogo_H_16","Net_H"
"511",510,0.1757,0.02345,0.04085,0.76,"Netlogo_H_16","Net_H"
"512",511,0.17515,0.02235,0.042,0.7605,"Netlogo_H_16","Net_H"
"513",512,0.17385,0.02275,0.04185,0.76155,"Netlogo_H_16","Net_H"
"514",513,0.17375,0.0226,0.0412,0.76245,"Netlogo_H_16","Net_H"
"515",514,0.1736,0.02245,0.0412,0.76275,"Netlogo_H_16","Net_H"
"516",515,0.17395,0.02265,0.0411,0.7623,"Netlogo_H_16","Net_H"
"517",516,0.17325,0.02285,0.04105,0.76285,"Netlogo_H_16","Net_H"
"518",517,0.17275,0.0226,0.04035,0.7643,"Netlogo_H_16","Net_H"
"519",518,0.17295,0.0222,0.04115,0.7637,"Netlogo_H_16","Net_H"
"520",519,0.1725,0.0219,0.0412,0.7644,"Netlogo_H_16","Net_H"
"521",520,0.17145,0.02245,0.0415,0.7646,"Netlogo_H_16","Net_H"
"522",521,0.16945,0.0228,0.04235,0.7654,"Netlogo_H_16","Net_H"
"523",522,0.16815,0.0226,0.04225,0.767,"Netlogo_H_16","Net_H"
"524",523,0.16735,0.02275,0.0418,0.7681,"Netlogo_H_16","Net_H"
"525",524,0.168,0.0225,0.041,0.7685,"Netlogo_H_16","Net_H"
"526",525,0.16795,0.02175,0.04135,0.76895,"Netlogo_H_16","Net_H"
"527",526,0.16825,0.0216,0.04055,0.7696,"Netlogo_H_16","Net_H"
"528",527,0.16755,0.02165,0.04105,0.76975,"Netlogo_H_16","Net_H"
"529",528,0.1678,0.02075,0.04155,0.7699,"Netlogo_H_16","Net_H"
"530",529,0.1677,0.0215,0.0402,0.7706,"Netlogo_H_16","Net_H"
"531",530,0.1681,0.02125,0.04,0.77065,"Netlogo_H_16","Net_H"
"532",531,0.1674,0.0216,0.04015,0.77085,"Netlogo_H_16","Net_H"
"533",532,0.1679,0.02125,0.03945,0.7714,"Netlogo_H_16","Net_H"
"534",533,0.1677,0.02145,0.03905,0.7718,"Netlogo_H_16","Net_H"
"535",534,0.1665,0.0221,0.0388,0.7726,"Netlogo_H_16","Net_H"
"536",535,0.16755,0.02145,0.03795,0.77305,"Netlogo_H_16","Net_H"
"537",536,0.16705,0.0219,0.03775,0.7733,"Netlogo_H_16","Net_H"
"538",537,0.168,0.02175,0.0386,0.77165,"Netlogo_H_16","Net_H"
"539",538,0.1682,0.0213,0.03835,0.77215,"Netlogo_H_16","Net_H"
"540",539,0.16845,0.0207,0.03855,0.7723,"Netlogo_H_16","Net_H"
"541",540,0.16825,0.02145,0.0373,0.773,"Netlogo_H_16","Net_H"
"542",541,0.16825,0.01995,0.0385,0.7733,"Netlogo_H_16","Net_H"
"543",542,0.1678,0.0206,0.03825,0.77335,"Netlogo_H_16","Net_H"
"544",543,0.16905,0.02085,0.0376,0.7725,"Netlogo_H_16","Net_H"
"545",544,0.1693,0.01965,0.03765,0.7734,"Netlogo_H_16","Net_H"
"546",545,0.17065,0.0191,0.0377,0.77255,"Netlogo_H_16","Net_H"
"547",546,0.1715,0.01975,0.03735,0.7714,"Netlogo_H_16","Net_H"
"548",547,0.1717,0.02075,0.03775,0.7698,"Netlogo_H_16","Net_H"
"549",548,0.17015,0.02065,0.03765,0.77155,"Netlogo_H_16","Net_H"
"550",549,0.17055,0.02,0.0373,0.77215,"Netlogo_H_16","Net_H"
"551",550,0.17055,0.0194,0.03755,0.7725,"Netlogo_H_16","Net_H"
"552",551,0.17075,0.01975,0.0372,0.7723,"Netlogo_H_16","Net_H"
"553",552,0.1718,0.0186,0.0373,0.7723,"Netlogo_H_16","Net_H"
"554",553,0.17195,0.0176,0.03805,0.7724,"Netlogo_H_16","Net_H"
"555",554,0.172,0.01765,0.0381,0.77225,"Netlogo_H_16","Net_H"
"556",555,0.1722,0.0183,0.0375,0.772,"Netlogo_H_16","Net_H"
"557",556,0.1724,0.01895,0.0364,0.77225,"Netlogo_H_16","Net_H"
"558",557,0.17265,0.01865,0.03545,0.77325,"Netlogo_H_16","Net_H"
"559",558,0.1734,0.01865,0.0355,0.77245,"Netlogo_H_16","Net_H"
"560",559,0.17295,0.0188,0.03515,0.7731,"Netlogo_H_16","Net_H"
"561",560,0.1732,0.0189,0.03495,0.77295,"Netlogo_H_16","Net_H"
"562",561,0.17385,0.0196,0.03445,0.7721,"Netlogo_H_16","Net_H"
"563",562,0.1734,0.0197,0.0342,0.7727,"Netlogo_H_16","Net_H"
"564",563,0.17495,0.0193,0.0342,0.77155,"Netlogo_H_16","Net_H"
"565",564,0.17475,0.0186,0.0353,0.77135,"Netlogo_H_16","Net_H"
"566",565,0.1746,0.01895,0.03535,0.7711,"Netlogo_H_16","Net_H"
"567",566,0.1749,0.0192,0.03505,0.77085,"Netlogo_H_16","Net_H"
"568",567,0.17605,0.0194,0.03515,0.7694,"Netlogo_H_16","Net_H"
"569",568,0.17695,0.01865,0.0355,0.7689,"Netlogo_H_16","Net_H"
"570",569,0.17715,0.01895,0.0357,0.7682,"Netlogo_H_16","Net_H"
"571",570,0.1784,0.019,0.03525,0.76735,"Netlogo_H_16","Net_H"
"572",571,0.17905,0.0189,0.0345,0.76755,"Netlogo_H_16","Net_H"
"573",572,0.17975,0.01835,0.03525,0.76665,"Netlogo_H_16","Net_H"
"574",573,0.17985,0.0193,0.0346,0.76625,"Netlogo_H_16","Net_H"
"575",574,0.1806,0.0186,0.034,0.7668,"Netlogo_H_16","Net_H"
"576",575,0.18,0.01935,0.03395,0.7667,"Netlogo_H_16","Net_H"
"577",576,0.17885,0.02015,0.0347,0.7663,"Netlogo_H_16","Net_H"
"578",577,0.17925,0.02,0.0353,0.76545,"Netlogo_H_16","Net_H"
"579",578,0.17945,0.0194,0.0363,0.76485,"Netlogo_H_16","Net_H"
"580",579,0.18035,0.0196,0.0364,0.76365,"Netlogo_H_16","Net_H"
"581",580,0.1801,0.01965,0.0362,0.76405,"Netlogo_H_16","Net_H"
"582",581,0.18075,0.02045,0.0353,0.7635,"Netlogo_H_16","Net_H"
"583",582,0.18035,0.02165,0.03475,0.76325,"Netlogo_H_16","Net_H"
"584",583,0.18265,0.02105,0.0354,0.7609,"Netlogo_H_16","Net_H"
"585",584,0.1832,0.0216,0.03535,0.75985,"Netlogo_H_16","Net_H"
"586",585,0.1833,0.02205,0.03575,0.7589,"Netlogo_H_16","Net_H"
"587",586,0.1842,0.02115,0.03605,0.7586,"Netlogo_H_16","Net_H"
"588",587,0.1847,0.0217,0.03575,0.75785,"Netlogo_H_16","Net_H"
"589",588,0.18475,0.02095,0.0361,0.7582,"Netlogo_H_16","Net_H"
"590",589,0.1846,0.02085,0.0357,0.75885,"Netlogo_H_16","Net_H"
"591",590,0.1854,0.0206,0.036,0.758,"Netlogo_H_16","Net_H"
"592",591,0.18365,0.0212,0.0357,0.75945,"Netlogo_H_16","Net_H"
"593",592,0.1843,0.0199,0.03575,0.76005,"Netlogo_H_16","Net_H"
"594",593,0.18505,0.01935,0.03675,0.75885,"Netlogo_H_16","Net_H"
"595",594,0.1848,0.0204,0.03635,0.75845,"Netlogo_H_16","Net_H"
"596",595,0.1846,0.02085,0.03525,0.7593,"Netlogo_H_16","Net_H"
"597",596,0.18455,0.0207,0.03585,0.7589,"Netlogo_H_16","Net_H"
"598",597,0.1847,0.02055,0.0359,0.75885,"Netlogo_H_16","Net_H"
"599",598,0.18355,0.0211,0.0361,0.75925,"Netlogo_H_16","Net_H"
"600",599,0.18405,0.02095,0.03575,0.75925,"Netlogo_H_16","Net_H"
"601",600,0.1848,0.0208,0.0363,0.7581,"Netlogo_H_16","Net_H"
"602",601,0.18565,0.02025,0.03685,0.75725,"Netlogo_H_16","Net_H"
"603",602,0.18415,0.02275,0.0353,0.7578,"Netlogo_H_16","Net_H"
"604",603,0.18435,0.0222,0.03565,0.7578,"Netlogo_H_16","Net_H"
"605",604,0.18375,0.02145,0.03725,0.75755,"Netlogo_H_16","Net_H"
"606",605,0.18335,0.02165,0.0372,0.7578,"Netlogo_H_16","Net_H"
"607",606,0.18395,0.02205,0.0379,0.7561,"Netlogo_H_16","Net_H"
"608",607,0.1837,0.0213,0.0382,0.7568,"Netlogo_H_16","Net_H"
"609",608,0.18455,0.02095,0.03745,0.75705,"Netlogo_H_16","Net_H"
"610",609,0.1842,0.0211,0.03685,0.75785,"Netlogo_H_16","Net_H"
"611",610,0.1828,0.0214,0.03745,0.75835,"Netlogo_H_16","Net_H"
"612",611,0.18175,0.02125,0.0375,0.7595,"Netlogo_H_16","Net_H"
"613",612,0.18125,0.0222,0.03725,0.7593,"Netlogo_H_16","Net_H"
"614",613,0.1798,0.02265,0.03755,0.76,"Netlogo_H_16","Net_H"
"615",614,0.1796,0.02175,0.0382,0.76045,"Netlogo_H_16","Net_H"
"616",615,0.18015,0.02125,0.0381,0.7605,"Netlogo_H_16","Net_H"
"617",616,0.18095,0.0204,0.03785,0.7608,"Netlogo_H_16","Net_H"
"618",617,0.1814,0.0209,0.0371,0.7606,"Netlogo_H_16","Net_H"
"619",618,0.18275,0.0201,0.0375,0.75965,"Netlogo_H_16","Net_H"
"620",619,0.1822,0.02165,0.03715,0.759,"Netlogo_H_16","Net_H"
"621",620,0.18175,0.0227,0.0362,0.75935,"Netlogo_H_16","Net_H"
"622",621,0.1823,0.02275,0.0362,0.75875,"Netlogo_H_16","Net_H"
"623",622,0.18265,0.0212,0.03775,0.7584,"Netlogo_H_16","Net_H"
"624",623,0.182,0.02205,0.0379,0.75805,"Netlogo_H_16","Net_H"
"625",624,0.18215,0.0228,0.0378,0.75725,"Netlogo_H_16","Net_H"
"626",625,0.18295,0.0219,0.0379,0.75725,"Netlogo_H_16","Net_H"
"627",626,0.18265,0.02145,0.03925,0.75665,"Netlogo_H_16","Net_H"
"628",627,0.18205,0.0224,0.0391,0.75645,"Netlogo_H_16","Net_H"
"629",628,0.18155,0.02335,0.0387,0.7564,"Netlogo_H_16","Net_H"
"630",629,0.18125,0.02345,0.0396,0.7557,"Netlogo_H_16","Net_H"
"631",630,0.1806,0.0227,0.04015,0.75655,"Netlogo_H_16","Net_H"
