"","step","S","E","I","R","simu","Langage"
"1",0,0.999,0,0.001,0,"Netlogo_H_28","Net_H"
"2",1,0.9988,2e-04,0.001,0,"Netlogo_H_28","Net_H"
"3",2,0.99755,0.00145,0.001,0,"Netlogo_H_28","Net_H"
"4",3,0.9969,0.00205,9e-04,0.00015,"Netlogo_H_28","Net_H"
"5",4,0.9962,0.00225,0.00135,2e-04,"Netlogo_H_28","Net_H"
"6",5,0.9955,0.00255,0.0017,0.00025,"Netlogo_H_28","Net_H"
"7",6,0.99445,0.00305,0.0021,4e-04,"Netlogo_H_28","Net_H"
"8",7,0.99285,0.00425,0.00225,0.00065,"Netlogo_H_28","Net_H"
"9",8,0.9915,0.0047,0.0029,9e-04,"Netlogo_H_28","Net_H"
"10",9,0.98985,0.00525,0.00365,0.00125,"Netlogo_H_28","Net_H"
"11",10,0.98665,0.0076,0.004,0.00175,"Netlogo_H_28","Net_H"
"12",11,0.98445,0.0083,0.00525,0.002,"Netlogo_H_28","Net_H"
"13",12,0.9802,0.01065,0.0067,0.00245,"Netlogo_H_28","Net_H"
"14",13,0.97485,0.014,0.0081,0.00305,"Netlogo_H_28","Net_H"
"15",14,0.96855,0.0179,0.00955,0.004,"Netlogo_H_28","Net_H"
"16",15,0.96265,0.0206,0.01205,0.0047,"Netlogo_H_28","Net_H"
"17",16,0.954,0.0252,0.015,0.0058,"Netlogo_H_28","Net_H"
"18",17,0.9448,0.03,0.01815,0.00705,"Netlogo_H_28","Net_H"
"19",18,0.93335,0.0362,0.0212,0.00925,"Netlogo_H_28","Net_H"
"20",19,0.92075,0.042,0.02635,0.0109,"Netlogo_H_28","Net_H"
"21",20,0.90315,0.0514,0.03195,0.0135,"Netlogo_H_28","Net_H"
"22",21,0.8827,0.06215,0.03815,0.017,"Netlogo_H_28","Net_H"
"23",22,0.8578,0.0753,0.0465,0.0204,"Netlogo_H_28","Net_H"
"24",23,0.8311,0.08845,0.05505,0.0254,"Netlogo_H_28","Net_H"
"25",24,0.80265,0.09925,0.0678,0.0303,"Netlogo_H_28","Net_H"
"26",25,0.76585,0.1163,0.08165,0.0362,"Netlogo_H_28","Net_H"
"27",26,0.72465,0.1358,0.0955,0.04405,"Netlogo_H_28","Net_H"
"28",27,0.67785,0.1573,0.11105,0.0538,"Netlogo_H_28","Net_H"
"29",28,0.62735,0.1767,0.1315,0.06445,"Netlogo_H_28","Net_H"
"30",29,0.57215,0.19685,0.1541,0.0769,"Netlogo_H_28","Net_H"
"31",30,0.5141,0.21585,0.1775,0.09255,"Netlogo_H_28","Net_H"
"32",31,0.4561,0.22865,0.20305,0.1122,"Netlogo_H_28","Net_H"
"33",32,0.39435,0.2401,0.2345,0.13105,"Netlogo_H_28","Net_H"
"34",33,0.33535,0.24865,0.25975,0.15625,"Netlogo_H_28","Net_H"
"35",34,0.27935,0.25055,0.28535,0.18475,"Netlogo_H_28","Net_H"
"36",35,0.2259,0.2507,0.3094,0.214,"Netlogo_H_28","Net_H"
"37",36,0.18215,0.23735,0.33215,0.24835,"Netlogo_H_28","Net_H"
"38",37,0.145,0.2207,0.3488,0.2855,"Netlogo_H_28","Net_H"
"39",38,0.11515,0.1969,0.3627,0.32525,"Netlogo_H_28","Net_H"
"40",39,0.08925,0.1769,0.3667,0.36715,"Netlogo_H_28","Net_H"
"41",40,0.0717,0.15235,0.3666,0.40935,"Netlogo_H_28","Net_H"
"42",41,0.05665,0.1302,0.3588,0.45435,"Netlogo_H_28","Net_H"
"43",42,0.04675,0.1068,0.35145,0.495,"Netlogo_H_28","Net_H"
"44",43,0.0391,0.08905,0.33345,0.5384,"Netlogo_H_28","Net_H"
"45",44,0.03275,0.07415,0.31535,0.57775,"Netlogo_H_28","Net_H"
"46",45,0.0282,0.06125,0.29585,0.6147,"Netlogo_H_28","Net_H"
"47",46,0.0248,0.0511,0.27365,0.65045,"Netlogo_H_28","Net_H"
"48",47,0.02275,0.04135,0.25125,0.68465,"Netlogo_H_28","Net_H"
"49",48,0.021,0.03535,0.22915,0.7145,"Netlogo_H_28","Net_H"
"50",49,0.01995,0.02925,0.2068,0.744,"Netlogo_H_28","Net_H"
"51",50,0.0199,0.0242,0.18765,0.76825,"Netlogo_H_28","Net_H"
"52",51,0.0198,0.02085,0.17095,0.7884,"Netlogo_H_28","Net_H"
"53",52,0.0194,0.01815,0.15505,0.8074,"Netlogo_H_28","Net_H"
"54",53,0.0199,0.01555,0.13895,0.8256,"Netlogo_H_28","Net_H"
"55",54,0.02025,0.0136,0.1257,0.84045,"Netlogo_H_28","Net_H"
"56",55,0.0208,0.01195,0.11175,0.8555,"Netlogo_H_28","Net_H"
"57",56,0.02185,0.0106,0.09995,0.8676,"Netlogo_H_28","Net_H"
"58",57,0.02335,0.00975,0.0893,0.8776,"Netlogo_H_28","Net_H"
"59",58,0.0253,0.008,0.0801,0.8866,"Netlogo_H_28","Net_H"
"60",59,0.028,0.0064,0.07125,0.89435,"Netlogo_H_28","Net_H"
"61",60,0.0304,0.00595,0.06325,0.9004,"Netlogo_H_28","Net_H"
"62",61,0.0321,0.0058,0.0564,0.9057,"Netlogo_H_28","Net_H"
"63",62,0.03485,0.0055,0.0507,0.90895,"Netlogo_H_28","Net_H"
"64",63,0.03705,0.0052,0.04565,0.9121,"Netlogo_H_28","Net_H"
"65",64,0.03875,0.00485,0.04015,0.91625,"Netlogo_H_28","Net_H"
"66",65,0.04145,0.0045,0.03585,0.9182,"Netlogo_H_28","Net_H"
"67",66,0.0434,0.0047,0.0315,0.9204,"Netlogo_H_28","Net_H"
"68",67,0.04585,0.0044,0.02945,0.9203,"Netlogo_H_28","Net_H"
"69",68,0.0492,0.0042,0.0265,0.9201,"Netlogo_H_28","Net_H"
"70",69,0.05125,0.00425,0.0236,0.9209,"Netlogo_H_28","Net_H"
"71",70,0.05425,0.00385,0.0212,0.9207,"Netlogo_H_28","Net_H"
"72",71,0.0565,0.00375,0.01845,0.9213,"Netlogo_H_28","Net_H"
"73",72,0.0589,0.0034,0.0168,0.9209,"Netlogo_H_28","Net_H"
"74",73,0.06155,0.0031,0.01535,0.92,"Netlogo_H_28","Net_H"
"75",74,0.06385,0.00285,0.01395,0.91935,"Netlogo_H_28","Net_H"
"76",75,0.06645,0.00285,0.01305,0.91765,"Netlogo_H_28","Net_H"
"77",76,0.069,0.00295,0.01165,0.9164,"Netlogo_H_28","Net_H"
"78",77,0.0714,0.00315,0.0108,0.91465,"Netlogo_H_28","Net_H"
"79",78,0.0742,0.00265,0.0105,0.91265,"Netlogo_H_28","Net_H"
"80",79,0.07665,0.00285,0.0098,0.9107,"Netlogo_H_28","Net_H"
"81",80,0.07885,0.00265,0.0088,0.9097,"Netlogo_H_28","Net_H"
"82",81,0.0814,0.002,0.00845,0.90815,"Netlogo_H_28","Net_H"
"83",82,0.0844,0.002,0.00815,0.90545,"Netlogo_H_28","Net_H"
"84",83,0.0868,0.00195,0.00735,0.9039,"Netlogo_H_28","Net_H"
"85",84,0.08915,0.00185,0.0068,0.9022,"Netlogo_H_28","Net_H"
"86",85,0.0916,0.00175,0.006,0.90065,"Netlogo_H_28","Net_H"
"87",86,0.0943,0.0016,0.0057,0.8984,"Netlogo_H_28","Net_H"
"88",87,0.0967,0.0017,0.00555,0.89605,"Netlogo_H_28","Net_H"
"89",88,0.0994,0.00185,0.0052,0.89355,"Netlogo_H_28","Net_H"
"90",89,0.1026,0.00175,0.0051,0.89055,"Netlogo_H_28","Net_H"
"91",90,0.10495,0.00175,0.00505,0.88825,"Netlogo_H_28","Net_H"
"92",91,0.10665,0.00135,0.00535,0.88665,"Netlogo_H_28","Net_H"
"93",92,0.10875,0.0014,0.00515,0.8847,"Netlogo_H_28","Net_H"
"94",93,0.1111,0.0016,0.00485,0.88245,"Netlogo_H_28","Net_H"
"95",94,0.1138,0.00145,0.0046,0.88015,"Netlogo_H_28","Net_H"
"96",95,0.11645,0.00155,0.0043,0.8777,"Netlogo_H_28","Net_H"
"97",96,0.1186,0.0014,0.0043,0.8757,"Netlogo_H_28","Net_H"
"98",97,0.12125,0.00145,0.00355,0.87375,"Netlogo_H_28","Net_H"
"99",98,0.12375,0.00125,0.00335,0.87165,"Netlogo_H_28","Net_H"
"100",99,0.12625,0.00125,0.0031,0.8694,"Netlogo_H_28","Net_H"
"101",100,0.12825,0.0012,0.00295,0.8676,"Netlogo_H_28","Net_H"
"102",101,0.13085,0.0012,0.0029,0.86505,"Netlogo_H_28","Net_H"
"103",102,0.13395,7e-04,0.003,0.86235,"Netlogo_H_28","Net_H"
"104",103,0.13635,0.00095,0.0028,0.8599,"Netlogo_H_28","Net_H"
"105",104,0.13825,0.00085,0.00265,0.85825,"Netlogo_H_28","Net_H"
"106",105,0.14065,0.00085,0.00255,0.85595,"Netlogo_H_28","Net_H"
"107",106,0.1434,9e-04,0.00205,0.85365,"Netlogo_H_28","Net_H"
"108",107,0.1456,0.00095,0.00195,0.8515,"Netlogo_H_28","Net_H"
"109",108,0.14845,6e-04,0.00205,0.8489,"Netlogo_H_28","Net_H"
"110",109,0.1504,0.00075,0.0018,0.84705,"Netlogo_H_28","Net_H"
"111",110,0.15285,0.001,0.00175,0.8444,"Netlogo_H_28","Net_H"
"112",111,0.15585,9e-04,0.00155,0.8417,"Netlogo_H_28","Net_H"
"113",112,0.158,0.001,0.00175,0.83925,"Netlogo_H_28","Net_H"
"114",113,0.16085,0.00075,0.002,0.8364,"Netlogo_H_28","Net_H"
"115",114,0.16265,7e-04,0.002,0.83465,"Netlogo_H_28","Net_H"
"116",115,0.16545,8e-04,0.00195,0.8318,"Netlogo_H_28","Net_H"
"117",116,0.16795,7e-04,0.00205,0.8293,"Netlogo_H_28","Net_H"
"118",117,0.17025,0.00095,0.00205,0.82675,"Netlogo_H_28","Net_H"
"119",118,0.1725,9e-04,0.00195,0.82465,"Netlogo_H_28","Net_H"
"120",119,0.1752,0.00075,0.002,0.82205,"Netlogo_H_28","Net_H"
"121",120,0.1777,7e-04,0.0021,0.8195,"Netlogo_H_28","Net_H"
"122",121,0.1801,9e-04,0.00195,0.81705,"Netlogo_H_28","Net_H"
"123",122,0.182,0.00095,0.00205,0.815,"Netlogo_H_28","Net_H"
"124",123,0.18375,0.0012,0.002,0.81305,"Netlogo_H_28","Net_H"
"125",124,0.18555,0.00135,0.00185,0.81125,"Netlogo_H_28","Net_H"
"126",125,0.18815,0.0012,0.0018,0.80885,"Netlogo_H_28","Net_H"
"127",126,0.1908,0.0011,0.00195,0.80615,"Netlogo_H_28","Net_H"
"128",127,0.1931,0.0011,0.00165,0.80415,"Netlogo_H_28","Net_H"
"129",128,0.19525,9e-04,0.00195,0.8019,"Netlogo_H_28","Net_H"
"130",129,0.198,0.00095,0.0017,0.79935,"Netlogo_H_28","Net_H"
"131",130,0.20085,0.00105,0.0016,0.7965,"Netlogo_H_28","Net_H"
"132",131,0.20335,9e-04,0.00145,0.7943,"Netlogo_H_28","Net_H"
"133",132,0.2049,0.00085,0.00165,0.7926,"Netlogo_H_28","Net_H"
"134",133,0.2071,0.00085,0.00165,0.7904,"Netlogo_H_28","Net_H"
"135",134,0.2093,0.00095,0.00135,0.7884,"Netlogo_H_28","Net_H"
"136",135,0.21185,0.00075,0.00145,0.78595,"Netlogo_H_28","Net_H"
"137",136,0.21385,0.00085,0.0015,0.7838,"Netlogo_H_28","Net_H"
"138",137,0.2156,9e-04,0.00145,0.78205,"Netlogo_H_28","Net_H"
"139",138,0.21785,9e-04,0.0015,0.77975,"Netlogo_H_28","Net_H"
"140",139,0.2198,0.001,0.0013,0.7779,"Netlogo_H_28","Net_H"
"141",140,0.22175,0.001,0.0013,0.77595,"Netlogo_H_28","Net_H"
"142",141,0.22365,9e-04,0.00145,0.774,"Netlogo_H_28","Net_H"
"143",142,0.2262,0.00085,0.00145,0.7715,"Netlogo_H_28","Net_H"
"144",143,0.2273,0.00125,0.0013,0.77015,"Netlogo_H_28","Net_H"
"145",144,0.2288,0.0015,0.00125,0.76845,"Netlogo_H_28","Net_H"
"146",145,0.23095,0.00125,0.00155,0.76625,"Netlogo_H_28","Net_H"
"147",146,0.23325,0.00105,0.00175,0.76395,"Netlogo_H_28","Net_H"
"148",147,0.23465,0.0013,0.0018,0.76225,"Netlogo_H_28","Net_H"
"149",148,0.23705,0.0013,0.0016,0.76005,"Netlogo_H_28","Net_H"
"150",149,0.2387,0.0012,0.00195,0.75815,"Netlogo_H_28","Net_H"
"151",150,0.24065,0.0012,0.0018,0.75635,"Netlogo_H_28","Net_H"
"152",151,0.24305,0.00135,0.0018,0.7538,"Netlogo_H_28","Net_H"
"153",152,0.245,0.0015,0.0019,0.7516,"Netlogo_H_28","Net_H"
"154",153,0.2468,0.00145,0.0019,0.74985,"Netlogo_H_28","Net_H"
"155",154,0.2484,0.00145,0.0019,0.74825,"Netlogo_H_28","Net_H"
"156",155,0.2507,0.00125,0.00195,0.7461,"Netlogo_H_28","Net_H"
"157",156,0.25245,0.00135,0.00195,0.74425,"Netlogo_H_28","Net_H"
"158",157,0.25455,0.0016,0.00185,0.742,"Netlogo_H_28","Net_H"
"159",158,0.25635,0.00165,0.00195,0.74005,"Netlogo_H_28","Net_H"
"160",159,0.25875,0.00165,0.00215,0.73745,"Netlogo_H_28","Net_H"
"161",160,0.26055,0.00145,0.0022,0.7358,"Netlogo_H_28","Net_H"
"162",161,0.26265,0.00165,0.00225,0.73345,"Netlogo_H_28","Net_H"
"163",162,0.26425,0.0018,0.0022,0.73175,"Netlogo_H_28","Net_H"
"164",163,0.26595,0.00195,0.0022,0.7299,"Netlogo_H_28","Net_H"
"165",164,0.26755,0.00165,0.0025,0.7283,"Netlogo_H_28","Net_H"
"166",165,0.26875,0.00175,0.00235,0.72715,"Netlogo_H_28","Net_H"
"167",166,0.27025,0.0015,0.0024,0.72585,"Netlogo_H_28","Net_H"
"168",167,0.27255,0.00135,0.0024,0.7237,"Netlogo_H_28","Net_H"
"169",168,0.27405,0.0013,0.00275,0.7219,"Netlogo_H_28","Net_H"
"170",169,0.2764,0.00145,0.00265,0.7195,"Netlogo_H_28","Net_H"
"171",170,0.27805,0.00135,0.00255,0.71805,"Netlogo_H_28","Net_H"
"172",171,0.2788,0.0017,0.00235,0.71715,"Netlogo_H_28","Net_H"
"173",172,0.281,0.00185,0.0024,0.71475,"Netlogo_H_28","Net_H"
"174",173,0.283,0.0016,0.00265,0.71275,"Netlogo_H_28","Net_H"
"175",174,0.2847,0.00165,0.00285,0.7108,"Netlogo_H_28","Net_H"
"176",175,0.2868,0.00185,0.00275,0.7086,"Netlogo_H_28","Net_H"
"177",176,0.28865,0.00205,0.00275,0.70655,"Netlogo_H_28","Net_H"
"178",177,0.2901,0.0022,0.0029,0.7048,"Netlogo_H_28","Net_H"
"179",178,0.29125,0.00205,0.00305,0.70365,"Netlogo_H_28","Net_H"
"180",179,0.2925,0.0024,0.003,0.7021,"Netlogo_H_28","Net_H"
"181",180,0.294,0.00255,0.0029,0.70055,"Netlogo_H_28","Net_H"
"182",181,0.29525,0.0026,0.00315,0.699,"Netlogo_H_28","Net_H"
"183",182,0.29615,0.0029,0.00345,0.6975,"Netlogo_H_28","Net_H"
"184",183,0.29815,0.00305,0.00385,0.69495,"Netlogo_H_28","Net_H"
"185",184,0.29905,0.0036,0.00405,0.6933,"Netlogo_H_28","Net_H"
"186",185,0.29965,0.00365,0.0045,0.6922,"Netlogo_H_28","Net_H"
"187",186,0.3013,0.00375,0.0049,0.69005,"Netlogo_H_28","Net_H"
"188",187,0.3017,0.0043,0.0051,0.6889,"Netlogo_H_28","Net_H"
"189",188,0.3035,0.0043,0.00555,0.68665,"Netlogo_H_28","Net_H"
"190",189,0.3038,0.0044,0.006,0.6858,"Netlogo_H_28","Net_H"
"191",190,0.3047,0.00465,0.0063,0.68435,"Netlogo_H_28","Net_H"
"192",191,0.3053,0.00505,0.00645,0.6832,"Netlogo_H_28","Net_H"
"193",192,0.30575,0.00605,0.0064,0.6818,"Netlogo_H_28","Net_H"
"194",193,0.30615,0.0064,0.007,0.68045,"Netlogo_H_28","Net_H"
"195",194,0.307,0.0065,0.0078,0.6787,"Netlogo_H_28","Net_H"
"196",195,0.30735,0.0069,0.00805,0.6777,"Netlogo_H_28","Net_H"
"197",196,0.30775,0.0071,0.00785,0.6773,"Netlogo_H_28","Net_H"
"198",197,0.30885,0.00625,0.00885,0.67605,"Netlogo_H_28","Net_H"
"199",198,0.30875,0.00675,0.0094,0.6751,"Netlogo_H_28","Net_H"
"200",199,0.30925,0.00705,0.0095,0.6742,"Netlogo_H_28","Net_H"
"201",200,0.3097,0.0067,0.01035,0.67325,"Netlogo_H_28","Net_H"
"202",201,0.3095,0.00675,0.01115,0.6726,"Netlogo_H_28","Net_H"
"203",202,0.3088,0.0073,0.0112,0.6727,"Netlogo_H_28","Net_H"
"204",203,0.30805,0.0089,0.01105,0.672,"Netlogo_H_28","Net_H"
"205",204,0.308,0.0097,0.0114,0.6709,"Netlogo_H_28","Net_H"
"206",205,0.30745,0.01035,0.0121,0.6701,"Netlogo_H_28","Net_H"
"207",206,0.3077,0.0103,0.01315,0.66885,"Netlogo_H_28","Net_H"
"208",207,0.30795,0.0097,0.0142,0.66815,"Netlogo_H_28","Net_H"
"209",208,0.30705,0.01055,0.015,0.6674,"Netlogo_H_28","Net_H"
"210",209,0.3069,0.01125,0.0154,0.66645,"Netlogo_H_28","Net_H"
"211",210,0.30615,0.01135,0.0164,0.6661,"Netlogo_H_28","Net_H"
"212",211,0.30455,0.0125,0.0164,0.66655,"Netlogo_H_28","Net_H"
"213",212,0.30325,0.0133,0.01685,0.6666,"Netlogo_H_28","Net_H"
"214",213,0.30165,0.01435,0.01795,0.66605,"Netlogo_H_28","Net_H"
"215",214,0.2999,0.0156,0.01865,0.66585,"Netlogo_H_28","Net_H"
"216",215,0.2977,0.0165,0.0199,0.6659,"Netlogo_H_28","Net_H"
"217",216,0.29555,0.0175,0.0205,0.66645,"Netlogo_H_28","Net_H"
"218",217,0.2934,0.01785,0.02195,0.6668,"Netlogo_H_28","Net_H"
"219",218,0.29085,0.01855,0.02265,0.66795,"Netlogo_H_28","Net_H"
"220",219,0.28865,0.01935,0.0246,0.6674,"Netlogo_H_28","Net_H"
"221",220,0.2863,0.0187,0.02705,0.66795,"Netlogo_H_28","Net_H"
"222",221,0.2828,0.0204,0.0278,0.669,"Netlogo_H_28","Net_H"
"223",222,0.28015,0.02125,0.0292,0.6694,"Netlogo_H_28","Net_H"
"224",223,0.27735,0.02235,0.0296,0.6707,"Netlogo_H_28","Net_H"
"225",224,0.27475,0.0231,0.03015,0.672,"Netlogo_H_28","Net_H"
"226",225,0.27085,0.02435,0.03125,0.67355,"Netlogo_H_28","Net_H"
"227",226,0.26705,0.02515,0.0328,0.675,"Netlogo_H_28","Net_H"
"228",227,0.26215,0.02725,0.0341,0.6765,"Netlogo_H_28","Net_H"
"229",228,0.25765,0.0288,0.0356,0.67795,"Netlogo_H_28","Net_H"
"230",229,0.2541,0.02915,0.0368,0.67995,"Netlogo_H_28","Net_H"
"231",230,0.24975,0.0288,0.03965,0.6818,"Netlogo_H_28","Net_H"
"232",231,0.2455,0.0286,0.0422,0.6837,"Netlogo_H_28","Net_H"
"233",232,0.2417,0.0285,0.04325,0.68655,"Netlogo_H_28","Net_H"
"234",233,0.2361,0.02945,0.04495,0.6895,"Netlogo_H_28","Net_H"
"235",234,0.2313,0.0303,0.04535,0.69305,"Netlogo_H_28","Net_H"
"236",235,0.22675,0.0313,0.04645,0.6955,"Netlogo_H_28","Net_H"
"237",236,0.22145,0.0327,0.0471,0.69875,"Netlogo_H_28","Net_H"
"238",237,0.2167,0.03285,0.04855,0.7019,"Netlogo_H_28","Net_H"
"239",238,0.2124,0.0326,0.0487,0.7063,"Netlogo_H_28","Net_H"
"240",239,0.2085,0.03115,0.0508,0.70955,"Netlogo_H_28","Net_H"
"241",240,0.2048,0.03035,0.05165,0.7132,"Netlogo_H_28","Net_H"
"242",241,0.2009,0.03025,0.05165,0.7172,"Netlogo_H_28","Net_H"
"243",242,0.19685,0.0297,0.0529,0.72055,"Netlogo_H_28","Net_H"
"244",243,0.19335,0.0295,0.05365,0.7235,"Netlogo_H_28","Net_H"
"245",244,0.1888,0.03055,0.0536,0.72705,"Netlogo_H_28","Net_H"
"246",245,0.1845,0.03115,0.0535,0.73085,"Netlogo_H_28","Net_H"
"247",246,0.18045,0.03125,0.05355,0.73475,"Netlogo_H_28","Net_H"
"248",247,0.17785,0.0306,0.0533,0.73825,"Netlogo_H_28","Net_H"
"249",248,0.1752,0.0291,0.05365,0.74205,"Netlogo_H_28","Net_H"
"250",249,0.17085,0.0301,0.05315,0.7459,"Netlogo_H_28","Net_H"
"251",250,0.16835,0.02965,0.0529,0.7491,"Netlogo_H_28","Net_H"
"252",251,0.16465,0.0285,0.05475,0.7521,"Netlogo_H_28","Net_H"
"253",252,0.1629,0.02595,0.0559,0.75525,"Netlogo_H_28","Net_H"
"254",253,0.1594,0.0268,0.0555,0.7583,"Netlogo_H_28","Net_H"
"255",254,0.1564,0.02755,0.05465,0.7614,"Netlogo_H_28","Net_H"
"256",255,0.15515,0.0268,0.05335,0.7647,"Netlogo_H_28","Net_H"
"257",256,0.15325,0.02535,0.05365,0.76775,"Netlogo_H_28","Net_H"
"258",257,0.15115,0.0246,0.0535,0.77075,"Netlogo_H_28","Net_H"
"259",258,0.1493,0.02455,0.05195,0.7742,"Netlogo_H_28","Net_H"
"260",259,0.14835,0.02435,0.05175,0.77555,"Netlogo_H_28","Net_H"
"261",260,0.1464,0.02405,0.05065,0.7789,"Netlogo_H_28","Net_H"
"262",261,0.1452,0.0238,0.0495,0.7815,"Netlogo_H_28","Net_H"
"263",262,0.14425,0.0235,0.04835,0.7839,"Netlogo_H_28","Net_H"
"264",263,0.1435,0.0229,0.04675,0.78685,"Netlogo_H_28","Net_H"
"265",264,0.14195,0.0218,0.0464,0.78985,"Netlogo_H_28","Net_H"
"266",265,0.14075,0.02135,0.04525,0.79265,"Netlogo_H_28","Net_H"
"267",266,0.13955,0.02075,0.04455,0.79515,"Netlogo_H_28","Net_H"
"268",267,0.1382,0.02035,0.0442,0.79725,"Netlogo_H_28","Net_H"
"269",268,0.1379,0.01965,0.043,0.79945,"Netlogo_H_28","Net_H"
"270",269,0.13805,0.0192,0.0424,0.80035,"Netlogo_H_28","Net_H"
"271",270,0.13755,0.0186,0.0425,0.80135,"Netlogo_H_28","Net_H"
"272",271,0.1393,0.01795,0.04155,0.8012,"Netlogo_H_28","Net_H"
"273",272,0.1395,0.01725,0.04095,0.8023,"Netlogo_H_28","Net_H"
"274",273,0.13875,0.01815,0.0392,0.8039,"Netlogo_H_28","Net_H"
"275",274,0.1397,0.0176,0.03775,0.80495,"Netlogo_H_28","Net_H"
"276",275,0.1399,0.0175,0.03675,0.80585,"Netlogo_H_28","Net_H"
"277",276,0.14065,0.017,0.03595,0.8064,"Netlogo_H_28","Net_H"
"278",277,0.14145,0.01635,0.0351,0.8071,"Netlogo_H_28","Net_H"
"279",278,0.1428,0.0156,0.03365,0.80795,"Netlogo_H_28","Net_H"
"280",279,0.1421,0.0156,0.03365,0.80865,"Netlogo_H_28","Net_H"
"281",280,0.14275,0.0152,0.0334,0.80865,"Netlogo_H_28","Net_H"
"282",281,0.1437,0.0143,0.0331,0.8089,"Netlogo_H_28","Net_H"
"283",282,0.14395,0.0144,0.03245,0.8092,"Netlogo_H_28","Net_H"
"284",283,0.1455,0.0148,0.0305,0.8092,"Netlogo_H_28","Net_H"
"285",284,0.14705,0.0143,0.03015,0.8085,"Netlogo_H_28","Net_H"
"286",285,0.14835,0.01325,0.03015,0.80825,"Netlogo_H_28","Net_H"
"287",286,0.14885,0.0133,0.03085,0.807,"Netlogo_H_28","Net_H"
"288",287,0.15025,0.0132,0.0297,0.80685,"Netlogo_H_28","Net_H"
"289",288,0.1505,0.01365,0.0288,0.80705,"Netlogo_H_28","Net_H"
"290",289,0.1504,0.0134,0.02795,0.80825,"Netlogo_H_28","Net_H"
"291",290,0.1517,0.01355,0.02775,0.807,"Netlogo_H_28","Net_H"
"292",291,0.15275,0.0132,0.02775,0.8063,"Netlogo_H_28","Net_H"
"293",292,0.15385,0.0126,0.027,0.80655,"Netlogo_H_28","Net_H"
"294",293,0.1548,0.01255,0.0254,0.80725,"Netlogo_H_28","Net_H"
"295",294,0.15655,0.0122,0.02585,0.8054,"Netlogo_H_28","Net_H"
"296",295,0.15885,0.01295,0.02465,0.80355,"Netlogo_H_28","Net_H"
"297",296,0.16075,0.01285,0.02415,0.80225,"Netlogo_H_28","Net_H"
"298",297,0.1623,0.01205,0.02455,0.8011,"Netlogo_H_28","Net_H"
"299",298,0.1645,0.01235,0.02435,0.7988,"Netlogo_H_28","Net_H"
"300",299,0.1657,0.01165,0.0241,0.79855,"Netlogo_H_28","Net_H"
"301",300,0.16765,0.01165,0.0235,0.7972,"Netlogo_H_28","Net_H"
"302",301,0.1698,0.0124,0.0227,0.7951,"Netlogo_H_28","Net_H"
"303",302,0.1718,0.01175,0.023,0.79345,"Netlogo_H_28","Net_H"
"304",303,0.17335,0.01125,0.02295,0.79245,"Netlogo_H_28","Net_H"
"305",304,0.17515,0.0115,0.0228,0.79055,"Netlogo_H_28","Net_H"
"306",305,0.17595,0.0123,0.02155,0.7902,"Netlogo_H_28","Net_H"
"307",306,0.1782,0.01275,0.02085,0.7882,"Netlogo_H_28","Net_H"
"308",307,0.17915,0.0124,0.02095,0.7875,"Netlogo_H_28","Net_H"
"309",308,0.1819,0.01145,0.02155,0.7851,"Netlogo_H_28","Net_H"
"310",309,0.1839,0.01115,0.0218,0.78315,"Netlogo_H_28","Net_H"
"311",310,0.1851,0.01145,0.0216,0.78185,"Netlogo_H_28","Net_H"
"312",311,0.1867,0.01165,0.0214,0.78025,"Netlogo_H_28","Net_H"
"313",312,0.1881,0.01175,0.02145,0.7787,"Netlogo_H_28","Net_H"
"314",313,0.18955,0.0121,0.02135,0.777,"Netlogo_H_28","Net_H"
"315",314,0.191,0.01275,0.0203,0.77595,"Netlogo_H_28","Net_H"
"316",315,0.19335,0.01215,0.0206,0.7739,"Netlogo_H_28","Net_H"
"317",316,0.1931,0.01325,0.02115,0.7725,"Netlogo_H_28","Net_H"
"318",317,0.194,0.0145,0.02085,0.77065,"Netlogo_H_28","Net_H"
"319",318,0.1953,0.01495,0.0213,0.76845,"Netlogo_H_28","Net_H"
"320",319,0.19745,0.0135,0.02255,0.7665,"Netlogo_H_28","Net_H"
"321",320,0.19895,0.01305,0.0233,0.7647,"Netlogo_H_28","Net_H"
"322",321,0.2007,0.01245,0.02395,0.7629,"Netlogo_H_28","Net_H"
"323",322,0.2027,0.01305,0.0232,0.76105,"Netlogo_H_28","Net_H"
"324",323,0.2034,0.01235,0.02415,0.7601,"Netlogo_H_28","Net_H"
"325",324,0.20395,0.0136,0.02375,0.7587,"Netlogo_H_28","Net_H"
"326",325,0.20525,0.01325,0.02415,0.75735,"Netlogo_H_28","Net_H"
"327",326,0.2058,0.01265,0.02515,0.7564,"Netlogo_H_28","Net_H"
"328",327,0.2069,0.01355,0.02585,0.7537,"Netlogo_H_28","Net_H"
"329",328,0.2086,0.0142,0.02545,0.75175,"Netlogo_H_28","Net_H"
"330",329,0.20925,0.01465,0.0249,0.7512,"Netlogo_H_28","Net_H"
"331",330,0.20975,0.01445,0.0248,0.751,"Netlogo_H_28","Net_H"
"332",331,0.2096,0.01615,0.024,0.75025,"Netlogo_H_28","Net_H"
"333",332,0.21025,0.01675,0.0239,0.7491,"Netlogo_H_28","Net_H"
"334",333,0.2111,0.01575,0.02495,0.7482,"Netlogo_H_28","Net_H"
"335",334,0.21275,0.01495,0.02635,0.74595,"Netlogo_H_28","Net_H"
"336",335,0.21235,0.0154,0.02705,0.7452,"Netlogo_H_28","Net_H"
"337",336,0.2126,0.01575,0.02725,0.7444,"Netlogo_H_28","Net_H"
"338",337,0.2137,0.015,0.02765,0.74365,"Netlogo_H_28","Net_H"
"339",338,0.21485,0.01495,0.02735,0.74285,"Netlogo_H_28","Net_H"
"340",339,0.21545,0.0154,0.02825,0.7409,"Netlogo_H_28","Net_H"
"341",340,0.2161,0.01625,0.02845,0.7392,"Netlogo_H_28","Net_H"
"342",341,0.21645,0.0172,0.02895,0.7374,"Netlogo_H_28","Net_H"
"343",342,0.21675,0.0171,0.03055,0.7356,"Netlogo_H_28","Net_H"
"344",343,0.21725,0.01735,0.03065,0.73475,"Netlogo_H_28","Net_H"
"345",344,0.21545,0.0194,0.0302,0.73495,"Netlogo_H_28","Net_H"
"346",345,0.215,0.02005,0.0308,0.73415,"Netlogo_H_28","Net_H"
"347",346,0.2143,0.02035,0.03115,0.7342,"Netlogo_H_28","Net_H"
"348",347,0.2146,0.02075,0.03175,0.7329,"Netlogo_H_28","Net_H"
"349",348,0.2149,0.02025,0.0329,0.73195,"Netlogo_H_28","Net_H"
"350",349,0.21335,0.0204,0.0339,0.73235,"Netlogo_H_28","Net_H"
"351",350,0.2131,0.02105,0.0352,0.73065,"Netlogo_H_28","Net_H"
"352",351,0.2115,0.0216,0.0356,0.7313,"Netlogo_H_28","Net_H"
"353",352,0.2104,0.0225,0.036,0.7311,"Netlogo_H_28","Net_H"
"354",353,0.2095,0.02235,0.03675,0.7314,"Netlogo_H_28","Net_H"
"355",354,0.2083,0.02285,0.0375,0.73135,"Netlogo_H_28","Net_H"
"356",355,0.2078,0.02285,0.0377,0.73165,"Netlogo_H_28","Net_H"
"357",356,0.20655,0.02315,0.038,0.7323,"Netlogo_H_28","Net_H"
"358",357,0.20475,0.0242,0.03815,0.7329,"Netlogo_H_28","Net_H"
"359",358,0.204,0.02385,0.0392,0.73295,"Netlogo_H_28","Net_H"
"360",359,0.2011,0.02515,0.0397,0.73405,"Netlogo_H_28","Net_H"
"361",360,0.19975,0.02585,0.03995,0.73445,"Netlogo_H_28","Net_H"
"362",361,0.19735,0.0262,0.04115,0.7353,"Netlogo_H_28","Net_H"
"363",362,0.19595,0.02585,0.0425,0.7357,"Netlogo_H_28","Net_H"
"364",363,0.1951,0.0255,0.0422,0.7372,"Netlogo_H_28","Net_H"
"365",364,0.19415,0.02565,0.04235,0.73785,"Netlogo_H_28","Net_H"
"366",365,0.19325,0.0256,0.04305,0.7381,"Netlogo_H_28","Net_H"
"367",366,0.19165,0.02605,0.0431,0.7392,"Netlogo_H_28","Net_H"
"368",367,0.1897,0.027,0.04325,0.74005,"Netlogo_H_28","Net_H"
"369",368,0.18915,0.027,0.04255,0.7413,"Netlogo_H_28","Net_H"
"370",369,0.1877,0.0261,0.0437,0.7425,"Netlogo_H_28","Net_H"
"371",370,0.18685,0.0254,0.0443,0.74345,"Netlogo_H_28","Net_H"
"372",371,0.187,0.0252,0.044,0.7438,"Netlogo_H_28","Net_H"
"373",372,0.18755,0.0242,0.0433,0.74495,"Netlogo_H_28","Net_H"
"374",373,0.1865,0.02385,0.04365,0.746,"Netlogo_H_28","Net_H"
"375",374,0.1854,0.02365,0.0432,0.74775,"Netlogo_H_28","Net_H"
"376",375,0.1849,0.02395,0.04225,0.7489,"Netlogo_H_28","Net_H"
"377",376,0.18465,0.02285,0.04365,0.74885,"Netlogo_H_28","Net_H"
"378",377,0.18265,0.02425,0.04275,0.75035,"Netlogo_H_28","Net_H"
"379",378,0.1804,0.02535,0.04195,0.7523,"Netlogo_H_28","Net_H"
"380",379,0.18055,0.02515,0.0433,0.751,"Netlogo_H_28","Net_H"
"381",380,0.17995,0.02515,0.0434,0.7515,"Netlogo_H_28","Net_H"
"382",381,0.1792,0.026,0.0426,0.7522,"Netlogo_H_28","Net_H"
"383",382,0.17825,0.0251,0.0429,0.75375,"Netlogo_H_28","Net_H"
"384",383,0.17935,0.0231,0.04555,0.752,"Netlogo_H_28","Net_H"
"385",384,0.17665,0.0245,0.04475,0.7541,"Netlogo_H_28","Net_H"
"386",385,0.1757,0.0244,0.04445,0.75545,"Netlogo_H_28","Net_H"
"387",386,0.1751,0.025,0.0441,0.7558,"Netlogo_H_28","Net_H"
"388",387,0.17565,0.02545,0.04405,0.75485,"Netlogo_H_28","Net_H"
"389",388,0.17565,0.02415,0.0445,0.7557,"Netlogo_H_28","Net_H"
"390",389,0.174,0.02545,0.0441,0.75645,"Netlogo_H_28","Net_H"
"391",390,0.17165,0.02625,0.0445,0.7576,"Netlogo_H_28","Net_H"
"392",391,0.1711,0.0263,0.04475,0.75785,"Netlogo_H_28","Net_H"
"393",392,0.17115,0.02515,0.04665,0.75705,"Netlogo_H_28","Net_H"
"394",393,0.1699,0.0259,0.0462,0.758,"Netlogo_H_28","Net_H"
"395",394,0.1694,0.0255,0.0451,0.76,"Netlogo_H_28","Net_H"
"396",395,0.16835,0.02465,0.0458,0.7612,"Netlogo_H_28","Net_H"
"397",396,0.1688,0.0238,0.04635,0.76105,"Netlogo_H_28","Net_H"
"398",397,0.1667,0.02365,0.04605,0.7636,"Netlogo_H_28","Net_H"
"399",398,0.16695,0.02415,0.0452,0.7637,"Netlogo_H_28","Net_H"
"400",399,0.1666,0.02405,0.04415,0.7652,"Netlogo_H_28","Net_H"
"401",400,0.16675,0.02315,0.045,0.7651,"Netlogo_H_28","Net_H"
"402",401,0.16665,0.0243,0.0439,0.76515,"Netlogo_H_28","Net_H"
"403",402,0.1679,0.02385,0.04335,0.7649,"Netlogo_H_28","Net_H"
"404",403,0.16765,0.0227,0.04375,0.7659,"Netlogo_H_28","Net_H"
"405",404,0.1661,0.0235,0.0437,0.7667,"Netlogo_H_28","Net_H"
"406",405,0.16605,0.0234,0.0436,0.76695,"Netlogo_H_28","Net_H"
"407",406,0.16565,0.0233,0.0432,0.76785,"Netlogo_H_28","Net_H"
"408",407,0.16495,0.0231,0.04375,0.7682,"Netlogo_H_28","Net_H"
"409",408,0.16495,0.02235,0.04355,0.76915,"Netlogo_H_28","Net_H"
"410",409,0.1651,0.0224,0.0429,0.7696,"Netlogo_H_28","Net_H"
"411",410,0.1652,0.0214,0.0433,0.7701,"Netlogo_H_28","Net_H"
"412",411,0.16415,0.0215,0.0427,0.77165,"Netlogo_H_28","Net_H"
"413",412,0.1639,0.0217,0.04185,0.77255,"Netlogo_H_28","Net_H"
"414",413,0.16325,0.02255,0.04135,0.77285,"Netlogo_H_28","Net_H"
"415",414,0.1637,0.02165,0.0414,0.77325,"Netlogo_H_28","Net_H"
"416",415,0.1638,0.02115,0.04085,0.7742,"Netlogo_H_28","Net_H"
"417",416,0.1634,0.0207,0.041,0.7749,"Netlogo_H_28","Net_H"
"418",417,0.16355,0.0197,0.04135,0.7754,"Netlogo_H_28","Net_H"
"419",418,0.1646,0.0194,0.041,0.775,"Netlogo_H_28","Net_H"
"420",419,0.1653,0.01935,0.0402,0.77515,"Netlogo_H_28","Net_H"
"421",420,0.165,0.0199,0.03905,0.77605,"Netlogo_H_28","Net_H"
"422",421,0.1648,0.02085,0.0377,0.77665,"Netlogo_H_28","Net_H"
"423",422,0.166,0.01995,0.0384,0.77565,"Netlogo_H_28","Net_H"
"424",423,0.16675,0.02,0.0386,0.77465,"Netlogo_H_28","Net_H"
"425",424,0.16635,0.02155,0.0375,0.7746,"Netlogo_H_28","Net_H"
"426",425,0.1672,0.02095,0.0382,0.77365,"Netlogo_H_28","Net_H"
"427",426,0.1678,0.02065,0.0382,0.77335,"Netlogo_H_28","Net_H"
"428",427,0.16805,0.01995,0.03865,0.77335,"Netlogo_H_28","Net_H"
"429",428,0.16875,0.0202,0.03845,0.7726,"Netlogo_H_28","Net_H"
"430",429,0.1691,0.0207,0.03795,0.77225,"Netlogo_H_28","Net_H"
"431",430,0.16915,0.0201,0.03785,0.7729,"Netlogo_H_28","Net_H"
"432",431,0.16985,0.01985,0.03815,0.77215,"Netlogo_H_28","Net_H"
"433",432,0.17005,0.0203,0.03755,0.7721,"Netlogo_H_28","Net_H"
"434",433,0.1698,0.02045,0.03745,0.7723,"Netlogo_H_28","Net_H"
"435",434,0.17045,0.0208,0.0368,0.77195,"Netlogo_H_28","Net_H"
"436",435,0.17095,0.02,0.0373,0.77175,"Netlogo_H_28","Net_H"
"437",436,0.1721,0.0193,0.03695,0.77165,"Netlogo_H_28","Net_H"
"438",437,0.17245,0.01945,0.0372,0.7709,"Netlogo_H_28","Net_H"
"439",438,0.17225,0.0204,0.0364,0.77095,"Netlogo_H_28","Net_H"
"440",439,0.17245,0.0203,0.037,0.77025,"Netlogo_H_28","Net_H"
"441",440,0.1729,0.0207,0.03635,0.77005,"Netlogo_H_28","Net_H"
"442",441,0.1743,0.01975,0.0357,0.77025,"Netlogo_H_28","Net_H"
"443",442,0.17465,0.01835,0.03695,0.77005,"Netlogo_H_28","Net_H"
"444",443,0.1748,0.01915,0.0364,0.76965,"Netlogo_H_28","Net_H"
"445",444,0.1752,0.0192,0.0362,0.7694,"Netlogo_H_28","Net_H"
"446",445,0.1752,0.0189,0.03625,0.76965,"Netlogo_H_28","Net_H"
"447",446,0.17505,0.0191,0.03655,0.7693,"Netlogo_H_28","Net_H"
"448",447,0.1759,0.0191,0.03685,0.76815,"Netlogo_H_28","Net_H"
"449",448,0.17685,0.0188,0.037,0.76735,"Netlogo_H_28","Net_H"
"450",449,0.17775,0.01935,0.0364,0.7665,"Netlogo_H_28","Net_H"
"451",450,0.1774,0.02,0.0358,0.7668,"Netlogo_H_28","Net_H"
"452",451,0.17855,0.01955,0.0352,0.7667,"Netlogo_H_28","Net_H"
"453",452,0.17845,0.02085,0.03485,0.76585,"Netlogo_H_28","Net_H"
"454",453,0.1794,0.02015,0.0352,0.76525,"Netlogo_H_28","Net_H"
"455",454,0.1802,0.01885,0.0357,0.76525,"Netlogo_H_28","Net_H"
"456",455,0.18095,0.0188,0.03565,0.7646,"Netlogo_H_28","Net_H"
"457",456,0.1813,0.0182,0.036,0.7645,"Netlogo_H_28","Net_H"
"458",457,0.18265,0.0178,0.03475,0.7648,"Netlogo_H_28","Net_H"
"459",458,0.1837,0.0174,0.0341,0.7648,"Netlogo_H_28","Net_H"
"460",459,0.1839,0.01785,0.03325,0.765,"Netlogo_H_28","Net_H"
"461",460,0.18395,0.01865,0.03285,0.76455,"Netlogo_H_28","Net_H"
"462",461,0.1855,0.0178,0.03295,0.76375,"Netlogo_H_28","Net_H"
"463",462,0.1854,0.01845,0.032,0.76415,"Netlogo_H_28","Net_H"
"464",463,0.18555,0.01865,0.0324,0.7634,"Netlogo_H_28","Net_H"
"465",464,0.18645,0.01845,0.03255,0.76255,"Netlogo_H_28","Net_H"
"466",465,0.1859,0.0187,0.03185,0.76355,"Netlogo_H_28","Net_H"
"467",466,0.1861,0.01915,0.03165,0.7631,"Netlogo_H_28","Net_H"
"468",467,0.18635,0.0199,0.0311,0.76265,"Netlogo_H_28","Net_H"
"469",468,0.18705,0.0196,0.03185,0.7615,"Netlogo_H_28","Net_H"
"470",469,0.18755,0.01945,0.032,0.761,"Netlogo_H_28","Net_H"
"471",470,0.18805,0.02015,0.0322,0.7596,"Netlogo_H_28","Net_H"
"472",471,0.19005,0.0195,0.0327,0.75775,"Netlogo_H_28","Net_H"
"473",472,0.19045,0.01895,0.03425,0.75635,"Netlogo_H_28","Net_H"
"474",473,0.18965,0.0205,0.0341,0.75575,"Netlogo_H_28","Net_H"
"475",474,0.1894,0.0217,0.0339,0.755,"Netlogo_H_28","Net_H"
"476",475,0.18925,0.02125,0.0342,0.7553,"Netlogo_H_28","Net_H"
"477",476,0.1906,0.02075,0.03425,0.7544,"Netlogo_H_28","Net_H"
"478",477,0.19165,0.0196,0.03485,0.7539,"Netlogo_H_28","Net_H"
"479",478,0.19135,0.01985,0.03615,0.75265,"Netlogo_H_28","Net_H"
"480",479,0.18995,0.02075,0.0363,0.753,"Netlogo_H_28","Net_H"
"481",480,0.18885,0.02185,0.0368,0.7525,"Netlogo_H_28","Net_H"
"482",481,0.1875,0.02215,0.0366,0.75375,"Netlogo_H_28","Net_H"
"483",482,0.18795,0.0214,0.03725,0.7534,"Netlogo_H_28","Net_H"
"484",483,0.18795,0.021,0.03745,0.7536,"Netlogo_H_28","Net_H"
"485",484,0.18655,0.0215,0.03825,0.7537,"Netlogo_H_28","Net_H"
"486",485,0.1852,0.02255,0.038,0.75425,"Netlogo_H_28","Net_H"
"487",486,0.18435,0.0231,0.03795,0.7546,"Netlogo_H_28","Net_H"
"488",487,0.1832,0.02245,0.0385,0.75585,"Netlogo_H_28","Net_H"
"489",488,0.18255,0.0225,0.0387,0.75625,"Netlogo_H_28","Net_H"
"490",489,0.18255,0.0218,0.0391,0.75655,"Netlogo_H_28","Net_H"
"491",490,0.1805,0.0223,0.0402,0.757,"Netlogo_H_28","Net_H"
"492",491,0.18065,0.0233,0.04035,0.7557,"Netlogo_H_28","Net_H"
"493",492,0.17955,0.02275,0.04135,0.75635,"Netlogo_H_28","Net_H"
"494",493,0.1787,0.02325,0.0404,0.75765,"Netlogo_H_28","Net_H"
"495",494,0.1788,0.0231,0.0408,0.7573,"Netlogo_H_28","Net_H"
"496",495,0.17865,0.0222,0.041,0.75815,"Netlogo_H_28","Net_H"
"497",496,0.17785,0.0228,0.04095,0.7584,"Netlogo_H_28","Net_H"
"498",497,0.17695,0.02345,0.041,0.7586,"Netlogo_H_28","Net_H"
"499",498,0.17585,0.02315,0.04175,0.75925,"Netlogo_H_28","Net_H"
"500",499,0.17585,0.0237,0.0415,0.75895,"Netlogo_H_28","Net_H"
"501",500,0.17645,0.02225,0.0419,0.7594,"Netlogo_H_28","Net_H"
"502",501,0.17655,0.0221,0.0418,0.75955,"Netlogo_H_28","Net_H"
"503",502,0.1763,0.02175,0.041,0.76095,"Netlogo_H_28","Net_H"
"504",503,0.17725,0.02155,0.0401,0.7611,"Netlogo_H_28","Net_H"
"505",504,0.1755,0.02195,0.0398,0.76275,"Netlogo_H_28","Net_H"
"506",505,0.17495,0.0223,0.04,0.76275,"Netlogo_H_28","Net_H"
"507",506,0.17535,0.0215,0.04055,0.7626,"Netlogo_H_28","Net_H"
"508",507,0.17555,0.0205,0.04175,0.7622,"Netlogo_H_28","Net_H"
"509",508,0.17425,0.0218,0.0416,0.76235,"Netlogo_H_28","Net_H"
"510",509,0.1741,0.02165,0.0421,0.76215,"Netlogo_H_28","Net_H"
"511",510,0.1729,0.02245,0.04145,0.7632,"Netlogo_H_28","Net_H"
"512",511,0.17135,0.0231,0.04135,0.7642,"Netlogo_H_28","Net_H"
"513",512,0.1707,0.02355,0.04205,0.7637,"Netlogo_H_28","Net_H"
"514",513,0.1697,0.02415,0.04185,0.7643,"Netlogo_H_28","Net_H"
"515",514,0.1705,0.02275,0.0415,0.76525,"Netlogo_H_28","Net_H"
"516",515,0.1698,0.0233,0.04055,0.76635,"Netlogo_H_28","Net_H"
"517",516,0.16945,0.0235,0.03935,0.7677,"Netlogo_H_28","Net_H"
"518",517,0.1696,0.02285,0.0394,0.76815,"Netlogo_H_28","Net_H"
"519",518,0.1703,0.02225,0.0398,0.76765,"Netlogo_H_28","Net_H"
"520",519,0.1704,0.02165,0.0403,0.76765,"Netlogo_H_28","Net_H"
"521",520,0.17,0.022,0.03995,0.76805,"Netlogo_H_28","Net_H"
"522",521,0.1693,0.02265,0.04005,0.768,"Netlogo_H_28","Net_H"
"523",522,0.16985,0.0211,0.04105,0.768,"Netlogo_H_28","Net_H"
"524",523,0.1699,0.0221,0.04005,0.76795,"Netlogo_H_28","Net_H"
"525",524,0.16935,0.02175,0.03975,0.76915,"Netlogo_H_28","Net_H"
"526",525,0.17025,0.0213,0.03995,0.7685,"Netlogo_H_28","Net_H"
"527",526,0.17005,0.0224,0.0394,0.76815,"Netlogo_H_28","Net_H"
"528",527,0.1696,0.0222,0.0398,0.7684,"Netlogo_H_28","Net_H"
"529",528,0.17075,0.02015,0.0405,0.7686,"Netlogo_H_28","Net_H"
"530",529,0.17045,0.01995,0.0403,0.7693,"Netlogo_H_28","Net_H"
"531",530,0.17075,0.02075,0.03975,0.76875,"Netlogo_H_28","Net_H"
"532",531,0.1711,0.0213,0.03815,0.76945,"Netlogo_H_28","Net_H"
"533",532,0.1716,0.02125,0.03785,0.7693,"Netlogo_H_28","Net_H"
"534",533,0.17115,0.0227,0.0373,0.76885,"Netlogo_H_28","Net_H"
"535",534,0.1713,0.0227,0.0376,0.7684,"Netlogo_H_28","Net_H"
"536",535,0.16975,0.02225,0.03835,0.76965,"Netlogo_H_28","Net_H"
"537",536,0.16935,0.0212,0.0393,0.77015,"Netlogo_H_28","Net_H"
"538",537,0.17025,0.0201,0.0404,0.76925,"Netlogo_H_28","Net_H"
"539",538,0.16955,0.0209,0.0396,0.76995,"Netlogo_H_28","Net_H"
"540",539,0.16935,0.02155,0.03965,0.76945,"Netlogo_H_28","Net_H"
"541",540,0.16955,0.0217,0.03935,0.7694,"Netlogo_H_28","Net_H"
"542",541,0.1685,0.02105,0.0402,0.77025,"Netlogo_H_28","Net_H"
"543",542,0.16865,0.02015,0.04115,0.77005,"Netlogo_H_28","Net_H"
"544",543,0.16925,0.0197,0.0402,0.77085,"Netlogo_H_28","Net_H"
"545",544,0.1705,0.0194,0.03965,0.77045,"Netlogo_H_28","Net_H"
"546",545,0.1711,0.01945,0.03885,0.7706,"Netlogo_H_28","Net_H"
"547",546,0.17095,0.02065,0.03815,0.77025,"Netlogo_H_28","Net_H"
"548",547,0.172,0.02005,0.0382,0.76975,"Netlogo_H_28","Net_H"
"549",548,0.1714,0.02045,0.0374,0.77075,"Netlogo_H_28","Net_H"
"550",549,0.17155,0.0213,0.0372,0.76995,"Netlogo_H_28","Net_H"
"551",550,0.17245,0.02015,0.0377,0.7697,"Netlogo_H_28","Net_H"
"552",551,0.1727,0.01945,0.0368,0.77105,"Netlogo_H_28","Net_H"
"553",552,0.17305,0.01875,0.0368,0.7714,"Netlogo_H_28","Net_H"
"554",553,0.1738,0.0187,0.03695,0.77055,"Netlogo_H_28","Net_H"
"555",554,0.17385,0.0178,0.0376,0.77075,"Netlogo_H_28","Net_H"
"556",555,0.1736,0.01925,0.03645,0.7707,"Netlogo_H_28","Net_H"
"557",556,0.17265,0.01985,0.03685,0.77065,"Netlogo_H_28","Net_H"
"558",557,0.17345,0.0197,0.03655,0.7703,"Netlogo_H_28","Net_H"
"559",558,0.17345,0.02075,0.03535,0.77045,"Netlogo_H_28","Net_H"
"560",559,0.17345,0.02145,0.03465,0.77045,"Netlogo_H_28","Net_H"
"561",560,0.1743,0.02155,0.03515,0.769,"Netlogo_H_28","Net_H"
"562",561,0.17485,0.02055,0.0361,0.7685,"Netlogo_H_28","Net_H"
"563",562,0.1753,0.0212,0.0362,0.7673,"Netlogo_H_28","Net_H"
"564",563,0.17515,0.0213,0.03675,0.7668,"Netlogo_H_28","Net_H"
"565",564,0.17595,0.0215,0.037,0.76555,"Netlogo_H_28","Net_H"
"566",565,0.17595,0.02095,0.0366,0.7665,"Netlogo_H_28","Net_H"
"567",566,0.1763,0.02095,0.0372,0.76555,"Netlogo_H_28","Net_H"
"568",567,0.1777,0.02095,0.037,0.76435,"Netlogo_H_28","Net_H"
"569",568,0.17745,0.0203,0.03795,0.7643,"Netlogo_H_28","Net_H"
"570",569,0.17815,0.02,0.0387,0.76315,"Netlogo_H_28","Net_H"
"571",570,0.1783,0.0205,0.03855,0.76265,"Netlogo_H_28","Net_H"
"572",571,0.17845,0.02045,0.0391,0.762,"Netlogo_H_28","Net_H"
"573",572,0.17775,0.0206,0.0391,0.76255,"Netlogo_H_28","Net_H"
"574",573,0.17715,0.02105,0.03835,0.76345,"Netlogo_H_28","Net_H"
"575",574,0.17665,0.021,0.0384,0.76395,"Netlogo_H_28","Net_H"
"576",575,0.1767,0.02105,0.0388,0.76345,"Netlogo_H_28","Net_H"
"577",576,0.1774,0.021,0.0388,0.7628,"Netlogo_H_28","Net_H"
"578",577,0.17835,0.02015,0.03925,0.76225,"Netlogo_H_28","Net_H"
"579",578,0.1783,0.0199,0.0388,0.763,"Netlogo_H_28","Net_H"
"580",579,0.17765,0.0218,0.038,0.76255,"Netlogo_H_28","Net_H"
"581",580,0.17675,0.0226,0.0371,0.76355,"Netlogo_H_28","Net_H"
"582",581,0.1774,0.0222,0.037,0.7634,"Netlogo_H_28","Net_H"
"583",582,0.17685,0.0224,0.03765,0.7631,"Netlogo_H_28","Net_H"
"584",583,0.1764,0.02155,0.03855,0.7635,"Netlogo_H_28","Net_H"
"585",584,0.1769,0.02075,0.0389,0.76345,"Netlogo_H_28","Net_H"
"586",585,0.177,0.02155,0.0377,0.76375,"Netlogo_H_28","Net_H"
"587",586,0.17745,0.0209,0.03855,0.7631,"Netlogo_H_28","Net_H"
"588",587,0.17665,0.0214,0.0385,0.76345,"Netlogo_H_28","Net_H"
"589",588,0.17655,0.02155,0.03835,0.76355,"Netlogo_H_28","Net_H"
"590",589,0.1761,0.02245,0.03795,0.7635,"Netlogo_H_28","Net_H"
"591",590,0.17685,0.0204,0.0393,0.76345,"Netlogo_H_28","Net_H"
"592",591,0.1766,0.0209,0.03885,0.76365,"Netlogo_H_28","Net_H"
"593",592,0.17655,0.02195,0.03855,0.76295,"Netlogo_H_28","Net_H"
"594",593,0.17775,0.02205,0.0379,0.7623,"Netlogo_H_28","Net_H"
"595",594,0.17815,0.02195,0.0374,0.7625,"Netlogo_H_28","Net_H"
"596",595,0.1783,0.02185,0.03735,0.7625,"Netlogo_H_28","Net_H"
"597",596,0.17985,0.0205,0.03855,0.7611,"Netlogo_H_28","Net_H"
"598",597,0.1799,0.0207,0.0382,0.7612,"Netlogo_H_28","Net_H"
"599",598,0.179,0.02185,0.0379,0.76125,"Netlogo_H_28","Net_H"
"600",599,0.1796,0.02195,0.0375,0.76095,"Netlogo_H_28","Net_H"
"601",600,0.17975,0.022,0.0387,0.75955,"Netlogo_H_28","Net_H"
"602",601,0.17885,0.022,0.039,0.76015,"Netlogo_H_28","Net_H"
"603",602,0.17905,0.0224,0.0388,0.75975,"Netlogo_H_28","Net_H"
"604",603,0.1792,0.02315,0.0386,0.75905,"Netlogo_H_28","Net_H"
"605",604,0.17875,0.0226,0.03935,0.7593,"Netlogo_H_28","Net_H"
"606",605,0.1785,0.02215,0.04005,0.7593,"Netlogo_H_28","Net_H"
"607",606,0.177,0.0226,0.04075,0.75965,"Netlogo_H_28","Net_H"
"608",607,0.1771,0.02255,0.0403,0.76005,"Netlogo_H_28","Net_H"
"609",608,0.1773,0.0227,0.0409,0.7591,"Netlogo_H_28","Net_H"
"610",609,0.17745,0.0216,0.0416,0.75935,"Netlogo_H_28","Net_H"
"611",610,0.17785,0.0221,0.04045,0.7596,"Netlogo_H_28","Net_H"
"612",611,0.17705,0.0219,0.04095,0.7601,"Netlogo_H_28","Net_H"
"613",612,0.1775,0.02335,0.0408,0.75835,"Netlogo_H_28","Net_H"
"614",613,0.17755,0.02255,0.0401,0.7598,"Netlogo_H_28","Net_H"
"615",614,0.17725,0.02285,0.04025,0.75965,"Netlogo_H_28","Net_H"
"616",615,0.17625,0.02355,0.04085,0.75935,"Netlogo_H_28","Net_H"
"617",616,0.17495,0.02375,0.0413,0.76,"Netlogo_H_28","Net_H"
"618",617,0.1748,0.0233,0.04265,0.75925,"Netlogo_H_28","Net_H"
"619",618,0.1757,0.0227,0.04195,0.75965,"Netlogo_H_28","Net_H"
"620",619,0.17545,0.0225,0.04225,0.7598,"Netlogo_H_28","Net_H"
"621",620,0.1743,0.0234,0.04235,0.75995,"Netlogo_H_28","Net_H"
"622",621,0.17335,0.0238,0.04215,0.7607,"Netlogo_H_28","Net_H"
"623",622,0.17285,0.02395,0.0413,0.7619,"Netlogo_H_28","Net_H"
"624",623,0.1732,0.02255,0.04315,0.7611,"Netlogo_H_28","Net_H"
"625",624,0.17395,0.0213,0.0436,0.76115,"Netlogo_H_28","Net_H"
"626",625,0.1723,0.0208,0.04355,0.76335,"Netlogo_H_28","Net_H"
"627",626,0.17165,0.02095,0.04385,0.76355,"Netlogo_H_28","Net_H"
"628",627,0.17195,0.02175,0.04285,0.76345,"Netlogo_H_28","Net_H"
"629",628,0.17135,0.0218,0.04225,0.7646,"Netlogo_H_28","Net_H"
