time,propSusceptible,propExposed,propInfected,propRecovered
0.0,0.999,0.0,0.001,0.0
1.0,0.99825,0.00075,0.0007,0.0003
2.0,0.99755,0.00115,0.00095,0.00035
3.0,0.9968,0.0016,0.0011,0.0005
4.0,0.99565,0.00235,0.00145,0.00055
5.0,0.994,0.00305,0.00215,0.0008
6.0,0.9921,0.00425,0.00255,0.0011
7.0,0.99005,0.0051,0.00335,0.0015
8.0,0.9865,0.0069,0.0046,0.002
9.0,0.9826,0.00855,0.00635,0.0025
10.0,0.97695,0.01115,0.0087,0.0032
11.0,0.969,0.0161,0.01005,0.00485
12.0,0.95905,0.02075,0.01385,0.00635
13.0,0.9471,0.02605,0.01875,0.0081
14.0,0.93125,0.03555,0.0221,0.0111
15.0,0.9151,0.0416,0.0285,0.0148
16.0,0.8912,0.0538,0.03675,0.01825
17.0,0.86175,0.0686,0.04595,0.0237
18.0,0.82795,0.08245,0.0603,0.0293
19.0,0.78345,0.10395,0.0753,0.0373
20.0,0.73135,0.12675,0.09555,0.04635
21.0,0.67295,0.1488,0.1202,0.05805
22.0,0.6045,0.17445,0.147,0.07405
23.0,0.534,0.19575,0.17535,0.0949
24.0,0.46195,0.21215,0.20815,0.11775
25.0,0.38935,0.2248,0.2396,0.14625
26.0,0.3187,0.2332,0.27115,0.17695
27.0,0.2546,0.2326,0.29905,0.21375
28.0,0.20015,0.2214,0.32685,0.2516
29.0,0.1568,0.2015,0.34615,0.29555
30.0,0.1208,0.1796,0.3559,0.3437
31.0,0.0924,0.158,0.35805,0.39155
32.0,0.07165,0.13445,0.3542,0.4397
33.0,0.05565,0.1151,0.3437,0.48555
34.0,0.043,0.0957,0.32915,0.53215
35.0,0.0369,0.0755,0.3122,0.5754
36.0,0.0312,0.0627,0.2933,0.6128
37.0,0.0266,0.051,0.27315,0.64925
38.0,0.02445,0.04085,0.25305,0.68165
39.0,0.02285,0.0331,0.2305,0.71355
40.0,0.02135,0.02695,0.2088,0.7429
41.0,0.02075,0.02345,0.188,0.7678
42.0,0.0206,0.01935,0.16835,0.7917
43.0,0.0196,0.016,0.15135,0.81305
44.0,0.01915,0.01325,0.1358,0.8318
45.0,0.02045,0.0106,0.12285,0.8461
46.0,0.0222,0.0089,0.11015,0.85875
47.0,0.02315,0.0082,0.09705,0.8716
48.0,0.0237,0.00685,0.0871,0.88235
49.0,0.0255,0.0055,0.07915,0.88985
50.0,0.02625,0.00595,0.0701,0.8977
51.0,0.0281,0.00555,0.0625,0.90385
52.0,0.0305,0.00525,0.05455,0.9097
53.0,0.032,0.00515,0.04905,0.9138
54.0,0.03335,0.0051,0.04395,0.9176
55.0,0.0356,0.0044,0.0394,0.9206
56.0,0.03865,0.0041,0.03475,0.9225
57.0,0.0415,0.00405,0.03085,0.9236
58.0,0.0441,0.00385,0.02715,0.9249
59.0,0.0464,0.0036,0.0252,0.9248
60.0,0.04955,0.00345,0.02315,0.92385
61.0,0.05195,0.00395,0.0208,0.9233
62.0,0.0544,0.0034,0.0186,0.9236
63.0,0.05705,0.003,0.017,0.92295
64.0,0.0591,0.0031,0.01555,0.92225
65.0,0.0614,0.00285,0.01455,0.9212
66.0,0.0642,0.0027,0.0135,0.9196
67.0,0.0668,0.0023,0.0126,0.9183
68.0,0.0703,0.00195,0.0113,0.91645
69.0,0.0726,0.0017,0.01035,0.91535
70.0,0.0751,0.00145,0.0097,0.91375
71.0,0.0781,0.0012,0.0089,0.9118
72.0,0.08145,0.00155,0.00775,0.90925
73.0,0.0833,0.0016,0.00685,0.90825
74.0,0.0851,0.0015,0.00585,0.90755
75.0,0.0879,0.0012,0.00525,0.90565
76.0,0.09025,0.00145,0.0047,0.9036
77.0,0.0936,0.00125,0.00435,0.9008
78.0,0.09675,0.0012,0.00435,0.8977
79.0,0.09965,0.0013,0.0039,0.89515
80.0,0.1024,0.0011,0.00385,0.89265
81.0,0.10495,0.0011,0.00315,0.8908
82.0,0.10745,0.0011,0.003,0.88845
83.0,0.11035,0.001,0.0029,0.88575
84.0,0.11335,0.00075,0.003,0.8829
85.0,0.1158,0.00095,0.0028,0.88045
86.0,0.11915,0.0008,0.00275,0.8773
87.0,0.1225,0.0005,0.0028,0.8742
88.0,0.12485,0.00075,0.00235,0.87205
89.0,0.1266,0.0008,0.00235,0.87025
90.0,0.12935,0.00055,0.0022,0.8679
91.0,0.1317,0.00055,0.00195,0.8658
92.0,0.1349,0.0004,0.00185,0.86285
93.0,0.1373,0.0005,0.00185,0.86035
94.0,0.1396,0.00035,0.0018,0.85825
95.0,0.1429,0.00035,0.00165,0.8551
96.0,0.1453,0.00045,0.0014,0.85285
97.0,0.1473,0.00035,0.0013,0.85105
98.0,0.15015,0.00035,0.0013,0.8482
99.0,0.15225,0.00035,0.0012,0.8462
100.0,0.1545,0.0003,0.0011,0.8441
101.0,0.15685,0.00035,0.001,0.8418
102.0,0.15955,0.00025,0.00105,0.83915
103.0,0.1619,0.0003,0.0009,0.8369
104.0,0.1641,0.00025,0.00095,0.8347
105.0,0.16665,0.0003,0.0008,0.83225
106.0,0.16885,0.0003,0.00055,0.8303
107.0,0.17105,0.00025,0.00045,0.82825
108.0,0.1733,0.00035,0.0003,0.82605
109.0,0.17585,0.00025,0.00035,0.82355
110.0,0.1785,0.0003,0.0003,0.8209
111.0,0.18105,0.00035,0.0003,0.8183
112.0,0.18315,0.00035,0.0004,0.8161
113.0,0.1855,0.0004,0.0003,0.8138
114.0,0.18715,0.00025,0.00045,0.81215
115.0,0.18915,0.00025,0.00045,0.81015
116.0,0.19135,0.00035,0.00045,0.80785
117.0,0.1936,0.00035,0.0004,0.80565
118.0,0.19585,0.00025,0.0005,0.8034
119.0,0.19755,0.0003,0.00055,0.8016
120.0,0.20015,0.00025,0.00045,0.79915
121.0,0.202,0.0002,0.00055,0.79725
122.0,0.2039,0.00015,0.0006,0.79535
123.0,0.20615,0.00015,0.00055,0.79315
124.0,0.20825,0.0002,0.0005,0.79105
125.0,0.21095,0.00035,0.00045,0.78825
126.0,0.2131,0.0004,0.0005,0.786
127.0,0.2155,0.00035,0.0005,0.78365
128.0,0.218,0.0003,0.0006,0.7811
129.0,0.2202,0.0004,0.0006,0.7788
130.0,0.22255,0.0005,0.0006,0.77635
131.0,0.2248,0.0005,0.0007,0.774
132.0,0.22675,0.00045,0.00065,0.77215
133.0,0.2288,0.00055,0.00065,0.77
134.0,0.23075,0.0007,0.00065,0.7679
135.0,0.2329,0.0005,0.00085,0.76575
136.0,0.23475,0.00045,0.001,0.7638
137.0,0.2369,0.0005,0.00085,0.76175
138.0,0.23845,0.0005,0.0009,0.76015
139.0,0.24065,0.00045,0.0008,0.7581
140.0,0.24215,0.0005,0.0009,0.75645
141.0,0.24495,0.0005,0.0009,0.75365
142.0,0.24645,0.0005,0.00105,0.752
143.0,0.2483,0.00055,0.0009,0.75025
144.0,0.2502,0.00065,0.001,0.74815
145.0,0.25195,0.0009,0.0007,0.74645
146.0,0.25345,0.0008,0.0008,0.74495
147.0,0.2554,0.0005,0.00105,0.74305
148.0,0.257,0.00055,0.001,0.74145
149.0,0.259,0.0005,0.00115,0.73935
150.0,0.2607,0.001,0.00115,0.73715
151.0,0.2624,0.0008,0.0013,0.7355
152.0,0.26355,0.001,0.0012,0.73425
153.0,0.2653,0.00105,0.0011,0.73255
154.0,0.2671,0.0012,0.0011,0.7306
155.0,0.26865,0.0012,0.00135,0.7288
156.0,0.2703,0.001,0.00175,0.72695
157.0,0.2724,0.001,0.0019,0.7247
158.0,0.2742,0.00115,0.00205,0.7226
159.0,0.27605,0.0012,0.0021,0.72065
160.0,0.2781,0.0011,0.002,0.7188
161.0,0.27945,0.0014,0.0018,0.71735
162.0,0.28025,0.0016,0.0021,0.71605
163.0,0.2822,0.0016,0.00215,0.71405
164.0,0.28325,0.0015,0.00245,0.7128
165.0,0.2858,0.0014,0.00265,0.71015
166.0,0.2876,0.0015,0.0027,0.7082
167.0,0.2887,0.0018,0.0027,0.7068
168.0,0.2892,0.00175,0.003,0.70605
169.0,0.2901,0.00185,0.0031,0.70495
170.0,0.291,0.0018,0.0034,0.7038
171.0,0.2924,0.00235,0.00335,0.7019
172.0,0.2938,0.00225,0.00375,0.7002
173.0,0.2943,0.0023,0.0039,0.6995
174.0,0.29575,0.0024,0.0043,0.69755
175.0,0.29655,0.0027,0.0045,0.69625
176.0,0.29745,0.0033,0.0048,0.69445
177.0,0.2988,0.0032,0.0056,0.6924
178.0,0.29965,0.00405,0.00555,0.69075
179.0,0.29995,0.00425,0.0065,0.6893
180.0,0.29995,0.00515,0.0067,0.6882
181.0,0.29985,0.0058,0.0072,0.68715
182.0,0.30005,0.0063,0.00735,0.6863
183.0,0.2998,0.00655,0.0085,0.68515
184.0,0.30015,0.0065,0.0087,0.68465
185.0,0.30005,0.0064,0.0099,0.68365
186.0,0.29985,0.0065,0.01015,0.6835
187.0,0.29955,0.0074,0.01035,0.6827
188.0,0.29935,0.00685,0.01125,0.68255
189.0,0.29875,0.00795,0.01105,0.68225
190.0,0.2984,0.0081,0.0118,0.6817
191.0,0.2977,0.0083,0.0124,0.6816
192.0,0.29755,0.0084,0.0137,0.68035
193.0,0.2962,0.0091,0.01465,0.68005
194.0,0.29425,0.0099,0.01545,0.6804
195.0,0.2924,0.01065,0.0157,0.68125
196.0,0.29055,0.0112,0.01655,0.6817
197.0,0.28955,0.0116,0.0175,0.68135
198.0,0.28695,0.0124,0.01895,0.6817
199.0,0.2846,0.01305,0.02005,0.6823
200.0,0.28255,0.01325,0.02165,0.68255
201.0,0.2799,0.0144,0.02145,0.68425
202.0,0.27615,0.016,0.0228,0.68505
203.0,0.273,0.01835,0.02305,0.6856
204.0,0.27065,0.01775,0.0251,0.6865
205.0,0.2676,0.01755,0.02715,0.6877
206.0,0.264,0.0183,0.0281,0.6896
207.0,0.2601,0.01935,0.02955,0.691
208.0,0.25725,0.0188,0.0316,0.69235
209.0,0.2539,0.0191,0.03325,0.69375
210.0,0.2503,0.0203,0.03365,0.69575
211.0,0.2469,0.02085,0.03345,0.6988
212.0,0.243,0.0222,0.03415,0.70065
213.0,0.2382,0.02275,0.0362,0.70285
214.0,0.2352,0.02165,0.03735,0.7058
215.0,0.23265,0.021,0.038,0.70835
216.0,0.2284,0.0218,0.03805,0.71175
217.0,0.2247,0.0231,0.0385,0.7137
218.0,0.22175,0.02255,0.0407,0.715
219.0,0.21675,0.0232,0.0422,0.71785
220.0,0.21185,0.02395,0.0425,0.7217
221.0,0.2068,0.02425,0.04555,0.7234
222.0,0.20255,0.024,0.0469,0.72655
223.0,0.1982,0.0235,0.04845,0.72985
224.0,0.19245,0.02365,0.04815,0.73575
225.0,0.1873,0.02415,0.0472,0.74135
226.0,0.18305,0.0231,0.04835,0.7455
227.0,0.1791,0.0237,0.0473,0.7499
228.0,0.17565,0.02285,0.0482,0.7533
229.0,0.17235,0.02325,0.0465,0.7579
230.0,0.16975,0.0239,0.0454,0.76095
231.0,0.16605,0.0231,0.04645,0.7644
232.0,0.16435,0.0226,0.04705,0.766
233.0,0.1606,0.0242,0.04575,0.76945
234.0,0.15845,0.0226,0.04545,0.7735
235.0,0.1572,0.0216,0.04525,0.77595
236.0,0.15505,0.0203,0.0459,0.77875
237.0,0.15355,0.01925,0.0453,0.7819
238.0,0.1514,0.0186,0.0457,0.7843
239.0,0.1492,0.01905,0.044,0.78775
240.0,0.14765,0.01825,0.0437,0.7904
241.0,0.14645,0.01715,0.04375,0.79265
242.0,0.14625,0.01645,0.0425,0.7948
243.0,0.14475,0.01655,0.0407,0.798
244.0,0.14465,0.01585,0.04025,0.79925
245.0,0.14485,0.0147,0.0397,0.80075
246.0,0.14395,0.0143,0.0379,0.80385
247.0,0.1429,0.0151,0.0375,0.8045
248.0,0.1425,0.01435,0.03685,0.8063
249.0,0.14285,0.0138,0.03635,0.807
250.0,0.1422,0.01375,0.03515,0.8089
251.0,0.1425,0.0144,0.0341,0.809
252.0,0.1414,0.01555,0.03335,0.8097
253.0,0.1408,0.01455,0.0344,0.81025
254.0,0.1418,0.0144,0.0343,0.8095
255.0,0.14205,0.0135,0.0335,0.81095
256.0,0.1423,0.01345,0.0327,0.81155
257.0,0.14315,0.01305,0.031,0.8128
258.0,0.14515,0.0116,0.03075,0.8125
259.0,0.1456,0.01185,0.02985,0.8127
260.0,0.1446,0.01275,0.0289,0.81375
261.0,0.14575,0.01165,0.02935,0.81325
262.0,0.1479,0.0116,0.0285,0.812
263.0,0.15035,0.01095,0.02655,0.81215
264.0,0.15125,0.01035,0.02635,0.81205
265.0,0.15305,0.0095,0.02575,0.8117
266.0,0.1537,0.0097,0.02505,0.81155
267.0,0.15425,0.00985,0.025,0.8109
268.0,0.15485,0.00975,0.02385,0.81155
269.0,0.15605,0.00955,0.02365,0.81075
270.0,0.158,0.00925,0.0227,0.81005
271.0,0.16065,0.0091,0.02285,0.8074
272.0,0.16105,0.00975,0.0222,0.807
273.0,0.1634,0.0094,0.02155,0.80565
274.0,0.16465,0.0101,0.02015,0.8051
275.0,0.1657,0.0101,0.02035,0.80385
276.0,0.16805,0.00975,0.02015,0.80205
277.0,0.17,0.0093,0.01975,0.80095
278.0,0.1726,0.00875,0.0199,0.79875
279.0,0.17445,0.0093,0.0191,0.79715
280.0,0.1762,0.00905,0.01925,0.7955
281.0,0.17795,0.00895,0.0195,0.7936
282.0,0.1794,0.0099,0.01815,0.79255
283.0,0.18075,0.0091,0.01875,0.7914
284.0,0.18305,0.0093,0.0189,0.78875
285.0,0.18445,0.00855,0.0199,0.7871
286.0,0.18605,0.0095,0.0194,0.78505
287.0,0.18685,0.0096,0.01985,0.7837
288.0,0.1882,0.0098,0.02,0.782
289.0,0.1902,0.0093,0.0195,0.781
290.0,0.19155,0.0098,0.0196,0.77905
291.0,0.1929,0.00915,0.02035,0.7776
292.0,0.19345,0.01035,0.0197,0.7765
293.0,0.19475,0.0109,0.0199,0.77445
294.0,0.1964,0.0102,0.0205,0.7729
295.0,0.1984,0.0105,0.02075,0.77035
296.0,0.19945,0.01075,0.02065,0.76915
297.0,0.19975,0.01085,0.0202,0.7692
298.0,0.2013,0.0116,0.02015,0.76695
299.0,0.20305,0.0104,0.02045,0.7661
300.0,0.2039,0.0106,0.0208,0.7647
301.0,0.2044,0.0104,0.0215,0.7637
302.0,0.20515,0.01065,0.02175,0.76245
303.0,0.20625,0.01195,0.0211,0.7607
304.0,0.20775,0.0116,0.02185,0.7588
305.0,0.2089,0.01145,0.0222,0.75745
306.0,0.20895,0.01165,0.0219,0.7575
307.0,0.20985,0.0119,0.0223,0.75595
308.0,0.2096,0.01275,0.0226,0.75505
309.0,0.2103,0.01305,0.02295,0.7537
310.0,0.20965,0.01465,0.02245,0.75325
311.0,0.20975,0.014,0.02395,0.7523
312.0,0.21075,0.0134,0.0242,0.75165
313.0,0.21055,0.01415,0.0249,0.7504
314.0,0.2091,0.01525,0.02535,0.7503
315.0,0.2093,0.01485,0.02565,0.7502
316.0,0.2102,0.01435,0.0259,0.74955
317.0,0.21025,0.01465,0.0262,0.7489
318.0,0.2101,0.0152,0.02705,0.74765
319.0,0.21,0.01555,0.0271,0.74735
320.0,0.20975,0.0157,0.02785,0.7467
321.0,0.2095,0.01485,0.029,0.74665
322.0,0.20845,0.0144,0.02935,0.7478
323.0,0.20835,0.01475,0.02895,0.74795
324.0,0.20885,0.0151,0.0291,0.74695
325.0,0.20845,0.0155,0.029,0.74705
326.0,0.2074,0.01695,0.02865,0.747
327.0,0.20605,0.01785,0.02915,0.74695
328.0,0.20565,0.01695,0.0304,0.747
329.0,0.2041,0.018,0.0308,0.7471
330.0,0.20445,0.01725,0.0315,0.7468
331.0,0.206,0.01635,0.03235,0.7453
332.0,0.2056,0.01585,0.0327,0.74585
333.0,0.20555,0.01585,0.032,0.7466
334.0,0.2056,0.016,0.03155,0.74685
335.0,0.206,0.01695,0.0315,0.74555
336.0,0.206,0.0174,0.03225,0.74435
337.0,0.2046,0.0176,0.03275,0.74505
338.0,0.20525,0.0178,0.03275,0.7442
339.0,0.205,0.018,0.0332,0.7438
340.0,0.2041,0.01815,0.0347,0.74305
341.0,0.2033,0.0173,0.03585,0.74355
342.0,0.20265,0.018,0.0366,0.74275
343.0,0.201,0.0194,0.03555,0.74405
344.0,0.2009,0.0197,0.0357,0.7437
345.0,0.20005,0.0193,0.03525,0.7454
346.0,0.19945,0.01895,0.03505,0.74655
347.0,0.1968,0.0208,0.03525,0.74715
348.0,0.19515,0.01885,0.03775,0.74825
349.0,0.1948,0.01855,0.03825,0.7484
350.0,0.19395,0.0187,0.0383,0.74905
351.0,0.192,0.01985,0.0389,0.74925
352.0,0.1918,0.0199,0.039,0.7493
353.0,0.192,0.0194,0.03885,0.74975
354.0,0.1918,0.0198,0.03865,0.74975
355.0,0.19165,0.0197,0.0387,0.74995
356.0,0.1899,0.0201,0.0393,0.7507
357.0,0.18905,0.01975,0.0394,0.7518
358.0,0.1873,0.01955,0.03985,0.7533
359.0,0.18595,0.0204,0.04005,0.7536
360.0,0.1847,0.0196,0.04005,0.75565
361.0,0.18375,0.0197,0.04075,0.7558
362.0,0.18315,0.02,0.0402,0.75665
363.0,0.18115,0.0202,0.04055,0.7581
364.0,0.17975,0.01995,0.0402,0.7601
365.0,0.17845,0.01925,0.04,0.7623
366.0,0.17695,0.01935,0.03935,0.76435
367.0,0.17595,0.01845,0.03985,0.76575
368.0,0.17555,0.01775,0.04105,0.76565
369.0,0.1761,0.01725,0.03905,0.7676
370.0,0.1765,0.0166,0.0392,0.7677
371.0,0.17565,0.01735,0.03875,0.76825
372.0,0.17505,0.01775,0.0378,0.7694
373.0,0.17485,0.0179,0.0367,0.77055
374.0,0.17415,0.0178,0.0367,0.77135
375.0,0.17515,0.01625,0.0371,0.7715
376.0,0.1746,0.01785,0.03665,0.7709
377.0,0.17465,0.0179,0.03675,0.7707
378.0,0.1758,0.0165,0.0369,0.7708
379.0,0.17495,0.017,0.0366,0.77145
380.0,0.17625,0.0166,0.03605,0.7711
381.0,0.1751,0.0183,0.03515,0.77145
382.0,0.1751,0.01755,0.0358,0.77155
383.0,0.1758,0.0168,0.03655,0.77085
384.0,0.1751,0.0162,0.03755,0.77115
385.0,0.175,0.0162,0.0365,0.7723
386.0,0.175,0.0166,0.03655,0.77185
387.0,0.1741,0.01695,0.036,0.77295
388.0,0.17425,0.0171,0.0354,0.77325
389.0,0.1754,0.0162,0.0349,0.7735
390.0,0.1742,0.01695,0.03415,0.7747
391.0,0.17445,0.0167,0.0332,0.77565
392.0,0.17305,0.01705,0.03395,0.77595
393.0,0.17405,0.01625,0.0333,0.7764
394.0,0.1742,0.016,0.03405,0.77575
395.0,0.1737,0.01575,0.0345,0.77605
396.0,0.1739,0.01595,0.0345,0.77565
397.0,0.174,0.0162,0.03425,0.77555
398.0,0.1732,0.01625,0.03395,0.7766
399.0,0.1744,0.01545,0.03525,0.7749
400.0,0.1742,0.0154,0.03465,0.77575
401.0,0.1753,0.01475,0.0348,0.77515
402.0,0.1756,0.01565,0.0328,0.77595
403.0,0.17735,0.0151,0.0329,0.77465
404.0,0.17755,0.0146,0.0333,0.77455
405.0,0.17925,0.0154,0.0326,0.77275
406.0,0.18015,0.0148,0.0329,0.77215
407.0,0.1801,0.0152,0.03255,0.77215
408.0,0.18005,0.01525,0.0325,0.7722
409.0,0.18135,0.01575,0.0325,0.7704
410.0,0.18145,0.0164,0.0324,0.76975
411.0,0.18195,0.01505,0.0338,0.7692
412.0,0.18305,0.01495,0.0332,0.7688
413.0,0.18355,0.0153,0.0329,0.76825
414.0,0.18385,0.01565,0.03235,0.76815
415.0,0.18335,0.0163,0.0318,0.76855
416.0,0.184,0.0155,0.03265,0.76785
417.0,0.18355,0.0163,0.032,0.76815
418.0,0.18265,0.0168,0.0329,0.76765
419.0,0.18295,0.01575,0.0332,0.7681
420.0,0.1836,0.0157,0.03295,0.76775
421.0,0.1831,0.0158,0.03315,0.76795
422.0,0.1841,0.015,0.0334,0.7675
423.0,0.1833,0.01615,0.03265,0.7679
424.0,0.18315,0.01685,0.0323,0.7677
425.0,0.18275,0.0173,0.0335,0.76645
426.0,0.18295,0.0171,0.03385,0.7661
427.0,0.18325,0.0165,0.03455,0.7657
428.0,0.18355,0.0164,0.03385,0.7662
429.0,0.18475,0.0153,0.03425,0.7657
430.0,0.1841,0.0158,0.03395,0.76615
431.0,0.1841,0.01655,0.03445,0.7649
432.0,0.1841,0.01695,0.0338,0.76515
433.0,0.1843,0.0165,0.03415,0.76505
434.0,0.18365,0.01675,0.0346,0.765
435.0,0.1829,0.0168,0.03455,0.76575
436.0,0.18195,0.0173,0.03475,0.766
437.0,0.1817,0.017,0.03555,0.76575
438.0,0.18125,0.0174,0.0358,0.76555
439.0,0.1818,0.0171,0.03515,0.76595
440.0,0.18205,0.01685,0.0346,0.7665
441.0,0.18265,0.01515,0.0356,0.7666
442.0,0.18295,0.01555,0.0349,0.7666
443.0,0.1829,0.01605,0.0345,0.76655
444.0,0.1818,0.0171,0.0341,0.767
445.0,0.1819,0.01655,0.03385,0.7677
446.0,0.1816,0.01735,0.034,0.76705
447.0,0.1821,0.01715,0.03385,0.7669
448.0,0.18175,0.01705,0.03435,0.76685
449.0,0.18275,0.0172,0.0337,0.76635
450.0,0.1829,0.01615,0.0342,0.76675
451.0,0.18345,0.01585,0.0322,0.7685
452.0,0.18325,0.016,0.03175,0.769
453.0,0.1828,0.01715,0.03205,0.768
454.0,0.1823,0.01645,0.03285,0.7684
455.0,0.18215,0.0156,0.0341,0.76815
456.0,0.18065,0.01725,0.0335,0.7686
457.0,0.1792,0.01685,0.0338,0.77015
458.0,0.18005,0.01545,0.0356,0.7689
459.0,0.17965,0.01615,0.03515,0.76905
460.0,0.1792,0.0163,0.03495,0.76955
461.0,0.17975,0.01615,0.0351,0.769
462.0,0.1802,0.01635,0.03515,0.7683
463.0,0.1795,0.0164,0.03445,0.76965
464.0,0.17985,0.0151,0.0356,0.76945
465.0,0.17975,0.01535,0.03505,0.76985
466.0,0.18055,0.01535,0.0335,0.7706
467.0,0.18005,0.01545,0.03365,0.77085
468.0,0.17995,0.016,0.03305,0.771
469.0,0.18015,0.0171,0.0321,0.77065
470.0,0.1802,0.0177,0.032,0.7701
471.0,0.1813,0.01715,0.03225,0.7693
472.0,0.1798,0.0187,0.0327,0.7688
473.0,0.1792,0.0184,0.03475,0.76765
474.0,0.17895,0.01765,0.0353,0.7681
475.0,0.17775,0.01765,0.0348,0.7698
476.0,0.17765,0.01795,0.0337,0.7707
477.0,0.17735,0.0179,0.0344,0.77035
478.0,0.17595,0.0191,0.03375,0.7712
479.0,0.1754,0.0188,0.03555,0.77025
480.0,0.1752,0.01835,0.03615,0.7703
481.0,0.175,0.01775,0.03605,0.7712
482.0,0.17505,0.0176,0.03545,0.7719
483.0,0.176,0.0168,0.03525,0.77195
484.0,0.1761,0.017,0.03515,0.77175
485.0,0.17645,0.01645,0.0351,0.772
486.0,0.17605,0.0171,0.0351,0.77175
487.0,0.1758,0.01705,0.03535,0.7718
488.0,0.17505,0.017,0.03695,0.771
489.0,0.17405,0.0174,0.03685,0.7717
490.0,0.17285,0.0174,0.03725,0.7725
491.0,0.1732,0.01675,0.03675,0.7733
492.0,0.1719,0.017,0.037,0.7741
493.0,0.17135,0.01695,0.03585,0.77585
494.0,0.17145,0.01655,0.03535,0.77665
495.0,0.17035,0.01675,0.03455,0.77835
496.0,0.17085,0.01715,0.0351,0.7769
497.0,0.1707,0.01635,0.03535,0.7776
498.0,0.17055,0.0164,0.0358,0.77725
499.0,0.1713,0.0158,0.0353,0.7776
500.0,0.17165,0.0154,0.03515,0.7778
501.0,0.17215,0.0162,0.0336,0.77805
502.0,0.17205,0.01635,0.03445,0.77715
503.0,0.17155,0.0168,0.03385,0.7778
504.0,0.1717,0.0159,0.03445,0.77795
505.0,0.1728,0.01575,0.0339,0.77755
506.0,0.1731,0.01555,0.03315,0.7782
507.0,0.1735,0.01485,0.0336,0.77805
508.0,0.17265,0.0154,0.0331,0.77885
509.0,0.17365,0.0155,0.0331,0.77775
510.0,0.1737,0.01475,0.0339,0.77765
511.0,0.17405,0.01585,0.03245,0.77765
512.0,0.174,0.015,0.03195,0.77905
513.0,0.1739,0.0161,0.0323,0.7777
514.0,0.17405,0.0165,0.0318,0.77765
515.0,0.17415,0.01565,0.03225,0.77795
516.0,0.1745,0.0158,0.03215,0.77755
517.0,0.17555,0.01575,0.0322,0.7765
518.0,0.1764,0.015,0.0329,0.7757
519.0,0.17565,0.0159,0.03275,0.7757
520.0,0.176,0.0161,0.0333,0.7746
521.0,0.17565,0.01675,0.03385,0.77375
522.0,0.1759,0.01685,0.0343,0.77295
523.0,0.1751,0.0175,0.0346,0.7728
524.0,0.1733,0.01785,0.0349,0.77395
525.0,0.17415,0.0169,0.03505,0.7739
526.0,0.1737,0.01765,0.03505,0.7736
527.0,0.17375,0.01715,0.0357,0.7734
528.0,0.17325,0.01695,0.036,0.7738
529.0,0.17365,0.01645,0.03575,0.77415
530.0,0.17345,0.0164,0.03575,0.7744
531.0,0.1727,0.0169,0.0351,0.7753
532.0,0.1719,0.01695,0.0354,0.77575
533.0,0.17165,0.0164,0.03455,0.7774
534.0,0.17125,0.01715,0.03475,0.77685
535.0,0.1724,0.01665,0.03455,0.7764
536.0,0.173,0.0162,0.0351,0.7757
537.0,0.1738,0.01525,0.03585,0.7751
538.0,0.175,0.0151,0.03525,0.77465
539.0,0.1748,0.0157,0.0354,0.7741
540.0,0.17475,0.01505,0.0354,0.7748
541.0,0.1749,0.01525,0.035,0.77485
542.0,0.1747,0.01555,0.0351,0.77465
543.0,0.1753,0.01535,0.03395,0.7754
544.0,0.1754,0.01565,0.03335,0.7756
545.0,0.17405,0.01665,0.03275,0.77655
546.0,0.1749,0.01545,0.033,0.77665
547.0,0.17515,0.0159,0.03305,0.7759
548.0,0.17605,0.01615,0.0332,0.7746
549.0,0.17585,0.01755,0.0319,0.7747
550.0,0.17805,0.01665,0.0312,0.7741
551.0,0.1797,0.01625,0.03245,0.7716
552.0,0.18025,0.0158,0.0317,0.77225
553.0,0.17945,0.0163,0.03165,0.7726
554.0,0.17885,0.0165,0.0317,0.77295
555.0,0.17885,0.01615,0.03185,0.77315
556.0,0.17835,0.01615,0.03255,0.77295
557.0,0.1787,0.01705,0.03205,0.7722
558.0,0.1792,0.01615,0.03165,0.773
559.0,0.17915,0.0166,0.03195,0.7723
560.0,0.17955,0.01535,0.03135,0.77375
561.0,0.17995,0.01565,0.03095,0.77345
562.0,0.1812,0.01535,0.0311,0.77235
563.0,0.18195,0.01445,0.0318,0.7718
564.0,0.18285,0.0148,0.03125,0.7711
565.0,0.1824,0.0152,0.0321,0.7703
566.0,0.1822,0.0154,0.0316,0.7708
567.0,0.1831,0.0154,0.03055,0.77095
568.0,0.185,0.01495,0.0305,0.76955
569.0,0.18645,0.01445,0.03065,0.76845
570.0,0.1868,0.01425,0.0314,0.76755
571.0,0.1871,0.01365,0.0308,0.76845
572.0,0.1868,0.01475,0.0305,0.76795
573.0,0.1877,0.0148,0.0303,0.7672
574.0,0.1885,0.01585,0.02905,0.7666
575.0,0.1891,0.0143,0.0304,0.7662
576.0,0.1896,0.0142,0.0299,0.7663
577.0,0.1903,0.0144,0.0309,0.7644
578.0,0.19045,0.01525,0.031,0.7633
579.0,0.19175,0.015,0.0307,0.76255
580.0,0.193,0.0149,0.03055,0.76155
581.0,0.1925,0.01545,0.03065,0.7614
582.0,0.1935,0.01485,0.03015,0.7615
583.0,0.19365,0.01515,0.0297,0.7615
584.0,0.19295,0.0155,0.0304,0.76115
585.0,0.1947,0.0146,0.0313,0.7594
586.0,0.1947,0.0147,0.03135,0.75925
587.0,0.1949,0.0154,0.03275,0.75695
588.0,0.19565,0.0163,0.03205,0.756
589.0,0.1958,0.01615,0.03235,0.7557
590.0,0.19515,0.01635,0.03305,0.75545
591.0,0.1955,0.0162,0.03275,0.75555
592.0,0.1949,0.01745,0.03155,0.7561
593.0,0.19445,0.01765,0.0323,0.7556
594.0,0.1934,0.018,0.0325,0.7561
595.0,0.19395,0.017,0.0331,0.75595
596.0,0.1943,0.01695,0.03355,0.7552
597.0,0.1936,0.0171,0.03405,0.75525
598.0,0.19275,0.0171,0.0339,0.75625
599.0,0.19165,0.017,0.03405,0.7573
600.0,0.1907,0.0174,0.0346,0.7573
601.0,0.19115,0.01675,0.03425,0.75785
602.0,0.19045,0.01745,0.0348,0.7573
603.0,0.1914,0.01755,0.0347,0.75635
604.0,0.1908,0.0188,0.03535,0.75505
605.0,0.1905,0.0187,0.0353,0.7555
606.0,0.19015,0.0177,0.03545,0.7567
607.0,0.18945,0.0178,0.03585,0.7569
608.0,0.18825,0.01855,0.0355,0.7577
609.0,0.1866,0.0199,0.035,0.7585
610.0,0.1858,0.0197,0.0354,0.7591
611.0,0.18625,0.01995,0.0358,0.758
612.0,0.18555,0.0199,0.03685,0.7577
613.0,0.18515,0.0197,0.03825,0.7569
614.0,0.18495,0.01835,0.04,0.7567
615.0,0.18415,0.01835,0.0401,0.7574
616.0,0.18435,0.0187,0.0391,0.75785
617.0,0.18375,0.0189,0.0387,0.75865
618.0,0.18205,0.02035,0.0373,0.7603
619.0,0.182,0.0196,0.03825,0.76015
620.0,0.1817,0.0188,0.03815,0.76135
621.0,0.18045,0.0197,0.03745,0.7624
622.0,0.1796,0.01985,0.0376,0.76295
623.0,0.1787,0.01935,0.0385,0.76345
624.0,0.17835,0.01945,0.0387,0.7635
625.0,0.1789,0.01825,0.03925,0.7636
626.0,0.1794,0.01825,0.03835,0.764
627.0,0.17905,0.0185,0.0381,0.76435
628.0,0.17795,0.01805,0.03795,0.76605
629.0,0.17785,0.01775,0.03805,0.76635
630.0,0.17765,0.0191,0.03665,0.7666
631.0,0.17755,0.01845,0.03585,0.76815
632.0,0.178,0.0174,0.03585,0.76875
633.0,0.1773,0.01775,0.0357,0.76925
634.0,0.1768,0.0186,0.036,0.7686
635.0,0.17795,0.01735,0.0377,0.767
636.0,0.17655,0.01785,0.0373,0.7683
637.0,0.1766,0.01865,0.03675,0.768
638.0,0.17685,0.0185,0.0368,0.76785
639.0,0.17725,0.01725,0.03775,0.76775
640.0,0.1777,0.0176,0.03725,0.76745
641.0,0.17775,0.0179,0.0367,0.76765
642.0,0.1784,0.0172,0.0367,0.7677
643.0,0.17805,0.0171,0.0365,0.76835
644.0,0.178,0.01735,0.03565,0.769
645.0,0.17835,0.017,0.0365,0.76815
646.0,0.17875,0.01715,0.0366,0.7675
647.0,0.1794,0.01705,0.0368,0.76675
648.0,0.1793,0.01815,0.03615,0.7664
649.0,0.1795,0.01785,0.0355,0.76715
650.0,0.17945,0.0184,0.0351,0.76705
651.0,0.17925,0.01795,0.03475,0.76805
652.0,0.1796,0.01785,0.03515,0.7674
653.0,0.1802,0.01715,0.0366,0.76605
654.0,0.18005,0.0175,0.03665,0.7658
655.0,0.17975,0.0175,0.0374,0.76535
656.0,0.17975,0.01695,0.03865,0.76465
657.0,0.1801,0.01685,0.03885,0.7642
658.0,0.178,0.01725,0.039,0.76575
659.0,0.1774,0.01735,0.03795,0.7673
660.0,0.1771,0.01795,0.03685,0.7681
661.0,0.1783,0.017,0.03745,0.76725
662.0,0.17705,0.0178,0.0369,0.76825
663.0,0.1771,0.0177,0.03655,0.76865
664.0,0.17765,0.0176,0.03645,0.7683
665.0,0.1778,0.017,0.0367,0.7685
666.0,0.17845,0.01695,0.0357,0.7689
667.0,0.17775,0.0169,0.036,0.76935
668.0,0.17775,0.01695,0.03595,0.76935
669.0,0.17805,0.01625,0.0353,0.7704
670.0,0.17815,0.01655,0.03565,0.76965
671.0,0.1777,0.0177,0.03525,0.76935
672.0,0.1776,0.0181,0.0343,0.77
673.0,0.17805,0.0169,0.036,0.76905
674.0,0.1785,0.0164,0.0367,0.7684
675.0,0.17815,0.01615,0.03675,0.76895
676.0,0.1781,0.0162,0.0367,0.769
677.0,0.1796,0.01615,0.0358,0.76845
678.0,0.1808,0.01655,0.0349,0.76775
679.0,0.1818,0.0165,0.0347,0.767
680.0,0.1823,0.01725,0.0338,0.76665
681.0,0.1823,0.0173,0.03435,0.76605
682.0,0.18185,0.0173,0.03525,0.7656
683.0,0.18195,0.0175,0.03575,0.7648
684.0,0.1821,0.01785,0.0356,0.76445
685.0,0.18205,0.0168,0.0361,0.76505
686.0,0.18185,0.0174,0.035,0.76575
687.0,0.1826,0.0181,0.03445,0.76485
688.0,0.18245,0.019,0.03445,0.7641
689.0,0.1827,0.01745,0.0351,0.76475
690.0,0.1815,0.01725,0.036,0.76525
691.0,0.1817,0.01655,0.0358,0.76595
692.0,0.18065,0.01675,0.03565,0.76695
693.0,0.1803,0.01745,0.0351,0.76715
694.0,0.18015,0.0166,0.0366,0.76665
695.0,0.17965,0.0166,0.03615,0.7676
696.0,0.1784,0.0169,0.036,0.7687
697.0,0.178,0.01635,0.0356,0.77005
698.0,0.17695,0.01745,0.03505,0.77055
699.0,0.1764,0.01845,0.03495,0.7702
700.0,0.17655,0.0178,0.03545,0.7702
701.0,0.1763,0.01775,0.0356,0.77035
702.0,0.1773,0.01645,0.03565,0.7706
703.0,0.1781,0.0168,0.03555,0.76955
704.0,0.1786,0.01685,0.0361,0.76845
705.0,0.17835,0.0178,0.0359,0.76795
706.0,0.17765,0.0181,0.03675,0.7675
707.0,0.1769,0.01685,0.0379,0.76835
708.0,0.17575,0.0173,0.03885,0.7681
709.0,0.17615,0.0155,0.03915,0.7692
710.0,0.1755,0.01655,0.03845,0.7695
711.0,0.17475,0.0169,0.0372,0.77115
712.0,0.17545,0.01635,0.0359,0.7723
713.0,0.17625,0.01525,0.03535,0.77315
714.0,0.1757,0.01605,0.0347,0.77355
715.0,0.1764,0.01545,0.0347,0.77345
716.0,0.1764,0.01595,0.03445,0.7732
717.0,0.17595,0.017,0.0342,0.77285
718.0,0.1775,0.01555,0.03445,0.7725
719.0,0.17885,0.0154,0.0331,0.77265
720.0,0.1802,0.0144,0.03285,0.77255
721.0,0.17975,0.0153,0.0318,0.77315
722.0,0.18035,0.01515,0.03145,0.77305
723.0,0.1818,0.01495,0.0316,0.77165
724.0,0.18205,0.0139,0.03235,0.7717
725.0,0.18295,0.01385,0.03255,0.77065
726.0,0.18275,0.01365,0.03225,0.77135
727.0,0.1826,0.0152,0.03055,0.77165
728.0,0.18295,0.01495,0.0304,0.7717
729.0,0.184,0.01585,0.02925,0.7709
730.0,0.18475,0.01535,0.02965,0.77025
