time,propSusceptible,propExposed,propInfected,propRecovered
0.0,0.999,0.0,0.001,0.0
1.0,0.9984,0.0006,0.0008,0.0002
2.0,0.99775,0.00125,0.0007,0.0003
3.0,0.99705,0.00165,0.00085,0.00045
4.0,0.99625,0.00205,0.00125,0.00045
5.0,0.99475,0.0029,0.00165,0.0007
6.0,0.9935,0.00315,0.0025,0.00085
7.0,0.991,0.0043,0.0035,0.0012
8.0,0.9875,0.0065,0.0044,0.0016
9.0,0.9834,0.0087,0.0057,0.0022
10.0,0.97865,0.0109,0.00735,0.0031
11.0,0.97255,0.01325,0.0098,0.0044
12.0,0.96435,0.0178,0.01205,0.0058
13.0,0.95505,0.0222,0.0156,0.00715
14.0,0.94285,0.0278,0.0196,0.00975
15.0,0.92595,0.0368,0.02545,0.0118
16.0,0.9064,0.046,0.0318,0.0158
17.0,0.8793,0.06095,0.04025,0.0195
18.0,0.84485,0.0771,0.05315,0.0249
19.0,0.80445,0.09445,0.07,0.0311
20.0,0.7529,0.11895,0.08795,0.0402
21.0,0.69745,0.14345,0.1068,0.0523
22.0,0.63335,0.16695,0.134,0.0657
23.0,0.5635,0.1893,0.1657,0.0815
24.0,0.489,0.21005,0.1986,0.10235
25.0,0.4153,0.22495,0.23245,0.1273
26.0,0.34,0.2371,0.2658,0.1571
27.0,0.2716,0.24205,0.29495,0.1914
28.0,0.21175,0.2358,0.32325,0.2292
29.0,0.1616,0.2192,0.3471,0.2721
30.0,0.1232,0.1961,0.3643,0.3164
31.0,0.0915,0.17485,0.37135,0.3623
32.0,0.0708,0.1458,0.3705,0.4129
33.0,0.0535,0.1204,0.3653,0.4608
34.0,0.04085,0.10125,0.35175,0.50615
35.0,0.0321,0.0841,0.3336,0.5502
36.0,0.0267,0.06565,0.3132,0.59445
37.0,0.02235,0.05205,0.29015,0.63545
38.0,0.0195,0.042,0.2669,0.6716
39.0,0.0181,0.03445,0.2414,0.70605
40.0,0.0169,0.02835,0.21845,0.7363
41.0,0.01675,0.0232,0.19595,0.7641
42.0,0.01755,0.01875,0.17605,0.78765
43.0,0.01775,0.0145,0.1588,0.80895
44.0,0.01815,0.01205,0.144,0.8258
45.0,0.0195,0.01045,0.1278,0.84225
46.0,0.02075,0.0089,0.113,0.85735
47.0,0.02165,0.007,0.10175,0.8696
48.0,0.0223,0.00655,0.0904,0.88075
49.0,0.0234,0.00615,0.0808,0.88965
50.0,0.02465,0.0063,0.0716,0.89745
51.0,0.02705,0.00505,0.06395,0.90395
52.0,0.02925,0.00465,0.0576,0.9085
53.0,0.03145,0.00415,0.05185,0.91255
54.0,0.03355,0.00415,0.0446,0.9177
55.0,0.0356,0.0044,0.0404,0.9196
56.0,0.0381,0.00365,0.0358,0.92245
57.0,0.03985,0.0038,0.0319,0.92445
58.0,0.04235,0.0038,0.0278,0.92605
59.0,0.0444,0.00345,0.0246,0.92755
60.0,0.04695,0.0033,0.0222,0.92755
61.0,0.05005,0.0027,0.0201,0.92715
62.0,0.05275,0.0025,0.0179,0.92685
63.0,0.0559,0.0023,0.0155,0.9263
64.0,0.0588,0.00165,0.0135,0.92605
65.0,0.06255,0.00205,0.01175,0.92365
66.0,0.06575,0.0019,0.0105,0.92185
67.0,0.0696,0.0017,0.00935,0.91935
68.0,0.0721,0.0017,0.00785,0.91835
69.0,0.07535,0.00175,0.0071,0.9158
70.0,0.0776,0.00155,0.0067,0.91415
71.0,0.0803,0.00135,0.006,0.91235
72.0,0.08305,0.0012,0.0053,0.91045
73.0,0.08625,0.0013,0.00475,0.9077
74.0,0.08925,0.0012,0.00405,0.9055
75.0,0.09195,0.0013,0.0038,0.90295
76.0,0.09445,0.0013,0.0035,0.90075
77.0,0.0974,0.001,0.0032,0.8984
78.0,0.1011,0.001,0.00285,0.89505
79.0,0.1043,0.0011,0.00235,0.89225
80.0,0.10665,0.0011,0.0023,0.88995
81.0,0.1094,0.00105,0.00225,0.8873
82.0,0.11215,0.00115,0.00175,0.88495
83.0,0.1154,0.0011,0.00195,0.88155
84.0,0.11745,0.00095,0.0021,0.8795
85.0,0.12,0.001,0.00185,0.87715
86.0,0.1226,0.00075,0.0019,0.87475
87.0,0.12565,0.00055,0.0018,0.872
88.0,0.12845,0.00035,0.00185,0.86935
89.0,0.13075,0.00035,0.00185,0.86705
90.0,0.13275,0.00045,0.0016,0.8652
91.0,0.13585,0.0005,0.00145,0.8622
92.0,0.1383,0.00055,0.0014,0.85975
93.0,0.14065,0.0006,0.0014,0.85735
94.0,0.1439,0.00045,0.00135,0.8543
95.0,0.1472,0.0004,0.00115,0.85125
96.0,0.14945,0.00045,0.00105,0.84905
97.0,0.15205,0.0006,0.0009,0.84645
98.0,0.1545,0.0006,0.00105,0.84385
99.0,0.1572,0.0006,0.00095,0.84125
100.0,0.15915,0.00065,0.0011,0.8391
101.0,0.16135,0.0004,0.0012,0.83705
102.0,0.16315,0.0006,0.00105,0.8352
103.0,0.16505,0.0009,0.00115,0.8329
104.0,0.1673,0.0008,0.00125,0.83065
105.0,0.1691,0.00075,0.00145,0.8287
106.0,0.17185,0.0008,0.00135,0.826
107.0,0.1743,0.00055,0.00155,0.8236
108.0,0.17645,0.00075,0.00135,0.82145
109.0,0.1783,0.00085,0.00125,0.8196
110.0,0.1806,0.00065,0.00125,0.8175
111.0,0.183,0.0003,0.0015,0.8152
112.0,0.18545,0.00035,0.0015,0.8127
113.0,0.1878,0.0003,0.00135,0.81055
114.0,0.1903,0.00045,0.00125,0.808
115.0,0.1921,0.0005,0.00125,0.80615
116.0,0.19475,0.0006,0.0014,0.80325
117.0,0.19695,0.00055,0.0012,0.8013
118.0,0.1987,0.0006,0.0011,0.7996
119.0,0.2008,0.00055,0.0012,0.79745
120.0,0.203,0.00055,0.00105,0.7954
121.0,0.2053,0.00055,0.00115,0.793
122.0,0.20795,0.0007,0.0011,0.79025
123.0,0.2099,0.00085,0.00115,0.7881
124.0,0.2119,0.00105,0.0012,0.78585
125.0,0.21355,0.001,0.0014,0.78405
126.0,0.21525,0.00095,0.0013,0.7825
127.0,0.21755,0.00095,0.0012,0.7803
128.0,0.2193,0.0008,0.00135,0.77855
129.0,0.22085,0.00085,0.0015,0.7768
130.0,0.2228,0.0008,0.00165,0.77475
131.0,0.22455,0.00095,0.00155,0.77295
132.0,0.2271,0.00085,0.00165,0.7704
133.0,0.22875,0.0009,0.00165,0.7687
134.0,0.2309,0.00085,0.0018,0.76645
135.0,0.23205,0.0014,0.0019,0.76465
136.0,0.23355,0.00145,0.002,0.763
137.0,0.23535,0.001,0.0024,0.76125
138.0,0.23685,0.0014,0.00245,0.7593
139.0,0.239,0.00165,0.00235,0.757
140.0,0.24055,0.0012,0.00265,0.7556
141.0,0.24235,0.00155,0.00255,0.75355
142.0,0.24425,0.00155,0.0026,0.7516
143.0,0.2458,0.0016,0.0028,0.7498
144.0,0.24715,0.00205,0.00285,0.74795
145.0,0.24865,0.00215,0.0033,0.7459
146.0,0.2499,0.00205,0.00315,0.7449
147.0,0.25055,0.00255,0.0033,0.7436
148.0,0.25215,0.0024,0.00355,0.7419
149.0,0.25425,0.00255,0.0034,0.7398
150.0,0.2557,0.00255,0.00385,0.7379
151.0,0.2577,0.0024,0.0041,0.7358
152.0,0.25845,0.00305,0.004,0.7345
153.0,0.26015,0.00295,0.0047,0.7322
154.0,0.2613,0.0033,0.00455,0.73085
155.0,0.26265,0.00325,0.00455,0.72955
156.0,0.2636,0.00335,0.00485,0.7282
157.0,0.26465,0.00355,0.00545,0.72635
158.0,0.26565,0.00305,0.0057,0.7256
159.0,0.2666,0.0035,0.00615,0.72375
160.0,0.2672,0.00375,0.00595,0.7231
161.0,0.2682,0.00365,0.00665,0.7215
162.0,0.2686,0.0043,0.00635,0.72075
163.0,0.2701,0.00395,0.00655,0.7194
164.0,0.27105,0.00405,0.00635,0.71855
165.0,0.27145,0.00505,0.0066,0.7169
166.0,0.271,0.0052,0.00755,0.71625
167.0,0.27175,0.0053,0.008,0.71495
168.0,0.2729,0.00525,0.008,0.71385
169.0,0.2735,0.0056,0.00805,0.71285
170.0,0.27425,0.00545,0.00885,0.71145
171.0,0.27505,0.00575,0.00915,0.71005
172.0,0.27495,0.0064,0.00975,0.7089
173.0,0.27525,0.00725,0.01,0.7075
174.0,0.2752,0.00715,0.0107,0.70695
175.0,0.27525,0.0072,0.01095,0.7066
176.0,0.276,0.00755,0.01165,0.7048
177.0,0.27625,0.0077,0.01205,0.704
178.0,0.2762,0.0083,0.0127,0.7028
179.0,0.27565,0.0084,0.0138,0.70215
180.0,0.2742,0.00885,0.01465,0.7023
181.0,0.27275,0.00945,0.01545,0.70235
182.0,0.27215,0.01045,0.01595,0.70145
183.0,0.27035,0.01115,0.0171,0.7014
184.0,0.2681,0.0122,0.01825,0.70145
185.0,0.2662,0.01275,0.01915,0.7019
186.0,0.26525,0.01245,0.0199,0.7024
187.0,0.2633,0.0136,0.02015,0.70295
188.0,0.26135,0.01375,0.02135,0.70355
189.0,0.2583,0.01465,0.0226,0.70445
190.0,0.2547,0.0161,0.02355,0.70565
191.0,0.2513,0.0175,0.02545,0.70575
192.0,0.2495,0.017,0.02715,0.70635
193.0,0.24595,0.0174,0.02845,0.7082
194.0,0.24325,0.01795,0.0292,0.7096
195.0,0.24075,0.01885,0.03,0.7104
196.0,0.23675,0.01995,0.0307,0.7126
197.0,0.2339,0.0191,0.0325,0.7145
198.0,0.2305,0.01945,0.0338,0.71625
199.0,0.2257,0.02135,0.0352,0.71775
200.0,0.221,0.0219,0.0357,0.7214
201.0,0.21635,0.02235,0.0379,0.7234
202.0,0.2127,0.02155,0.04005,0.7257
203.0,0.20815,0.02255,0.04005,0.72925
204.0,0.2042,0.0234,0.041,0.7314
205.0,0.19965,0.02435,0.0422,0.7338
206.0,0.1956,0.024,0.04325,0.73715
207.0,0.19295,0.0232,0.0447,0.73915
208.0,0.19095,0.02175,0.04595,0.74135
209.0,0.1871,0.02185,0.0461,0.74495
210.0,0.18325,0.02265,0.04615,0.74795
211.0,0.1793,0.02295,0.0479,0.74985
212.0,0.1758,0.02385,0.0475,0.75285
213.0,0.1718,0.0237,0.04855,0.75595
214.0,0.16865,0.02245,0.04985,0.75905
215.0,0.166,0.0222,0.0495,0.7623
216.0,0.1627,0.0225,0.04815,0.76665
217.0,0.15955,0.02275,0.0471,0.7706
218.0,0.15685,0.02215,0.04715,0.77385
219.0,0.155,0.02105,0.0482,0.77575
220.0,0.15245,0.0216,0.04655,0.7794
221.0,0.1516,0.0206,0.04485,0.78295
222.0,0.15005,0.0195,0.0449,0.78555
223.0,0.14855,0.0195,0.04395,0.788
224.0,0.14785,0.01825,0.04395,0.78995
225.0,0.1458,0.0179,0.04345,0.79285
226.0,0.14445,0.01795,0.0428,0.7948
227.0,0.14435,0.01675,0.04195,0.79695
228.0,0.1429,0.01655,0.04165,0.7989
229.0,0.14205,0.0155,0.04145,0.801
230.0,0.14165,0.0149,0.0395,0.80395
231.0,0.14135,0.0151,0.03805,0.8055
232.0,0.1408,0.0144,0.0379,0.8069
233.0,0.1408,0.01445,0.0358,0.80895
234.0,0.14045,0.0141,0.03515,0.8103
235.0,0.14155,0.0135,0.03385,0.8111
236.0,0.1418,0.01355,0.0331,0.81155
237.0,0.14265,0.0124,0.03355,0.8114
238.0,0.1434,0.0128,0.03175,0.81205
239.0,0.1441,0.0127,0.02965,0.81355
240.0,0.14425,0.01255,0.0288,0.8144
241.0,0.14615,0.0123,0.0282,0.81335
242.0,0.14685,0.0128,0.0275,0.81285
243.0,0.1473,0.01235,0.02825,0.8121
244.0,0.14865,0.0118,0.02835,0.8112
245.0,0.1495,0.01145,0.02755,0.8115
246.0,0.15115,0.01055,0.02745,0.81085
247.0,0.15275,0.0103,0.0274,0.80955
248.0,0.15365,0.01035,0.02685,0.80915
249.0,0.1555,0.0103,0.02535,0.80885
250.0,0.15715,0.00935,0.02445,0.80905
251.0,0.15815,0.00945,0.0244,0.808
252.0,0.1597,0.01,0.0236,0.8067
253.0,0.1605,0.0104,0.02335,0.80575
254.0,0.16135,0.0106,0.0228,0.80525
255.0,0.16325,0.01025,0.02245,0.80405
256.0,0.16545,0.0104,0.0222,0.80195
257.0,0.16805,0.00985,0.02245,0.79965
258.0,0.16945,0.0098,0.0231,0.79765
259.0,0.16975,0.01075,0.0227,0.7968
260.0,0.17105,0.0105,0.0227,0.79575
261.0,0.17155,0.01045,0.02265,0.79535
262.0,0.17315,0.0104,0.0222,0.79425
263.0,0.1744,0.0103,0.02265,0.79265
264.0,0.1757,0.0106,0.02285,0.79085
265.0,0.17635,0.011,0.0225,0.79015
266.0,0.17795,0.01045,0.0228,0.7888
267.0,0.1795,0.0104,0.02275,0.78735
268.0,0.1807,0.0098,0.02275,0.78675
269.0,0.1808,0.01035,0.0225,0.78635
270.0,0.18195,0.0106,0.02205,0.7854
271.0,0.18255,0.0114,0.0221,0.78395
272.0,0.18355,0.01165,0.0216,0.7832
273.0,0.1847,0.01085,0.02225,0.7822
274.0,0.18625,0.01055,0.02125,0.78195
275.0,0.1874,0.0105,0.02185,0.78025
276.0,0.18885,0.00975,0.02265,0.77875
277.0,0.18975,0.01055,0.02225,0.77745
278.0,0.19015,0.01085,0.0224,0.7766
279.0,0.1908,0.01135,0.0227,0.77515
280.0,0.19215,0.0121,0.0222,0.77355
281.0,0.19275,0.01195,0.02295,0.77235
282.0,0.194,0.012,0.023,0.771
283.0,0.1949,0.0128,0.02295,0.76935
284.0,0.1955,0.0125,0.0232,0.7688
285.0,0.1966,0.0119,0.02345,0.76805
286.0,0.1972,0.0118,0.0233,0.7677
287.0,0.1961,0.0129,0.02415,0.76685
288.0,0.1969,0.01235,0.02485,0.7659
289.0,0.19855,0.0128,0.0246,0.76405
290.0,0.1985,0.01325,0.02505,0.7632
291.0,0.1995,0.0132,0.02505,0.76225
292.0,0.1986,0.01305,0.02555,0.7628
293.0,0.2009,0.01255,0.0256,0.76095
294.0,0.20145,0.01305,0.0249,0.7606
295.0,0.2023,0.01275,0.02535,0.7596
296.0,0.2025,0.01305,0.02595,0.7585
297.0,0.20315,0.01315,0.02635,0.75735
298.0,0.20355,0.01325,0.02595,0.75725
299.0,0.2037,0.014,0.0255,0.7568
300.0,0.2034,0.0149,0.0256,0.7561
301.0,0.20305,0.0155,0.02675,0.7547
302.0,0.20305,0.015,0.0271,0.75485
303.0,0.20415,0.0145,0.0276,0.75375
304.0,0.20465,0.0142,0.0281,0.75305
305.0,0.20495,0.0141,0.0285,0.75245
306.0,0.20435,0.0149,0.02905,0.7517
307.0,0.2039,0.015,0.02925,0.75185
308.0,0.2029,0.01685,0.0291,0.75115
309.0,0.2038,0.01585,0.0293,0.75105
310.0,0.2036,0.01625,0.02995,0.7502
311.0,0.20375,0.01535,0.03015,0.75075
312.0,0.20375,0.01565,0.03065,0.74995
313.0,0.2033,0.01635,0.0304,0.74995
314.0,0.2036,0.0167,0.031,0.7487
315.0,0.2024,0.01725,0.03205,0.7483
316.0,0.2011,0.0177,0.0312,0.75
317.0,0.2003,0.01715,0.03205,0.7505
318.0,0.20065,0.01615,0.0334,0.7498
319.0,0.19905,0.0166,0.0339,0.75045
320.0,0.1988,0.0174,0.03375,0.75005
321.0,0.1977,0.0183,0.0338,0.7502
322.0,0.1967,0.01845,0.034,0.75085
323.0,0.19705,0.01825,0.03455,0.75015
324.0,0.19655,0.0185,0.03445,0.7505
325.0,0.1957,0.01905,0.0345,0.75075
326.0,0.19575,0.01775,0.03505,0.75145
327.0,0.1962,0.01695,0.0354,0.75145
328.0,0.1942,0.01785,0.036,0.75195
329.0,0.19445,0.0169,0.0369,0.75175
330.0,0.19465,0.0172,0.0368,0.75135
331.0,0.1939,0.01815,0.0355,0.75245
332.0,0.1936,0.0184,0.0356,0.7524
333.0,0.19165,0.01865,0.03705,0.75265
334.0,0.19075,0.01955,0.0371,0.7526
335.0,0.1904,0.0204,0.038,0.7512
336.0,0.19075,0.0194,0.0391,0.75075
337.0,0.1904,0.0194,0.039,0.7512
338.0,0.1898,0.0188,0.03955,0.75185
339.0,0.1879,0.01905,0.0401,0.75295
340.0,0.1874,0.01925,0.0396,0.75375
341.0,0.18545,0.02085,0.0392,0.7545
342.0,0.1844,0.0206,0.04015,0.75485
343.0,0.1834,0.02085,0.04025,0.7555
344.0,0.1827,0.01975,0.04105,0.7565
345.0,0.18095,0.01935,0.04275,0.75695
346.0,0.1796,0.01965,0.04305,0.7577
347.0,0.17875,0.02015,0.04175,0.75935
348.0,0.17855,0.01995,0.0421,0.7594
349.0,0.17825,0.01995,0.0408,0.761
350.0,0.17765,0.01985,0.04085,0.76165
351.0,0.1759,0.0203,0.0407,0.7631
352.0,0.1742,0.02055,0.0414,0.76385
353.0,0.17355,0.0201,0.0416,0.76475
354.0,0.1732,0.0204,0.0411,0.7653
355.0,0.17325,0.01995,0.0416,0.7652
356.0,0.1722,0.02065,0.04075,0.7664
357.0,0.17135,0.0209,0.0411,0.76665
358.0,0.171,0.02005,0.04255,0.7664
359.0,0.17145,0.0197,0.0418,0.76705
360.0,0.17065,0.02015,0.04225,0.76695
361.0,0.17135,0.0199,0.042,0.76675
362.0,0.17005,0.0202,0.0412,0.76855
363.0,0.1697,0.0201,0.04175,0.76845
364.0,0.16885,0.01985,0.04195,0.76935
365.0,0.16935,0.0181,0.0418,0.77075
366.0,0.16785,0.01855,0.04185,0.77175
367.0,0.1677,0.0183,0.04125,0.77275
368.0,0.1664,0.0187,0.0411,0.7738
369.0,0.167,0.0181,0.0415,0.7734
370.0,0.1664,0.01835,0.0417,0.77355
371.0,0.1661,0.01785,0.0406,0.77545
372.0,0.1662,0.0179,0.0403,0.7756
373.0,0.1654,0.01865,0.03885,0.7771
374.0,0.16605,0.01855,0.03855,0.77685
375.0,0.16675,0.0183,0.03725,0.7777
376.0,0.1672,0.018,0.038,0.7768
377.0,0.16775,0.01745,0.03875,0.77605
378.0,0.1673,0.01715,0.03825,0.7773
379.0,0.16665,0.0171,0.03805,0.7782
380.0,0.16655,0.01695,0.03715,0.77935
381.0,0.16695,0.0168,0.037,0.77925
382.0,0.16635,0.01775,0.03615,0.77975
383.0,0.1663,0.01765,0.03565,0.7804
384.0,0.1666,0.0177,0.03465,0.78105
385.0,0.16815,0.01605,0.03555,0.78025
386.0,0.16855,0.0167,0.035,0.77975
387.0,0.16835,0.01705,0.03435,0.78025
388.0,0.1683,0.01685,0.03505,0.7798
389.0,0.16875,0.0156,0.036,0.77965
390.0,0.16915,0.01545,0.03525,0.78015
391.0,0.1703,0.0159,0.0348,0.779
392.0,0.1705,0.01615,0.03445,0.7789
393.0,0.1696,0.0169,0.03335,0.78015
394.0,0.17085,0.01605,0.03345,0.77965
395.0,0.17215,0.01475,0.03295,0.78015
396.0,0.17245,0.0153,0.03415,0.7781
397.0,0.1735,0.0154,0.03445,0.77665
398.0,0.17385,0.01615,0.03395,0.77605
399.0,0.17475,0.0158,0.03385,0.7756
400.0,0.17405,0.01705,0.03395,0.77495
401.0,0.1755,0.0159,0.03405,0.77455
402.0,0.1769,0.0159,0.0334,0.7738
403.0,0.1765,0.0166,0.0327,0.7742
404.0,0.1764,0.01625,0.0328,0.77455
405.0,0.1782,0.0151,0.0336,0.7731
406.0,0.178,0.0145,0.03415,0.77335
407.0,0.1764,0.0158,0.03395,0.77385
408.0,0.1782,0.0164,0.0325,0.7729
409.0,0.1787,0.01595,0.03345,0.7719
410.0,0.17855,0.01545,0.0334,0.7726
411.0,0.1795,0.01505,0.03345,0.772
412.0,0.17925,0.016,0.03345,0.7713
413.0,0.17975,0.01565,0.0335,0.7711
414.0,0.18035,0.01525,0.0339,0.7705
415.0,0.18075,0.01535,0.03435,0.76955
416.0,0.1801,0.0147,0.0339,0.7713
417.0,0.1806,0.0157,0.0332,0.7705
418.0,0.17935,0.0165,0.0326,0.77155
419.0,0.17985,0.01625,0.03245,0.77145
420.0,0.18055,0.0163,0.0338,0.76935
421.0,0.18175,0.0156,0.03325,0.7694
422.0,0.18155,0.0159,0.03325,0.7693
423.0,0.1817,0.01615,0.03325,0.7689
424.0,0.18185,0.0157,0.0328,0.76965
425.0,0.1824,0.01505,0.0324,0.77015
426.0,0.18315,0.0156,0.0321,0.76915
427.0,0.1826,0.0158,0.03255,0.76905
428.0,0.18145,0.01565,0.0324,0.7705
429.0,0.18135,0.01635,0.0314,0.7709
430.0,0.1818,0.01615,0.03235,0.7697
431.0,0.1817,0.0165,0.0315,0.7703
432.0,0.1836,0.01515,0.03195,0.7693
433.0,0.18325,0.01505,0.0319,0.7698
434.0,0.1844,0.0144,0.0319,0.7693
435.0,0.1848,0.0151,0.03105,0.76905
436.0,0.1842,0.0157,0.03135,0.76875
437.0,0.1842,0.0159,0.0319,0.768
438.0,0.18475,0.0156,0.0319,0.76775
439.0,0.1851,0.0156,0.03225,0.76705
440.0,0.1859,0.0154,0.03155,0.76715
441.0,0.185,0.0147,0.03225,0.76805
442.0,0.1849,0.015,0.033,0.7671
443.0,0.1852,0.01465,0.03285,0.7673
444.0,0.1851,0.0146,0.03305,0.76725
445.0,0.1844,0.01535,0.03205,0.7682
446.0,0.1846,0.01565,0.03225,0.7675
447.0,0.18525,0.01605,0.0319,0.7668
448.0,0.18565,0.01565,0.0321,0.7666
449.0,0.18625,0.01515,0.03195,0.76665
450.0,0.18575,0.01655,0.03105,0.76665
451.0,0.18585,0.01675,0.0322,0.7652
452.0,0.18595,0.0162,0.03225,0.7656
453.0,0.18645,0.0156,0.03215,0.7658
454.0,0.1869,0.0146,0.03345,0.76505
455.0,0.18535,0.01605,0.03335,0.76525
456.0,0.1841,0.0167,0.0342,0.765
457.0,0.1847,0.01655,0.0346,0.76415
458.0,0.18325,0.01755,0.0354,0.7638
459.0,0.18385,0.0169,0.0356,0.76365
460.0,0.1837,0.0169,0.0366,0.7628
461.0,0.1829,0.01615,0.03725,0.7637
462.0,0.18155,0.0169,0.0367,0.76485
463.0,0.18115,0.01755,0.03595,0.76535
464.0,0.1799,0.018,0.03535,0.76675
465.0,0.17975,0.01705,0.03655,0.76665
466.0,0.179,0.0168,0.0364,0.7678
467.0,0.1798,0.0175,0.03475,0.76795
468.0,0.18075,0.01655,0.0355,0.7672
469.0,0.18175,0.0156,0.03445,0.7682
470.0,0.18215,0.01615,0.03335,0.76835
471.0,0.183,0.0145,0.03375,0.76875
472.0,0.18205,0.01525,0.0336,0.7691
473.0,0.18235,0.01495,0.0327,0.77
474.0,0.18275,0.0137,0.03415,0.7694
475.0,0.18275,0.01475,0.0333,0.7692
476.0,0.183,0.01625,0.0329,0.76785
477.0,0.1831,0.0166,0.0335,0.7668
478.0,0.18195,0.0176,0.0326,0.76785
479.0,0.1815,0.0176,0.03265,0.76825
480.0,0.18205,0.0167,0.0337,0.76755
481.0,0.1803,0.0178,0.0335,0.7684
482.0,0.1812,0.01665,0.0335,0.76865
483.0,0.18285,0.0163,0.03315,0.7677
484.0,0.18295,0.01595,0.0326,0.7685
485.0,0.1828,0.0164,0.0333,0.7675
486.0,0.1833,0.0156,0.03285,0.76825
487.0,0.1847,0.0151,0.03345,0.76675
488.0,0.18515,0.01605,0.03235,0.76645
489.0,0.18685,0.01475,0.0323,0.7661
490.0,0.1867,0.01595,0.0323,0.76505
491.0,0.18685,0.0164,0.032,0.76475
492.0,0.1879,0.01515,0.0325,0.76445
493.0,0.18735,0.01535,0.03215,0.76515
494.0,0.1894,0.0142,0.03265,0.76375
495.0,0.18915,0.01505,0.0326,0.7632
496.0,0.18985,0.0148,0.03295,0.7624
497.0,0.1886,0.0158,0.0328,0.7628
498.0,0.18905,0.01475,0.0334,0.7628
499.0,0.18905,0.0153,0.03355,0.7621
500.0,0.1895,0.01555,0.0333,0.76165
501.0,0.1891,0.01665,0.0332,0.76105
502.0,0.18765,0.01735,0.03405,0.76095
503.0,0.1882,0.01795,0.03315,0.7607
504.0,0.18855,0.01735,0.0336,0.7605
505.0,0.18915,0.01705,0.03335,0.76045
506.0,0.18865,0.01635,0.03485,0.76015
507.0,0.1883,0.01595,0.0355,0.76025
508.0,0.18805,0.016,0.03555,0.7604
509.0,0.18775,0.0164,0.03515,0.7607
510.0,0.18785,0.01605,0.03485,0.76125
511.0,0.18755,0.01655,0.0341,0.7618
512.0,0.18785,0.01645,0.0342,0.7615
513.0,0.189,0.01675,0.0347,0.75955
514.0,0.1886,0.01735,0.034,0.76005
515.0,0.18765,0.017,0.03495,0.7604
516.0,0.18715,0.0171,0.0359,0.75985
517.0,0.18685,0.0175,0.03535,0.7603
518.0,0.1877,0.01735,0.0352,0.75975
519.0,0.18795,0.01805,0.0352,0.7588
520.0,0.18715,0.0188,0.03505,0.759
521.0,0.18695,0.0178,0.03565,0.7596
522.0,0.1864,0.0177,0.0354,0.7605
523.0,0.186,0.01815,0.03525,0.7606
524.0,0.185,0.01895,0.03435,0.7617
525.0,0.1849,0.01885,0.03475,0.7615
526.0,0.18575,0.01815,0.03485,0.76125
527.0,0.18585,0.01785,0.0369,0.7594
528.0,0.18565,0.0167,0.03735,0.7603
529.0,0.18515,0.0171,0.03775,0.76
530.0,0.18495,0.0181,0.0366,0.76035
531.0,0.18455,0.01805,0.03765,0.75975
532.0,0.18475,0.01785,0.03765,0.75975
533.0,0.18355,0.01975,0.03755,0.75915
534.0,0.18225,0.0191,0.0386,0.76005
535.0,0.18065,0.02025,0.0383,0.7608
536.0,0.1805,0.0188,0.03825,0.76245
537.0,0.18035,0.019,0.03835,0.7623
538.0,0.17945,0.0195,0.038,0.76305
539.0,0.17815,0.0191,0.0388,0.76395
540.0,0.17725,0.0193,0.0382,0.76525
541.0,0.1772,0.01825,0.03775,0.7668
542.0,0.1786,0.01725,0.03855,0.7656
543.0,0.1771,0.01795,0.039,0.76595
544.0,0.1765,0.01885,0.03885,0.7658
545.0,0.17595,0.0186,0.039,0.76645
546.0,0.1759,0.0192,0.0382,0.7667
547.0,0.175,0.019,0.03885,0.76715
548.0,0.17435,0.01785,0.03995,0.76785
549.0,0.17535,0.01685,0.03945,0.76835
550.0,0.1764,0.01665,0.0389,0.76805
551.0,0.17735,0.0165,0.0394,0.76675
552.0,0.1764,0.01775,0.03865,0.7672
553.0,0.1768,0.01645,0.03995,0.7668
554.0,0.1763,0.0169,0.0393,0.7675
555.0,0.17645,0.01775,0.0378,0.768
556.0,0.1782,0.01665,0.0376,0.76755
557.0,0.17845,0.0166,0.03745,0.7675
558.0,0.1791,0.0159,0.03735,0.76765
559.0,0.1791,0.01675,0.03655,0.7676
560.0,0.17795,0.0175,0.03725,0.7673
561.0,0.17655,0.01865,0.0371,0.7677
562.0,0.1765,0.018,0.0369,0.7686
563.0,0.17615,0.01705,0.037,0.7698
564.0,0.17575,0.0165,0.0381,0.76965
565.0,0.17565,0.01735,0.0372,0.7698
566.0,0.1757,0.0176,0.0361,0.7706
567.0,0.17565,0.0177,0.03565,0.771
568.0,0.17655,0.01625,0.03645,0.77075
569.0,0.17665,0.01625,0.0358,0.7713
570.0,0.1772,0.01655,0.03565,0.7706
571.0,0.1775,0.01655,0.03595,0.77
572.0,0.17725,0.01655,0.03615,0.77005
573.0,0.17685,0.01825,0.03555,0.76935
574.0,0.17705,0.01765,0.0354,0.7699
575.0,0.17665,0.01735,0.0358,0.7702
576.0,0.1762,0.0179,0.0365,0.7694
577.0,0.1774,0.01775,0.03725,0.7676
578.0,0.1788,0.01725,0.03585,0.7681
579.0,0.17705,0.0192,0.0355,0.76825
580.0,0.1785,0.01775,0.03635,0.7674
581.0,0.1787,0.01815,0.03625,0.7669
582.0,0.17875,0.0185,0.03565,0.7671
583.0,0.17795,0.0191,0.03685,0.7661
584.0,0.1781,0.0191,0.0379,0.7649
585.0,0.17925,0.01795,0.03825,0.76455
586.0,0.1787,0.0181,0.0384,0.7648
587.0,0.1788,0.0178,0.0381,0.7653
588.0,0.1785,0.01825,0.0381,0.76515
589.0,0.1783,0.0185,0.0385,0.7647
590.0,0.1787,0.0189,0.0387,0.7637
591.0,0.1772,0.01865,0.03935,0.7648
592.0,0.17755,0.0181,0.0403,0.76405
593.0,0.177,0.0183,0.039,0.7657
594.0,0.17605,0.0183,0.03885,0.7668
595.0,0.17615,0.01815,0.0382,0.7675
596.0,0.1757,0.0177,0.03835,0.76825
597.0,0.17465,0.01885,0.03775,0.76875
598.0,0.1736,0.01925,0.0369,0.77025
599.0,0.17345,0.0193,0.0366,0.77065
600.0,0.17485,0.0181,0.037,0.77005
601.0,0.17515,0.0176,0.03705,0.7702
602.0,0.17545,0.01765,0.03715,0.76975
603.0,0.17485,0.01785,0.03645,0.77085
604.0,0.17345,0.01895,0.0365,0.7711
605.0,0.1742,0.01835,0.037,0.77045
606.0,0.1744,0.01865,0.03755,0.7694
607.0,0.1744,0.0187,0.03735,0.76955
608.0,0.1741,0.0186,0.0376,0.7697
609.0,0.17405,0.0174,0.03805,0.7705
610.0,0.1752,0.017,0.03855,0.76925
611.0,0.1752,0.0182,0.03775,0.76885
612.0,0.17505,0.01855,0.03765,0.76875
613.0,0.1744,0.01935,0.0381,0.76815
614.0,0.17415,0.01985,0.0375,0.7685
615.0,0.1738,0.01925,0.0383,0.76865
616.0,0.17335,0.01895,0.0382,0.7695
617.0,0.173,0.0193,0.03735,0.77035
618.0,0.1726,0.01825,0.03865,0.7705
619.0,0.17315,0.01775,0.0387,0.7704
620.0,0.173,0.01755,0.0387,0.77075
621.0,0.17305,0.01725,0.0388,0.7709
622.0,0.173,0.0174,0.03725,0.77235
623.0,0.1738,0.0172,0.03675,0.77225
624.0,0.17405,0.0172,0.03675,0.772
625.0,0.17375,0.018,0.0362,0.77205
626.0,0.175,0.01635,0.0368,0.77185
627.0,0.175,0.01605,0.03755,0.7714
628.0,0.1743,0.01665,0.03625,0.7728
629.0,0.17465,0.0168,0.03525,0.7733
630.0,0.17615,0.01635,0.03465,0.77285
631.0,0.1771,0.01645,0.03485,0.7716
632.0,0.1778,0.01625,0.03345,0.7725
633.0,0.17725,0.0161,0.03395,0.7727
634.0,0.1769,0.0171,0.03295,0.77305
635.0,0.17695,0.01635,0.03335,0.77335
636.0,0.1776,0.0164,0.03335,0.77265
637.0,0.17775,0.0162,0.034,0.77205
638.0,0.1787,0.0159,0.03465,0.77075
639.0,0.1792,0.01615,0.03415,0.7705
640.0,0.1806,0.0162,0.034,0.7692
641.0,0.1802,0.01705,0.0338,0.76895
642.0,0.18135,0.0163,0.0347,0.76765
643.0,0.1821,0.0161,0.0336,0.7682
644.0,0.18375,0.0162,0.03285,0.7672
645.0,0.1839,0.0156,0.033,0.7675
646.0,0.18425,0.01485,0.03345,0.76745
647.0,0.18535,0.01435,0.03295,0.76735
648.0,0.18685,0.0143,0.0326,0.76625
649.0,0.18675,0.0149,0.0322,0.76615
650.0,0.18815,0.0148,0.0317,0.76535
651.0,0.188,0.0149,0.0321,0.765
652.0,0.18875,0.0157,0.0324,0.76315
653.0,0.18885,0.01585,0.0314,0.7639
654.0,0.18985,0.0161,0.0313,0.76275
655.0,0.1906,0.01585,0.0318,0.76175
656.0,0.1917,0.01595,0.0327,0.75965
657.0,0.19165,0.0157,0.03255,0.7601
658.0,0.19265,0.0144,0.0334,0.75955
659.0,0.1934,0.0149,0.03355,0.75815
660.0,0.1945,0.0161,0.03295,0.75645
661.0,0.19315,0.01685,0.0334,0.7566
662.0,0.1935,0.01665,0.03435,0.7555
663.0,0.1935,0.0165,0.035,0.755
664.0,0.1926,0.01745,0.0345,0.75545
665.0,0.19245,0.0167,0.0339,0.75695
666.0,0.19285,0.0174,0.03315,0.7566
667.0,0.19325,0.01715,0.0329,0.7567
668.0,0.1927,0.01775,0.0331,0.75645
669.0,0.19305,0.01765,0.0335,0.7558
670.0,0.19325,0.0179,0.0345,0.75435
671.0,0.19265,0.0184,0.03345,0.7555
672.0,0.19125,0.01865,0.03435,0.75575
673.0,0.1899,0.019,0.0347,0.7564
674.0,0.1898,0.0189,0.0362,0.7551
675.0,0.18905,0.01925,0.0372,0.7545
676.0,0.1875,0.01885,0.0385,0.75515
677.0,0.1857,0.0197,0.03845,0.75615
678.0,0.18465,0.01975,0.0393,0.7563
679.0,0.1843,0.0197,0.039,0.757
680.0,0.18415,0.0198,0.0396,0.75645
681.0,0.1832,0.0211,0.04045,0.75525
682.0,0.18195,0.02025,0.04025,0.75755
683.0,0.182,0.01915,0.0409,0.75795
684.0,0.18205,0.01825,0.0401,0.7596
685.0,0.1808,0.0192,0.0401,0.7599
686.0,0.18005,0.01915,0.03965,0.76115
687.0,0.1788,0.0193,0.0394,0.7625
688.0,0.17825,0.01945,0.04,0.7623
689.0,0.1763,0.01995,0.0405,0.76325
690.0,0.1745,0.02,0.0415,0.764
691.0,0.17315,0.0202,0.04275,0.7639
692.0,0.1721,0.0195,0.0437,0.7647
693.0,0.17105,0.01955,0.04385,0.76555
694.0,0.17055,0.02005,0.04285,0.76655
695.0,0.17085,0.0199,0.0417,0.76755
696.0,0.1707,0.01935,0.0406,0.76935
697.0,0.1695,0.02,0.04,0.7705
698.0,0.1691,0.02,0.03985,0.77105
699.0,0.16985,0.01895,0.0408,0.7704
700.0,0.16855,0.01955,0.04025,0.77165
701.0,0.16755,0.01965,0.0414,0.7714
702.0,0.16765,0.02005,0.041,0.7713
703.0,0.16795,0.0185,0.0399,0.77365
704.0,0.1677,0.0182,0.039,0.7751
705.0,0.16785,0.0184,0.03905,0.7747
706.0,0.1677,0.0184,0.03845,0.77545
707.0,0.16805,0.01825,0.03855,0.77515
708.0,0.1677,0.0184,0.03775,0.77615
709.0,0.1673,0.0186,0.0373,0.7768
710.0,0.1678,0.0173,0.03725,0.77765
711.0,0.16845,0.0172,0.0371,0.77725
712.0,0.1685,0.01655,0.0376,0.77735
713.0,0.16865,0.01615,0.0361,0.7791
714.0,0.1694,0.01685,0.03445,0.7793
715.0,0.1703,0.01535,0.03585,0.7785
716.0,0.1703,0.01515,0.03535,0.7792
717.0,0.1711,0.0148,0.0343,0.7798
718.0,0.17225,0.01485,0.03425,0.77865
719.0,0.17255,0.01555,0.03395,0.77795
720.0,0.1725,0.0152,0.03405,0.77825
721.0,0.1724,0.0162,0.03475,0.77665
722.0,0.1728,0.01595,0.0349,0.77635
723.0,0.1737,0.0163,0.0342,0.7758
724.0,0.17455,0.01575,0.03305,0.77665
725.0,0.17515,0.0153,0.0347,0.77485
726.0,0.17605,0.01545,0.035,0.7735
727.0,0.17605,0.0158,0.0346,0.77355
728.0,0.17565,0.01625,0.03415,0.77395
729.0,0.17615,0.01605,0.0342,0.7736
730.0,0.17655,0.01665,0.0334,0.7734
