time,propSusceptible,propExposed,propInfected,propRecovered
0.0,0.999,0.0,0.001,0.0
1.0,0.9982,0.0008,0.00065,0.00035
2.0,0.99775,0.00105,0.00075,0.00045
3.0,0.99715,0.0013,0.00105,0.0005
4.0,0.9958,0.0021,0.0014,0.0007
5.0,0.99505,0.00215,0.00185,0.00095
6.0,0.9933,0.00335,0.002,0.00135
7.0,0.9914,0.00425,0.00285,0.0015
8.0,0.98845,0.0058,0.00425,0.0015
9.0,0.98515,0.00715,0.0058,0.0019
10.0,0.98055,0.00995,0.0066,0.0029
11.0,0.97415,0.0133,0.00865,0.0039
12.0,0.9673,0.01645,0.01125,0.005
13.0,0.9578,0.0217,0.01365,0.00685
14.0,0.94605,0.028,0.01745,0.0085
15.0,0.93155,0.0348,0.02265,0.011
16.0,0.9119,0.0443,0.0299,0.0139
17.0,0.88845,0.05515,0.0389,0.0175
18.0,0.8562,0.0704,0.05085,0.02255
19.0,0.81785,0.08915,0.06275,0.03025
20.0,0.7745,0.1072,0.07845,0.03985
21.0,0.7227,0.128,0.0986,0.0507
22.0,0.66425,0.15165,0.12075,0.06335
23.0,0.6018,0.16985,0.1491,0.07925
24.0,0.52905,0.1963,0.17545,0.0992
25.0,0.45745,0.21585,0.2027,0.124
26.0,0.3854,0.2251,0.23965,0.14985
27.0,0.3167,0.23075,0.2709,0.18165
28.0,0.2516,0.22925,0.29965,0.2195
29.0,0.2007,0.21535,0.32375,0.2602
30.0,0.15515,0.20075,0.3417,0.3024
31.0,0.11595,0.1858,0.35325,0.345
32.0,0.08795,0.161,0.35925,0.3918
33.0,0.06795,0.137,0.3565,0.43855
34.0,0.05425,0.1136,0.3466,0.48555
35.0,0.04365,0.095,0.3301,0.53125
36.0,0.03585,0.078,0.31135,0.5748
37.0,0.03235,0.06055,0.2934,0.6137
38.0,0.02845,0.04965,0.2705,0.6514
39.0,0.025,0.0407,0.2505,0.6838
40.0,0.0223,0.0333,0.2294,0.715
41.0,0.02125,0.0267,0.2097,0.74235
42.0,0.0209,0.0228,0.18845,0.76785
43.0,0.021,0.0191,0.16885,0.79105
44.0,0.02115,0.01545,0.1524,0.811
45.0,0.0218,0.0131,0.13595,0.82915
46.0,0.0225,0.01195,0.121,0.84455
47.0,0.0235,0.01,0.109,0.8575
48.0,0.024,0.0088,0.09765,0.86955
49.0,0.02515,0.00835,0.0868,0.8797
50.0,0.02675,0.0066,0.07715,0.8895
51.0,0.02965,0.00565,0.06815,0.89655
52.0,0.0313,0.00535,0.06065,0.9027
53.0,0.0341,0.005,0.0531,0.9078
54.0,0.03595,0.00495,0.04735,0.91175
55.0,0.03915,0.004,0.042,0.91485
56.0,0.0414,0.00355,0.0372,0.91785
57.0,0.04415,0.00295,0.033,0.9199
58.0,0.0469,0.0034,0.0292,0.9205
59.0,0.04965,0.00335,0.0265,0.9205
60.0,0.05215,0.0032,0.0237,0.92095
61.0,0.0552,0.00295,0.0212,0.92065
62.0,0.0577,0.0027,0.0196,0.92
63.0,0.0602,0.0027,0.01715,0.91995
64.0,0.0631,0.00285,0.01485,0.9192
65.0,0.06535,0.00295,0.0125,0.9192
66.0,0.06825,0.0029,0.01135,0.9175
67.0,0.07025,0.00325,0.0105,0.916
68.0,0.07345,0.00265,0.00935,0.91455
69.0,0.0763,0.00225,0.00895,0.9125
70.0,0.0786,0.0024,0.0079,0.9111
71.0,0.0812,0.00225,0.00725,0.9093
72.0,0.08385,0.0017,0.00705,0.9074
73.0,0.0872,0.00155,0.0065,0.90475
74.0,0.0896,0.00185,0.0062,0.90235
75.0,0.0929,0.0017,0.0056,0.8998
76.0,0.0957,0.00155,0.005,0.89775
77.0,0.09865,0.0015,0.0046,0.89525
78.0,0.102,0.0012,0.00425,0.89255
79.0,0.104,0.0011,0.00405,0.89085
80.0,0.1068,0.00105,0.0034,0.88875
81.0,0.10895,0.00085,0.0033,0.8869
82.0,0.1118,0.0008,0.00315,0.88425
83.0,0.11425,0.00075,0.0027,0.8823
84.0,0.11685,0.00065,0.00265,0.87985
85.0,0.11935,0.0007,0.00235,0.8776
86.0,0.1217,0.0006,0.0022,0.8755
87.0,0.1241,0.0007,0.0021,0.8731
88.0,0.1269,0.0007,0.002,0.8704
89.0,0.1292,0.0007,0.00175,0.86835
90.0,0.131,0.0009,0.00175,0.86635
91.0,0.13385,0.0008,0.0016,0.86375
92.0,0.1365,0.0007,0.00175,0.86105
93.0,0.13875,0.0008,0.00165,0.8588
94.0,0.14105,0.0008,0.00165,0.8565
95.0,0.1434,0.0009,0.0016,0.8541
96.0,0.14705,0.00075,0.00175,0.85045
97.0,0.149,0.00075,0.00175,0.8485
98.0,0.1518,0.0008,0.00165,0.84575
99.0,0.15465,0.00085,0.00135,0.84315
100.0,0.15685,0.0009,0.0013,0.84095
101.0,0.1591,0.00095,0.0011,0.83885
102.0,0.16125,0.00085,0.00125,0.83665
103.0,0.1635,0.0008,0.0013,0.8344
104.0,0.1658,0.00085,0.0012,0.83215
105.0,0.16845,0.00075,0.0013,0.8295
106.0,0.1708,0.0006,0.0012,0.8274
107.0,0.17325,0.0006,0.0013,0.82485
108.0,0.17525,0.00065,0.0013,0.8228
109.0,0.177,0.00085,0.0013,0.82085
110.0,0.17905,0.0007,0.0013,0.81895
111.0,0.1815,0.00065,0.0014,0.81645
112.0,0.1843,0.00045,0.00135,0.8139
113.0,0.1863,0.00055,0.0012,0.81195
114.0,0.1883,0.0005,0.0013,0.8099
115.0,0.19075,0.0005,0.00115,0.8076
116.0,0.1925,0.00055,0.0012,0.80575
117.0,0.19445,0.00055,0.001,0.804
118.0,0.19705,0.00055,0.001,0.8014
119.0,0.19935,0.00035,0.0012,0.7991
120.0,0.20175,0.0005,0.0012,0.79655
121.0,0.2039,0.00075,0.0012,0.79415
122.0,0.20555,0.0009,0.00125,0.7923
123.0,0.2085,0.0007,0.00155,0.78925
124.0,0.2104,0.00085,0.0014,0.78735
125.0,0.2131,0.00055,0.00145,0.7849
126.0,0.21515,0.0004,0.00145,0.783
127.0,0.21715,0.00055,0.00125,0.78105
128.0,0.2193,0.00065,0.00105,0.779
129.0,0.22125,0.00055,0.0011,0.7771
130.0,0.2231,0.0006,0.00115,0.77515
131.0,0.2255,0.00065,0.00115,0.7727
132.0,0.22795,0.0008,0.00125,0.77
133.0,0.23035,0.00085,0.00125,0.76755
134.0,0.23225,0.0007,0.0012,0.76585
135.0,0.2339,0.0007,0.0014,0.764
136.0,0.23645,0.00065,0.00155,0.76135
137.0,0.2387,0.0007,0.0015,0.7591
138.0,0.24075,0.00065,0.00165,0.75695
139.0,0.2432,0.00035,0.0017,0.75475
140.0,0.245,0.00055,0.0015,0.75295
141.0,0.24665,0.00065,0.0014,0.7513
142.0,0.2483,0.0006,0.00145,0.74965
143.0,0.24995,0.0007,0.0013,0.74805
144.0,0.25275,0.00075,0.0011,0.7454
145.0,0.25465,0.0008,0.0011,0.74345
146.0,0.2568,0.00065,0.0014,0.74115
147.0,0.2592,0.00085,0.00155,0.7384
148.0,0.26055,0.001,0.0018,0.73665
149.0,0.26195,0.00145,0.00175,0.73485
150.0,0.2634,0.00135,0.00195,0.7333
151.0,0.2653,0.00115,0.00215,0.7314
152.0,0.26705,0.0009,0.0022,0.72985
153.0,0.2686,0.0011,0.0021,0.7282
154.0,0.27005,0.00145,0.002,0.7265
155.0,0.27135,0.00145,0.0022,0.725
156.0,0.2729,0.00165,0.0023,0.72315
157.0,0.2743,0.0018,0.00245,0.72145
158.0,0.27605,0.0017,0.00275,0.7195
159.0,0.2773,0.00175,0.00285,0.7181
160.0,0.2782,0.00195,0.00295,0.7169
161.0,0.2791,0.0023,0.0032,0.7154
162.0,0.27985,0.0027,0.00345,0.714
163.0,0.28065,0.0028,0.0038,0.71275
164.0,0.28195,0.0026,0.00405,0.7114
165.0,0.28295,0.0032,0.00405,0.7098
166.0,0.28385,0.0032,0.0042,0.70875
167.0,0.2849,0.0029,0.00475,0.70745
168.0,0.28555,0.0039,0.0048,0.70575
169.0,0.2863,0.00455,0.00495,0.7042
170.0,0.28725,0.0044,0.006,0.70235
171.0,0.2885,0.005,0.00675,0.69975
172.0,0.2891,0.00495,0.00725,0.6987
173.0,0.28935,0.0053,0.0077,0.69765
174.0,0.2893,0.00565,0.00815,0.6969
175.0,0.2895,0.0059,0.0086,0.696
176.0,0.2894,0.0062,0.009,0.6954
177.0,0.28915,0.0067,0.0092,0.69495
178.0,0.2895,0.0068,0.0093,0.6944
179.0,0.28935,0.0076,0.00995,0.6931
180.0,0.29055,0.00735,0.01115,0.69095
181.0,0.2899,0.0083,0.01155,0.69025
182.0,0.2894,0.00845,0.01275,0.6894
183.0,0.2881,0.0091,0.0136,0.6892
184.0,0.2875,0.00895,0.0146,0.68895
185.0,0.28705,0.00955,0.01485,0.68855
186.0,0.28655,0.0099,0.01535,0.6882
187.0,0.28545,0.0101,0.01625,0.6882
188.0,0.2843,0.01045,0.0167,0.68855
189.0,0.28265,0.0108,0.01735,0.6892
190.0,0.28125,0.0112,0.0185,0.68905
191.0,0.2793,0.01205,0.01955,0.6891
192.0,0.27765,0.01255,0.02,0.6898
193.0,0.2758,0.014,0.01945,0.69075
194.0,0.27405,0.0142,0.0211,0.69065
195.0,0.27225,0.01425,0.0222,0.6913
196.0,0.2694,0.0139,0.02435,0.69235
197.0,0.26615,0.01465,0.02565,0.69355
198.0,0.2624,0.0161,0.0263,0.6952
199.0,0.2582,0.0185,0.02625,0.69705
200.0,0.25515,0.01865,0.02745,0.69875
201.0,0.25235,0.0189,0.0289,0.69985
202.0,0.2479,0.0194,0.03155,0.70115
203.0,0.2446,0.0198,0.03295,0.70265
204.0,0.24145,0.0201,0.0343,0.70415
205.0,0.23705,0.0214,0.03505,0.7065
206.0,0.23215,0.02235,0.0354,0.7101
207.0,0.22905,0.02205,0.03635,0.71255
208.0,0.2253,0.02155,0.03725,0.7159
209.0,0.22105,0.02265,0.03825,0.71805
210.0,0.21685,0.0231,0.03915,0.7209
211.0,0.21275,0.02275,0.04135,0.72315
212.0,0.2093,0.022,0.0418,0.7269
213.0,0.2055,0.02265,0.0419,0.72995
214.0,0.20165,0.0228,0.04145,0.7341
215.0,0.19855,0.0219,0.043,0.73655
216.0,0.19525,0.02205,0.04335,0.73935
217.0,0.19175,0.0216,0.04405,0.7426
218.0,0.1883,0.02145,0.04465,0.7456
219.0,0.186,0.02095,0.04375,0.7493
220.0,0.18375,0.02065,0.043,0.7526
221.0,0.18135,0.02075,0.04355,0.75435
222.0,0.1795,0.0204,0.04335,0.75675
223.0,0.17715,0.0206,0.04255,0.7597
224.0,0.17425,0.0212,0.0429,0.76165
225.0,0.1707,0.022,0.0433,0.764
226.0,0.1684,0.02145,0.0437,0.76645
227.0,0.1663,0.02135,0.0427,0.76965
228.0,0.1644,0.0216,0.04125,0.77275
229.0,0.1627,0.02065,0.0423,0.77435
230.0,0.1621,0.0189,0.04305,0.77595
231.0,0.16045,0.01885,0.0419,0.7788
232.0,0.15845,0.01775,0.0414,0.7824
233.0,0.15585,0.0186,0.04,0.78555
234.0,0.15465,0.01865,0.03945,0.78725
235.0,0.1528,0.01925,0.03905,0.7889
236.0,0.1513,0.018,0.03925,0.79145
237.0,0.15055,0.01815,0.0385,0.7928
238.0,0.14995,0.0171,0.0389,0.79405
239.0,0.1485,0.01625,0.03975,0.7955
240.0,0.148,0.0168,0.03805,0.79715
241.0,0.1475,0.016,0.0381,0.7984
242.0,0.14615,0.0161,0.03675,0.801
243.0,0.1457,0.01555,0.035,0.80375
244.0,0.14565,0.01545,0.0341,0.8048
245.0,0.1466,0.01435,0.0336,0.80545
246.0,0.148,0.014,0.0335,0.8045
247.0,0.14825,0.01335,0.03235,0.80605
248.0,0.14885,0.0134,0.0315,0.80625
249.0,0.1491,0.0128,0.0317,0.8064
250.0,0.1479,0.01375,0.03135,0.807
251.0,0.1475,0.01325,0.0309,0.80835
252.0,0.14825,0.0136,0.0304,0.80775
253.0,0.149,0.01305,0.03035,0.8076
254.0,0.15075,0.0128,0.0298,0.80665
255.0,0.15095,0.01285,0.02975,0.80645
256.0,0.1518,0.01265,0.029,0.80655
257.0,0.153,0.01155,0.02935,0.8061
258.0,0.154,0.01175,0.0283,0.80595
259.0,0.1543,0.01225,0.02735,0.8061
260.0,0.15475,0.013,0.0269,0.80535
261.0,0.15515,0.01235,0.02625,0.80625
262.0,0.15695,0.0121,0.02535,0.8056
263.0,0.15875,0.0114,0.02525,0.8046
264.0,0.1607,0.01085,0.02515,0.8033
265.0,0.1617,0.01165,0.02435,0.8023
266.0,0.1622,0.011,0.02455,0.80225
267.0,0.16315,0.0113,0.02445,0.8011
268.0,0.16465,0.0123,0.0234,0.79965
269.0,0.16615,0.01205,0.0231,0.7987
270.0,0.1669,0.0114,0.0225,0.7992
271.0,0.1685,0.0101,0.02285,0.79855
272.0,0.17005,0.0098,0.0233,0.79685
273.0,0.17135,0.01015,0.0226,0.7959
274.0,0.17335,0.0093,0.0231,0.79425
275.0,0.17585,0.0109,0.0217,0.79155
276.0,0.1774,0.0104,0.0226,0.7896
277.0,0.17695,0.011,0.023,0.78905
278.0,0.17875,0.01,0.023,0.78825
279.0,0.17865,0.0098,0.0224,0.78915
280.0,0.17975,0.01095,0.02245,0.78685
281.0,0.1813,0.01035,0.0226,0.78575
282.0,0.18185,0.00995,0.0228,0.7854
283.0,0.1829,0.01025,0.0226,0.78425
284.0,0.1832,0.01045,0.0228,0.78355
285.0,0.18475,0.0108,0.0219,0.78255
286.0,0.18685,0.01045,0.02245,0.78025
287.0,0.1885,0.01035,0.02245,0.7787
288.0,0.1895,0.01095,0.0225,0.77705
289.0,0.1907,0.01145,0.0225,0.77535
290.0,0.1927,0.01015,0.02255,0.7746
291.0,0.1943,0.0093,0.0227,0.7737
292.0,0.19415,0.01075,0.0223,0.7728
293.0,0.19565,0.01215,0.02175,0.77045
294.0,0.1966,0.01215,0.02255,0.7687
295.0,0.19725,0.0115,0.0232,0.76805
296.0,0.19855,0.01205,0.02345,0.76595
297.0,0.199,0.01235,0.0238,0.76485
298.0,0.19975,0.01235,0.0236,0.7643
299.0,0.20055,0.01225,0.0245,0.7627
300.0,0.2014,0.0126,0.0239,0.7621
301.0,0.20325,0.01255,0.0234,0.7608
302.0,0.2033,0.01355,0.0234,0.75975
303.0,0.2052,0.01315,0.02425,0.7574
304.0,0.20545,0.0128,0.025,0.75675
305.0,0.20715,0.0125,0.02445,0.7559
306.0,0.20705,0.0132,0.02445,0.7553
307.0,0.2079,0.0141,0.02475,0.75325
308.0,0.2079,0.0139,0.0247,0.7535
309.0,0.20855,0.01365,0.0254,0.7524
310.0,0.2117,0.0128,0.0255,0.75
311.0,0.2116,0.0135,0.02625,0.74865
312.0,0.21185,0.01385,0.02615,0.74815
313.0,0.2118,0.01425,0.0266,0.74735
314.0,0.21215,0.01355,0.02775,0.74655
315.0,0.21105,0.0146,0.02745,0.7469
316.0,0.21105,0.0151,0.0262,0.74765
317.0,0.21175,0.0149,0.0266,0.74675
318.0,0.21125,0.0157,0.02695,0.7461
319.0,0.21135,0.01505,0.02885,0.74475
320.0,0.21105,0.0153,0.029,0.74465
321.0,0.2121,0.0152,0.02925,0.74345
322.0,0.2115,0.01495,0.02985,0.7437
323.0,0.2117,0.0149,0.0298,0.7436
324.0,0.2107,0.016,0.0296,0.7437
325.0,0.2107,0.0155,0.03015,0.74365
326.0,0.20905,0.01575,0.0309,0.7443
327.0,0.20905,0.01545,0.0311,0.7444
328.0,0.20805,0.01705,0.03145,0.74345
329.0,0.20715,0.018,0.03095,0.7439
330.0,0.20535,0.0189,0.0321,0.74365
331.0,0.2049,0.0191,0.03235,0.74365
332.0,0.2051,0.01895,0.0331,0.74285
333.0,0.20385,0.0201,0.033,0.74305
334.0,0.2029,0.0195,0.03375,0.74385
335.0,0.2028,0.01855,0.0348,0.74385
336.0,0.2011,0.0187,0.03505,0.74515
337.0,0.2014,0.0179,0.03505,0.74565
338.0,0.19935,0.01905,0.03545,0.74615
339.0,0.1988,0.0185,0.0367,0.746
340.0,0.19835,0.0192,0.0369,0.74555
341.0,0.1973,0.01885,0.03735,0.7465
342.0,0.19615,0.0191,0.03665,0.7481
343.0,0.1944,0.0199,0.03705,0.74865
344.0,0.19355,0.01995,0.03665,0.74985
345.0,0.1924,0.0201,0.0389,0.7486
346.0,0.19165,0.02085,0.0381,0.7494
347.0,0.191,0.0206,0.03855,0.74985
348.0,0.1898,0.0198,0.0399,0.7505
349.0,0.1885,0.02,0.0399,0.7516
350.0,0.1867,0.01955,0.04065,0.7531
351.0,0.18445,0.0205,0.0413,0.75375
352.0,0.18325,0.02075,0.04175,0.75425
353.0,0.1828,0.0197,0.04325,0.75425
354.0,0.1821,0.0202,0.04295,0.75475
355.0,0.18015,0.02075,0.0441,0.755
356.0,0.1782,0.02145,0.04445,0.7559
357.0,0.1745,0.0226,0.04495,0.75795
358.0,0.17445,0.022,0.045,0.75855
359.0,0.17355,0.02125,0.0453,0.7599
360.0,0.17185,0.0226,0.0437,0.76185
361.0,0.1718,0.02125,0.0443,0.76265
362.0,0.1709,0.02105,0.04405,0.764
363.0,0.1693,0.0207,0.04475,0.76525
364.0,0.16915,0.0203,0.04425,0.7663
365.0,0.1678,0.0201,0.04395,0.76815
366.0,0.1661,0.02115,0.04425,0.7685
367.0,0.16595,0.0204,0.04475,0.7689
368.0,0.1658,0.0209,0.0436,0.7697
369.0,0.16525,0.0196,0.04415,0.771
370.0,0.16425,0.02065,0.04355,0.77155
371.0,0.1639,0.0203,0.0431,0.7727
372.0,0.16415,0.0205,0.0408,0.77455
373.0,0.16395,0.02045,0.04035,0.77525
374.0,0.16375,0.02025,0.0408,0.7752
375.0,0.1639,0.0192,0.0414,0.7755
376.0,0.1629,0.0202,0.0413,0.7756
377.0,0.162,0.01965,0.04165,0.7767
378.0,0.1617,0.01865,0.04235,0.7773
379.0,0.16145,0.01975,0.0409,0.7779
380.0,0.1623,0.01905,0.04065,0.778
381.0,0.16165,0.01925,0.0388,0.7803
382.0,0.1619,0.0185,0.0392,0.7804
383.0,0.1629,0.0182,0.03935,0.77955
384.0,0.163,0.01795,0.0392,0.77985
385.0,0.16165,0.01975,0.03795,0.78065
386.0,0.16145,0.019,0.03835,0.7812
387.0,0.16095,0.01935,0.0388,0.7809
388.0,0.16155,0.01805,0.038,0.7824
389.0,0.1626,0.0187,0.0369,0.7818
390.0,0.1635,0.01855,0.036,0.78195
391.0,0.1643,0.0174,0.03685,0.78145
392.0,0.1637,0.0172,0.0368,0.7823
393.0,0.1646,0.01635,0.03735,0.7817
394.0,0.16515,0.01595,0.03525,0.78365
395.0,0.1657,0.0151,0.03475,0.78445
396.0,0.1666,0.01475,0.03505,0.7836
397.0,0.16795,0.0144,0.03445,0.7832
398.0,0.169,0.01515,0.0332,0.78265
399.0,0.1693,0.01635,0.033,0.78135
400.0,0.1707,0.01615,0.0325,0.78065
401.0,0.1714,0.0145,0.03375,0.78035
402.0,0.17205,0.01455,0.0332,0.7802
403.0,0.17195,0.0151,0.0326,0.78035
404.0,0.17225,0.0151,0.03185,0.7808
405.0,0.17285,0.0152,0.03175,0.7802
406.0,0.17385,0.01465,0.0319,0.7796
407.0,0.17435,0.0143,0.0311,0.78025
408.0,0.17605,0.0144,0.03065,0.7789
409.0,0.1773,0.01405,0.0297,0.77895
410.0,0.17675,0.01455,0.0296,0.7791
411.0,0.17735,0.0149,0.02965,0.7781
412.0,0.17735,0.0151,0.02895,0.7786
413.0,0.17845,0.01445,0.02895,0.77815
414.0,0.18,0.01365,0.02955,0.7768
415.0,0.18155,0.01355,0.02815,0.77675
416.0,0.1833,0.01285,0.02805,0.7758
417.0,0.18505,0.01275,0.0282,0.774
418.0,0.1853,0.01425,0.0277,0.77275
419.0,0.1855,0.01385,0.0286,0.77205
420.0,0.1866,0.0133,0.0277,0.7724
421.0,0.1873,0.01305,0.02755,0.7721
422.0,0.18935,0.01275,0.0271,0.7708
423.0,0.1901,0.01325,0.0265,0.77015
424.0,0.19135,0.0136,0.02535,0.7697
425.0,0.1931,0.0128,0.02505,0.76905
426.0,0.1942,0.0131,0.0254,0.7673
427.0,0.1957,0.0127,0.02545,0.76615
428.0,0.19665,0.01305,0.02495,0.76535
429.0,0.19625,0.0135,0.0252,0.76505
430.0,0.1966,0.01425,0.0246,0.76455
431.0,0.19785,0.0138,0.0253,0.76305
432.0,0.2001,0.013,0.0248,0.7621
433.0,0.2017,0.0126,0.02495,0.76075
434.0,0.2024,0.0132,0.0249,0.7595
435.0,0.2038,0.0122,0.0256,0.7584
436.0,0.2052,0.01285,0.0254,0.75655
437.0,0.2068,0.0135,0.0254,0.7543
438.0,0.20775,0.0138,0.02565,0.7528
439.0,0.20865,0.01375,0.02615,0.75145
440.0,0.21045,0.01385,0.02515,0.75055
441.0,0.21165,0.01315,0.02605,0.74915
442.0,0.21185,0.0142,0.0253,0.74865
443.0,0.21165,0.0143,0.02535,0.7487
444.0,0.21175,0.0146,0.02685,0.7468
445.0,0.21215,0.01455,0.0269,0.7464
446.0,0.21085,0.01445,0.0281,0.7466
447.0,0.21065,0.0151,0.028,0.74625
448.0,0.2099,0.01575,0.028,0.74635
449.0,0.2097,0.01665,0.02875,0.7449
450.0,0.2097,0.0164,0.02935,0.74455
451.0,0.20915,0.01715,0.03025,0.74345
452.0,0.20895,0.0172,0.03145,0.7424
453.0,0.20865,0.0166,0.0325,0.74225
454.0,0.2077,0.01715,0.0329,0.74225
455.0,0.20695,0.0179,0.0326,0.74255
456.0,0.2063,0.01625,0.0348,0.74265
457.0,0.20505,0.0171,0.0343,0.74355
458.0,0.2037,0.01815,0.0342,0.74395
459.0,0.20335,0.01785,0.0345,0.7443
460.0,0.2029,0.01845,0.03395,0.7447
461.0,0.2018,0.0183,0.03485,0.74505
462.0,0.20125,0.01835,0.0347,0.7457
463.0,0.19975,0.01955,0.03525,0.74545
464.0,0.20085,0.0174,0.03715,0.7446
465.0,0.1988,0.0194,0.0362,0.7456
466.0,0.1983,0.01945,0.03585,0.7464
467.0,0.1973,0.0188,0.0364,0.7475
468.0,0.196,0.01885,0.03605,0.7491
469.0,0.1948,0.01955,0.0366,0.74905
470.0,0.19455,0.01955,0.0373,0.7486
471.0,0.1945,0.01985,0.03655,0.7491
472.0,0.19325,0.01975,0.0375,0.7495
473.0,0.19245,0.01945,0.0382,0.7499
474.0,0.1919,0.0191,0.03835,0.75065
475.0,0.1908,0.0195,0.03795,0.75175
476.0,0.18985,0.01875,0.0384,0.753
477.0,0.18785,0.01885,0.0392,0.7541
478.0,0.1861,0.01955,0.03925,0.7551
479.0,0.18635,0.01935,0.03865,0.75565
480.0,0.18525,0.01985,0.0386,0.7563
481.0,0.18415,0.0203,0.0401,0.75545
482.0,0.18305,0.02085,0.04065,0.75545
483.0,0.1825,0.0205,0.0408,0.7562
484.0,0.1802,0.0209,0.041,0.7579
485.0,0.1808,0.0191,0.0431,0.757
486.0,0.17975,0.019,0.0419,0.75935
487.0,0.17805,0.01925,0.04235,0.76035
488.0,0.17585,0.0195,0.04195,0.7627
489.0,0.17475,0.0204,0.04045,0.7644
490.0,0.17355,0.02045,0.0417,0.7643
491.0,0.17285,0.02035,0.0413,0.7655
492.0,0.1722,0.0204,0.0404,0.767
493.0,0.17245,0.01945,0.04035,0.76775
494.0,0.1713,0.01965,0.04025,0.7688
495.0,0.17,0.0204,0.03955,0.77005
496.0,0.1692,0.02,0.0416,0.7692
497.0,0.16935,0.01925,0.0421,0.7693
498.0,0.16815,0.0198,0.0399,0.77215
499.0,0.16715,0.0202,0.03905,0.7736
500.0,0.1681,0.01845,0.0389,0.77455
501.0,0.16735,0.01865,0.03855,0.77545
502.0,0.1684,0.0167,0.03885,0.77605
503.0,0.16905,0.0162,0.0378,0.77695
504.0,0.168,0.01745,0.0367,0.77785
505.0,0.1678,0.01735,0.0365,0.77835
506.0,0.16805,0.01675,0.0363,0.7789
507.0,0.1684,0.01715,0.0365,0.77795
508.0,0.1694,0.0169,0.0359,0.7778
509.0,0.1704,0.017,0.03535,0.77725
510.0,0.1704,0.0166,0.03575,0.77725
511.0,0.17055,0.016,0.03565,0.7778
512.0,0.1712,0.01625,0.035,0.77755
513.0,0.17105,0.01625,0.0339,0.7788
514.0,0.17215,0.0167,0.03285,0.7783
515.0,0.1724,0.0169,0.0327,0.778
516.0,0.1728,0.01525,0.0337,0.77825
517.0,0.1724,0.01495,0.0337,0.77895
518.0,0.17365,0.0153,0.033,0.77805
519.0,0.17375,0.0148,0.03265,0.7788
520.0,0.1746,0.01505,0.03165,0.7787
521.0,0.17515,0.01565,0.0311,0.7781
522.0,0.17645,0.0157,0.0306,0.77725
523.0,0.17815,0.01525,0.0307,0.7759
524.0,0.1796,0.0144,0.0306,0.7754
525.0,0.1796,0.01485,0.0312,0.77435
526.0,0.1801,0.01425,0.0319,0.77375
527.0,0.18005,0.01395,0.03275,0.77325
528.0,0.1803,0.01455,0.0325,0.77265
529.0,0.18055,0.015,0.0323,0.77215
530.0,0.1814,0.01555,0.0321,0.77095
531.0,0.182,0.0153,0.032,0.7707
532.0,0.1823,0.01515,0.0318,0.77075
533.0,0.1831,0.0164,0.0307,0.7698
534.0,0.18305,0.0163,0.03035,0.7703
535.0,0.1841,0.0145,0.03155,0.76985
536.0,0.18375,0.01525,0.0319,0.7691
537.0,0.1834,0.01525,0.03175,0.7696
538.0,0.18315,0.01615,0.03195,0.76875
539.0,0.1826,0.01605,0.033,0.76835
540.0,0.1843,0.01585,0.03355,0.7663
541.0,0.18485,0.01545,0.0332,0.7665
542.0,0.18505,0.0156,0.0336,0.76575
543.0,0.18525,0.0162,0.0327,0.76585
544.0,0.1862,0.01575,0.0325,0.76555
545.0,0.1863,0.0161,0.03245,0.76515
546.0,0.18685,0.01675,0.03185,0.76455
547.0,0.1876,0.0166,0.0314,0.7644
548.0,0.1876,0.01745,0.03065,0.7643
549.0,0.18825,0.0167,0.03125,0.7638
550.0,0.1886,0.0157,0.032,0.7637
551.0,0.18875,0.0163,0.0315,0.76345
552.0,0.18865,0.0162,0.03255,0.7626
553.0,0.1892,0.01645,0.03245,0.7619
554.0,0.1882,0.01665,0.0331,0.76205
555.0,0.1879,0.0166,0.0338,0.7617
556.0,0.18775,0.017,0.0331,0.76215
557.0,0.18715,0.01725,0.03375,0.76185
558.0,0.18835,0.01685,0.0325,0.7623
559.0,0.18625,0.0183,0.0326,0.76285
560.0,0.18655,0.0176,0.0333,0.76255
561.0,0.1871,0.01745,0.03385,0.7616
562.0,0.18675,0.01715,0.03385,0.76225
563.0,0.1861,0.01765,0.03415,0.7621
564.0,0.1859,0.01735,0.03475,0.762
565.0,0.18645,0.01695,0.0349,0.7617
566.0,0.18605,0.01695,0.03465,0.76235
567.0,0.1862,0.0162,0.0347,0.7629
568.0,0.1861,0.01605,0.0339,0.76395
569.0,0.1858,0.01585,0.0338,0.76455
570.0,0.18645,0.01645,0.03355,0.76355
571.0,0.1865,0.01595,0.03355,0.764
572.0,0.1857,0.0162,0.03435,0.76375
573.0,0.1866,0.01715,0.0341,0.76215
574.0,0.18785,0.0163,0.0342,0.76165
575.0,0.1878,0.0169,0.0336,0.7617
576.0,0.18685,0.0171,0.0342,0.76185
577.0,0.18745,0.0173,0.0335,0.76175
578.0,0.1871,0.01825,0.0326,0.76205
579.0,0.18815,0.01825,0.03205,0.76155
580.0,0.1889,0.0174,0.0328,0.7609
581.0,0.18805,0.01705,0.03305,0.76185
582.0,0.1884,0.01635,0.0334,0.76185
583.0,0.1884,0.0178,0.03275,0.76105
584.0,0.18865,0.01805,0.03275,0.76055
585.0,0.18965,0.0174,0.03285,0.7601
586.0,0.1896,0.01755,0.0326,0.76025
587.0,0.1895,0.0181,0.0328,0.7596
588.0,0.18935,0.01855,0.0335,0.7586
589.0,0.1901,0.01775,0.03255,0.7596
590.0,0.18965,0.01785,0.03315,0.75935
591.0,0.18945,0.0182,0.0337,0.75865
592.0,0.18905,0.01845,0.033,0.7595
593.0,0.18885,0.0175,0.0347,0.75895
594.0,0.1885,0.0177,0.03495,0.75885
595.0,0.18915,0.0187,0.03465,0.7575
596.0,0.18865,0.0182,0.0357,0.75745
597.0,0.1884,0.0181,0.0363,0.7572
598.0,0.18755,0.0183,0.03615,0.758
599.0,0.1869,0.01845,0.0354,0.75925
600.0,0.18745,0.01845,0.0356,0.7585
601.0,0.1867,0.01875,0.03575,0.7588
602.0,0.18665,0.0184,0.03535,0.7596
603.0,0.18755,0.018,0.03585,0.7586
604.0,0.18785,0.0167,0.03765,0.7578
605.0,0.1876,0.01735,0.0369,0.75815
606.0,0.1877,0.0175,0.0365,0.7583
607.0,0.1888,0.01775,0.03645,0.757
608.0,0.18775,0.01855,0.03505,0.75865
609.0,0.1876,0.01835,0.0356,0.75845
610.0,0.18815,0.01685,0.03655,0.75845
611.0,0.1879,0.01625,0.03615,0.7597
612.0,0.1876,0.017,0.0355,0.7599
613.0,0.1885,0.0171,0.0347,0.7597
614.0,0.18905,0.01695,0.0345,0.7595
615.0,0.19045,0.0166,0.0335,0.75945
616.0,0.19015,0.0171,0.0328,0.75995
617.0,0.1896,0.0181,0.03335,0.75895
618.0,0.19,0.01745,0.03315,0.7594
619.0,0.19135,0.0172,0.0334,0.75805
620.0,0.1909,0.01785,0.03215,0.7591
621.0,0.1915,0.01745,0.03275,0.7583
622.0,0.1911,0.0177,0.0327,0.7585
623.0,0.1923,0.0181,0.03225,0.75735
624.0,0.1917,0.0176,0.03345,0.75725
625.0,0.19335,0.01755,0.03315,0.75595
626.0,0.19225,0.01825,0.03465,0.75485
627.0,0.19215,0.0179,0.0356,0.75435
628.0,0.19225,0.01775,0.03645,0.75355
629.0,0.19145,0.01795,0.03665,0.75395
630.0,0.19145,0.0185,0.03615,0.7539
631.0,0.1906,0.0194,0.0365,0.7535
632.0,0.1893,0.01925,0.0371,0.75435
633.0,0.1887,0.0191,0.0378,0.7544
634.0,0.1877,0.02005,0.03825,0.754
635.0,0.1872,0.0207,0.0373,0.7548
636.0,0.1858,0.02015,0.03865,0.7554
637.0,0.1854,0.0191,0.0406,0.7549
638.0,0.18435,0.02015,0.04045,0.75505
639.0,0.18245,0.0209,0.0394,0.75725
640.0,0.1814,0.0214,0.04,0.7572
641.0,0.18145,0.0203,0.04135,0.7569
642.0,0.1815,0.0204,0.0404,0.7577
643.0,0.18005,0.02185,0.03975,0.75835
644.0,0.1803,0.02065,0.0404,0.75865
645.0,0.18095,0.01975,0.0416,0.7577
646.0,0.18085,0.01945,0.04205,0.75765
647.0,0.18005,0.02,0.04095,0.759
648.0,0.18085,0.01865,0.043,0.7575
649.0,0.1817,0.01835,0.0421,0.75785
650.0,0.18165,0.0186,0.0431,0.75665
651.0,0.1811,0.01875,0.04265,0.7575
652.0,0.1806,0.01895,0.04225,0.7582
653.0,0.17945,0.01985,0.0427,0.758
654.0,0.179,0.0202,0.04155,0.75925
655.0,0.1786,0.0199,0.04125,0.76025
656.0,0.17915,0.0193,0.0412,0.76035
657.0,0.17785,0.02,0.0408,0.76135
658.0,0.17835,0.0201,0.04035,0.7612
659.0,0.17825,0.0204,0.0406,0.76075
660.0,0.1783,0.02,0.0407,0.761
661.0,0.1783,0.02015,0.0397,0.76185
662.0,0.17775,0.0185,0.0409,0.76285
663.0,0.17755,0.018,0.04225,0.7622
664.0,0.1763,0.0185,0.0419,0.7633
665.0,0.17635,0.0185,0.0419,0.76325
666.0,0.1756,0.01885,0.04125,0.7643
667.0,0.1751,0.0191,0.03955,0.76625
668.0,0.17535,0.01845,0.0398,0.7664
669.0,0.1741,0.0194,0.0397,0.7668
670.0,0.17315,0.019,0.03955,0.7683
671.0,0.1726,0.0183,0.03925,0.76985
672.0,0.17285,0.0179,0.0387,0.77055
673.0,0.1734,0.0169,0.0386,0.7711
674.0,0.17305,0.01745,0.03785,0.77165
675.0,0.1713,0.01795,0.03775,0.773
676.0,0.1716,0.018,0.037,0.7734
677.0,0.173,0.01675,0.0371,0.77315
678.0,0.1734,0.01685,0.0366,0.77315
679.0,0.1733,0.0168,0.0369,0.773
680.0,0.17365,0.0164,0.03645,0.7735
681.0,0.173,0.01605,0.037,0.77395
682.0,0.17295,0.01685,0.0362,0.774
683.0,0.17385,0.01695,0.03565,0.77355
684.0,0.17315,0.01685,0.03595,0.77405
685.0,0.1722,0.01715,0.03555,0.7751
686.0,0.17265,0.0173,0.0349,0.77515
687.0,0.17225,0.0168,0.0362,0.77475
688.0,0.1727,0.0168,0.03595,0.77455
689.0,0.17265,0.0165,0.0365,0.77435
690.0,0.1731,0.0158,0.03585,0.77525
691.0,0.17435,0.0158,0.03425,0.7756
692.0,0.17475,0.01645,0.0338,0.775
693.0,0.1763,0.01615,0.03425,0.7733
694.0,0.1766,0.01615,0.03325,0.774
695.0,0.1765,0.0156,0.0335,0.7744
696.0,0.1768,0.0151,0.03345,0.77465
697.0,0.17875,0.0149,0.0331,0.77325
698.0,0.1804,0.01445,0.03315,0.772
699.0,0.1812,0.0148,0.0321,0.7719
700.0,0.18305,0.01445,0.0313,0.7712
701.0,0.185,0.0137,0.03085,0.77045
702.0,0.1851,0.01465,0.0305,0.76975
703.0,0.1862,0.0142,0.03025,0.76935
704.0,0.186,0.01475,0.0293,0.76995
705.0,0.1866,0.01475,0.0284,0.77025
706.0,0.18815,0.01425,0.0286,0.769
707.0,0.18815,0.0156,0.02845,0.7678
708.0,0.1878,0.016,0.02855,0.76765
709.0,0.1877,0.0162,0.0288,0.7673
710.0,0.188,0.0151,0.03025,0.76665
711.0,0.18905,0.0157,0.03005,0.7652
712.0,0.19075,0.01555,0.0306,0.7631
713.0,0.1902,0.01655,0.03075,0.7625
714.0,0.1913,0.01655,0.03005,0.7621
715.0,0.1916,0.0176,0.02965,0.76115
716.0,0.1909,0.01745,0.0315,0.76015
717.0,0.19165,0.0176,0.0321,0.75865
718.0,0.1915,0.0172,0.03255,0.75875
719.0,0.19125,0.0177,0.03225,0.7588
720.0,0.1911,0.0183,0.03315,0.75745
721.0,0.19105,0.01765,0.033,0.7583
722.0,0.19025,0.01845,0.0347,0.7566
723.0,0.1903,0.0187,0.0342,0.7568
724.0,0.1898,0.0184,0.03485,0.75695
725.0,0.1903,0.0176,0.0356,0.7565
726.0,0.18965,0.01765,0.0359,0.7568
727.0,0.1882,0.01945,0.0362,0.75615
728.0,0.1875,0.0192,0.03615,0.75715
729.0,0.18745,0.01775,0.0369,0.7579
730.0,0.186,0.01855,0.03645,0.759
