"","step","S","E","I","R","simu","Langage"
"1",0,0.999,0,0.001,0,"Python_23","Pyt_H"
"2",1,0.9981,9e-04,0.001,0,"Python_23","Pyt_H"
"3",2,0.9974,0.0016,0.00095,5e-05,"Python_23","Pyt_H"
"4",3,0.99675,0.0021,0.001,0.00015,"Python_23","Pyt_H"
"5",4,0.996,0.0024,0.0014,2e-04,"Python_23","Pyt_H"
"6",5,0.9947,0.00315,0.0017,0.00045,"Python_23","Pyt_H"
"7",6,0.99285,0.0044,0.0023,0.00045,"Python_23","Pyt_H"
"8",7,0.9914,0.0051,0.00265,0.00085,"Python_23","Pyt_H"
"9",8,0.9886,0.00635,0.00375,0.0013,"Python_23","Pyt_H"
"10",9,0.98545,0.0086,0.00425,0.0017,"Python_23","Pyt_H"
"11",10,0.98185,0.0109,0.00515,0.0021,"Python_23","Pyt_H"
"12",11,0.9777,0.01295,0.0069,0.00245,"Python_23","Pyt_H"
"13",12,0.972,0.0163,0.00855,0.00315,"Python_23","Pyt_H"
"14",13,0.9646,0.02005,0.01135,0.004,"Python_23","Pyt_H"
"15",14,0.956,0.0256,0.01365,0.00475,"Python_23","Pyt_H"
"16",15,0.9444,0.03215,0.01745,0.006,"Python_23","Pyt_H"
"17",16,0.9294,0.0417,0.02135,0.00755,"Python_23","Pyt_H"
"18",17,0.9125,0.0506,0.0275,0.0094,"Python_23","Pyt_H"
"19",18,0.89195,0.0619,0.034,0.01215,"Python_23","Pyt_H"
"20",19,0.86525,0.07605,0.04275,0.01595,"Python_23","Pyt_H"
"21",20,0.83395,0.09405,0.05165,0.02035,"Python_23","Pyt_H"
"22",21,0.7952,0.1144,0.06495,0.02545,"Python_23","Pyt_H"
"23",22,0.749,0.13905,0.08075,0.0312,"Python_23","Pyt_H"
"24",23,0.6983,0.16365,0.09995,0.0381,"Python_23","Pyt_H"
"25",24,0.6385,0.1923,0.12075,0.04845,"Python_23","Pyt_H"
"26",25,0.5791,0.2139,0.14505,0.06195,"Python_23","Pyt_H"
"27",26,0.51375,0.23645,0.1725,0.0773,"Python_23","Pyt_H"
"28",27,0.4422,0.25905,0.20455,0.0942,"Python_23","Pyt_H"
"29",28,0.37325,0.2747,0.2378,0.11425,"Python_23","Pyt_H"
"30",29,0.30375,0.28665,0.27095,0.13865,"Python_23","Pyt_H"
"31",30,0.24455,0.2848,0.3042,0.16645,"Python_23","Pyt_H"
"32",31,0.18815,0.2771,0.33515,0.1996,"Python_23","Pyt_H"
"33",32,0.14335,0.2592,0.3623,0.23515,"Python_23","Pyt_H"
"34",33,0.1063,0.2393,0.3806,0.2738,"Python_23","Pyt_H"
"35",34,0.0789,0.2104,0.395,0.3157,"Python_23","Pyt_H"
"36",35,0.0582,0.1796,0.40245,0.35975,"Python_23","Pyt_H"
"37",36,0.0428,0.15235,0.3982,0.40665,"Python_23","Pyt_H"
"38",37,0.03375,0.12305,0.3918,0.4514,"Python_23","Pyt_H"
"39",38,0.02595,0.10045,0.37815,0.49545,"Python_23","Pyt_H"
"40",39,0.02,0.08125,0.35535,0.5434,"Python_23","Pyt_H"
"41",40,0.01725,0.06315,0.33375,0.58585,"Python_23","Pyt_H"
"42",41,0.0149,0.05095,0.3063,0.62785,"Python_23","Pyt_H"
"43",42,0.0134,0.0412,0.28055,0.66485,"Python_23","Pyt_H"
"44",43,0.0138,0.0331,0.25375,0.69935,"Python_23","Pyt_H"
"45",44,0.0134,0.02605,0.2306,0.72995,"Python_23","Pyt_H"
"46",45,0.0134,0.0209,0.20705,0.75865,"Python_23","Pyt_H"
"47",46,0.01355,0.01775,0.18465,0.78405,"Python_23","Pyt_H"
"48",47,0.01465,0.0152,0.1646,0.80555,"Python_23","Pyt_H"
"49",48,0.0151,0.01315,0.1467,0.82505,"Python_23","Pyt_H"
"50",49,0.01605,0.0113,0.1326,0.84005,"Python_23","Pyt_H"
"51",50,0.0176,0.0093,0.118,0.8551,"Python_23","Pyt_H"
"52",51,0.0187,0.00835,0.1052,0.86775,"Python_23","Pyt_H"
"53",52,0.01945,0.00755,0.09315,0.87985,"Python_23","Pyt_H"
"54",53,0.0205,0.00665,0.08235,0.8905,"Python_23","Pyt_H"
"55",54,0.02225,0.0066,0.0731,0.89805,"Python_23","Pyt_H"
"56",55,0.0241,0.0057,0.0644,0.9058,"Python_23","Pyt_H"
"57",56,0.026,0.00525,0.0577,0.91105,"Python_23","Pyt_H"
"58",57,0.02765,0.00525,0.05055,0.91655,"Python_23","Pyt_H"
"59",58,0.03035,0.00465,0.0456,0.9194,"Python_23","Pyt_H"
"60",59,0.03245,0.00435,0.04045,0.92275,"Python_23","Pyt_H"
"61",60,0.03485,0.00425,0.03575,0.92515,"Python_23","Pyt_H"
"62",61,0.03705,0.00455,0.0318,0.9266,"Python_23","Pyt_H"
"63",62,0.03955,0.0047,0.028,0.92775,"Python_23","Pyt_H"
"64",63,0.0417,0.00435,0.0253,0.92865,"Python_23","Pyt_H"
"65",64,0.04405,0.00415,0.02325,0.92855,"Python_23","Pyt_H"
"66",65,0.04665,0.00405,0.0207,0.9286,"Python_23","Pyt_H"
"67",66,0.04835,0.00375,0.0187,0.9292,"Python_23","Pyt_H"
"68",67,0.05135,0.0036,0.0174,0.92765,"Python_23","Pyt_H"
"69",68,0.0542,0.00325,0.01615,0.9264,"Python_23","Pyt_H"
"70",69,0.0572,0.00305,0.0137,0.92605,"Python_23","Pyt_H"
"71",70,0.0601,0.00255,0.0126,0.92475,"Python_23","Pyt_H"
"72",71,0.06235,0.00245,0.01125,0.92395,"Python_23","Pyt_H"
"73",72,0.0644,0.0025,0.0101,0.923,"Python_23","Pyt_H"
"74",73,0.0673,0.00225,0.00925,0.9212,"Python_23","Pyt_H"
"75",74,0.06955,0.0019,0.00805,0.9205,"Python_23","Pyt_H"
"76",75,0.0729,0.00195,0.0073,0.91785,"Python_23","Pyt_H"
"77",76,0.07555,0.00185,0.00625,0.91635,"Python_23","Pyt_H"
"78",77,0.07775,0.00155,0.0063,0.9144,"Python_23","Pyt_H"
"79",78,0.08085,0.0014,0.0056,0.91215,"Python_23","Pyt_H"
"80",79,0.0836,0.00105,0.0053,0.91005,"Python_23","Pyt_H"
"81",80,0.0862,0.001,0.00465,0.90815,"Python_23","Pyt_H"
"82",81,0.0887,0.00105,0.0043,0.90595,"Python_23","Pyt_H"
"83",82,0.0906,0.00125,0.00375,0.9044,"Python_23","Pyt_H"
"84",83,0.09285,0.00135,0.00335,0.90245,"Python_23","Pyt_H"
"85",84,0.09635,0.0013,0.0029,0.89945,"Python_23","Pyt_H"
"86",85,0.09945,0.00135,0.00285,0.89635,"Python_23","Pyt_H"
"87",86,0.10215,0.00115,0.00265,0.89405,"Python_23","Pyt_H"
"88",87,0.1047,0.00105,0.00235,0.8919,"Python_23","Pyt_H"
"89",88,0.10665,0.00095,0.0025,0.8899,"Python_23","Pyt_H"
"90",89,0.1093,0.00095,0.00205,0.8877,"Python_23","Pyt_H"
"91",90,0.11285,7e-04,0.00215,0.8843,"Python_23","Pyt_H"
"92",91,0.11615,8e-04,0.00205,0.881,"Python_23","Pyt_H"
"93",92,0.1194,0.00105,0.00195,0.8776,"Python_23","Pyt_H"
"94",93,0.1225,9e-04,0.00205,0.87455,"Python_23","Pyt_H"
"95",94,0.1252,6e-04,0.00225,0.87195,"Python_23","Pyt_H"
"96",95,0.1282,6e-04,0.00205,0.86915,"Python_23","Pyt_H"
"97",96,0.13065,0.00075,0.00185,0.86675,"Python_23","Pyt_H"
"98",97,0.1326,7e-04,0.0017,0.865,"Python_23","Pyt_H"
"99",98,0.1349,6e-04,0.00185,0.86265,"Python_23","Pyt_H"
"100",99,0.1374,7e-04,0.00145,0.86045,"Python_23","Pyt_H"
"101",100,0.13955,0.00075,0.0012,0.8585,"Python_23","Pyt_H"
"102",101,0.14215,7e-04,9e-04,0.85625,"Python_23","Pyt_H"
"103",102,0.1455,0.001,7e-04,0.8528,"Python_23","Pyt_H"
"104",103,0.1483,8e-04,0.00085,0.85005,"Python_23","Pyt_H"
"105",104,0.1505,8e-04,0.00085,0.84785,"Python_23","Pyt_H"
"106",105,0.15305,6e-04,0.001,0.84535,"Python_23","Pyt_H"
"107",106,0.15625,0.00055,9e-04,0.8423,"Python_23","Pyt_H"
"108",107,0.1595,0.00065,0.00085,0.839,"Python_23","Pyt_H"
"109",108,0.1621,6e-04,0.00095,0.83635,"Python_23","Pyt_H"
"110",109,0.1645,0.00045,0.0012,0.83385,"Python_23","Pyt_H"
"111",110,0.1666,5e-04,0.0013,0.8316,"Python_23","Pyt_H"
"112",111,0.1687,6e-04,0.00125,0.82945,"Python_23","Pyt_H"
"113",112,0.17075,0.00055,0.00115,0.82755,"Python_23","Pyt_H"
"114",113,0.1725,0.00065,0.00115,0.8257,"Python_23","Pyt_H"
"115",114,0.1751,0.00075,0.00125,0.8229,"Python_23","Pyt_H"
"116",115,0.1781,8e-04,0.00125,0.81985,"Python_23","Pyt_H"
"117",116,0.1803,8e-04,0.00115,0.81775,"Python_23","Pyt_H"
"118",117,0.18295,0.00085,0.00135,0.81485,"Python_23","Pyt_H"
"119",118,0.18525,0.001,0.00135,0.8124,"Python_23","Pyt_H"
"120",119,0.1872,0.001,0.00115,0.81065,"Python_23","Pyt_H"
"121",120,0.18855,0.00075,0.0015,0.8092,"Python_23","Pyt_H"
"122",121,0.19,0.00095,0.00145,0.8076,"Python_23","Pyt_H"
"123",122,0.19165,0.0011,0.0015,0.80575,"Python_23","Pyt_H"
"124",123,0.19415,0.001,0.00165,0.8032,"Python_23","Pyt_H"
"125",124,0.1958,0.00115,0.0019,0.80115,"Python_23","Pyt_H"
"126",125,0.1978,0.00105,0.0021,0.79905,"Python_23","Pyt_H"
"127",126,0.19935,0.0011,0.0022,0.79735,"Python_23","Pyt_H"
"128",127,0.20105,0.0015,0.00195,0.7955,"Python_23","Pyt_H"
"129",128,0.20345,0.0015,0.0019,0.79315,"Python_23","Pyt_H"
"130",129,0.205,0.0015,0.0021,0.7914,"Python_23","Pyt_H"
"131",130,0.20685,0.00145,0.0022,0.7895,"Python_23","Pyt_H"
"132",131,0.2083,0.0017,0.00225,0.78775,"Python_23","Pyt_H"
"133",132,0.2099,0.0018,0.00235,0.78595,"Python_23","Pyt_H"
"134",133,0.21205,0.00145,0.0026,0.7839,"Python_23","Pyt_H"
"135",134,0.2139,0.00155,0.0025,0.78205,"Python_23","Pyt_H"
"136",135,0.2159,0.0015,0.0023,0.7803,"Python_23","Pyt_H"
"137",136,0.218,0.00185,0.00205,0.7781,"Python_23","Pyt_H"
"138",137,0.21925,0.00215,0.00235,0.77625,"Python_23","Pyt_H"
"139",138,0.2208,0.00205,0.00255,0.7746,"Python_23","Pyt_H"
"140",139,0.2223,0.00225,0.00245,0.773,"Python_23","Pyt_H"
"141",140,0.22445,0.0022,0.0026,0.77075,"Python_23","Pyt_H"
"142",141,0.2265,0.0025,0.00265,0.76835,"Python_23","Pyt_H"
"143",142,0.22865,0.0022,0.0027,0.76645,"Python_23","Pyt_H"
"144",143,0.23055,0.00205,0.00305,0.76435,"Python_23","Pyt_H"
"145",144,0.2318,0.00205,0.0036,0.76255,"Python_23","Pyt_H"
"146",145,0.23305,0.0021,0.0036,0.76125,"Python_23","Pyt_H"
"147",146,0.2343,0.0025,0.0037,0.7595,"Python_23","Pyt_H"
"148",147,0.23575,0.0026,0.00385,0.7578,"Python_23","Pyt_H"
"149",148,0.2373,0.00285,0.0038,0.75605,"Python_23","Pyt_H"
"150",149,0.23905,0.00305,0.00385,0.75405,"Python_23","Pyt_H"
"151",150,0.24005,0.00315,0.00395,0.75285,"Python_23","Pyt_H"
"152",151,0.2415,0.00315,0.00445,0.7509,"Python_23","Pyt_H"
"153",152,0.2424,0.00365,0.0045,0.74945,"Python_23","Pyt_H"
"154",153,0.2436,0.00365,0.0048,0.74795,"Python_23","Pyt_H"
"155",154,0.24555,0.0032,0.00495,0.7463,"Python_23","Pyt_H"
"156",155,0.24665,0.00305,0.0057,0.7446,"Python_23","Pyt_H"
"157",156,0.24775,0.00385,0.0056,0.7428,"Python_23","Pyt_H"
"158",157,0.24905,0.00395,0.00565,0.74135,"Python_23","Pyt_H"
"159",158,0.25,0.00405,0.0055,0.74045,"Python_23","Pyt_H"
"160",159,0.2514,0.00435,0.00585,0.7384,"Python_23","Pyt_H"
"161",160,0.25215,0.0052,0.00585,0.7368,"Python_23","Pyt_H"
"162",161,0.2539,0.00505,0.00625,0.7348,"Python_23","Pyt_H"
"163",162,0.25495,0.00515,0.00635,0.73355,"Python_23","Pyt_H"
"164",163,0.25605,0.0051,0.00635,0.7325,"Python_23","Pyt_H"
"165",164,0.25705,0.00485,0.00665,0.73145,"Python_23","Pyt_H"
"166",165,0.2582,0.0048,0.00705,0.72995,"Python_23","Pyt_H"
"167",166,0.25865,0.00545,0.00715,0.72875,"Python_23","Pyt_H"
"168",167,0.2591,0.0058,0.0078,0.7273,"Python_23","Pyt_H"
"169",168,0.2599,0.00595,0.00825,0.7259,"Python_23","Pyt_H"
"170",169,0.2606,0.00585,0.00895,0.7246,"Python_23","Pyt_H"
"171",170,0.26165,0.00655,0.00905,0.72275,"Python_23","Pyt_H"
"172",171,0.2623,0.007,0.00925,0.72145,"Python_23","Pyt_H"
"173",172,0.2627,0.007,0.0096,0.7207,"Python_23","Pyt_H"
"174",173,0.26345,0.00755,0.0101,0.7189,"Python_23","Pyt_H"
"175",174,0.26345,0.00835,0.0105,0.7177,"Python_23","Pyt_H"
"176",175,0.2641,0.0082,0.0107,0.717,"Python_23","Pyt_H"
"177",176,0.2646,0.0081,0.01135,0.71595,"Python_23","Pyt_H"
"178",177,0.2646,0.0085,0.01165,0.71525,"Python_23","Pyt_H"
"179",178,0.264,0.00925,0.01195,0.7148,"Python_23","Pyt_H"
"180",179,0.26365,0.00975,0.0126,0.714,"Python_23","Pyt_H"
"181",180,0.26265,0.01025,0.0132,0.7139,"Python_23","Pyt_H"
"182",181,0.2622,0.011,0.014,0.7128,"Python_23","Pyt_H"
"183",182,0.26175,0.0108,0.0144,0.71305,"Python_23","Pyt_H"
"184",183,0.261,0.01065,0.0153,0.71305,"Python_23","Pyt_H"
"185",184,0.25975,0.01135,0.01655,0.71235,"Python_23","Pyt_H"
"186",185,0.2592,0.01215,0.0167,0.71195,"Python_23","Pyt_H"
"187",186,0.2587,0.01265,0.0172,0.71145,"Python_23","Pyt_H"
"188",187,0.2577,0.01405,0.0172,0.71105,"Python_23","Pyt_H"
"189",188,0.2568,0.0144,0.01825,0.71055,"Python_23","Pyt_H"
"190",189,0.2551,0.0156,0.0194,0.7099,"Python_23","Pyt_H"
"191",190,0.25395,0.0158,0.02045,0.7098,"Python_23","Pyt_H"
"192",191,0.2534,0.01505,0.0218,0.70975,"Python_23","Pyt_H"
"193",192,0.2508,0.01605,0.0231,0.71005,"Python_23","Pyt_H"
"194",193,0.24865,0.01715,0.0232,0.711,"Python_23","Pyt_H"
"195",194,0.24585,0.01875,0.02415,0.71125,"Python_23","Pyt_H"
"196",195,0.24335,0.02025,0.02495,0.71145,"Python_23","Pyt_H"
"197",196,0.24055,0.02085,0.02635,0.71225,"Python_23","Pyt_H"
"198",197,0.2385,0.0216,0.0273,0.7126,"Python_23","Pyt_H"
"199",198,0.2365,0.0221,0.02805,0.71335,"Python_23","Pyt_H"
"200",199,0.23295,0.02285,0.0296,0.7146,"Python_23","Pyt_H"
"201",200,0.22985,0.02415,0.03155,0.71445,"Python_23","Pyt_H"
"202",201,0.22755,0.02275,0.0332,0.7165,"Python_23","Pyt_H"
"203",202,0.225,0.0225,0.035,0.7175,"Python_23","Pyt_H"
"204",203,0.22085,0.02485,0.03555,0.71875,"Python_23","Pyt_H"
"205",204,0.2172,0.02605,0.0364,0.72035,"Python_23","Pyt_H"
"206",205,0.2148,0.0255,0.03735,0.72235,"Python_23","Pyt_H"
"207",206,0.21105,0.02605,0.04045,0.72245,"Python_23","Pyt_H"
"208",207,0.20675,0.02755,0.041,0.7247,"Python_23","Pyt_H"
"209",208,0.2028,0.02855,0.0422,0.72645,"Python_23","Pyt_H"
"210",209,0.19915,0.02895,0.04345,0.72845,"Python_23","Pyt_H"
"211",210,0.19565,0.02865,0.04455,0.73115,"Python_23","Pyt_H"
"212",211,0.191,0.02925,0.0455,0.73425,"Python_23","Pyt_H"
"213",212,0.1878,0.0291,0.04545,0.73765,"Python_23","Pyt_H"
"214",213,0.18375,0.02945,0.0455,0.7413,"Python_23","Pyt_H"
"215",214,0.18015,0.02985,0.0467,0.7433,"Python_23","Pyt_H"
"216",215,0.17625,0.0309,0.04825,0.7446,"Python_23","Pyt_H"
"217",216,0.1727,0.0311,0.0485,0.7477,"Python_23","Pyt_H"
"218",217,0.16845,0.03135,0.0499,0.7503,"Python_23","Pyt_H"
"219",218,0.1653,0.03165,0.0511,0.75195,"Python_23","Pyt_H"
"220",219,0.1621,0.0295,0.05425,0.75415,"Python_23","Pyt_H"
"221",220,0.15815,0.0301,0.05375,0.758,"Python_23","Pyt_H"
"222",221,0.15535,0.0301,0.0528,0.76175,"Python_23","Pyt_H"
"223",222,0.1515,0.0299,0.0529,0.7657,"Python_23","Pyt_H"
"224",223,0.14875,0.0282,0.05385,0.7692,"Python_23","Pyt_H"
"225",224,0.14565,0.0279,0.05385,0.7726,"Python_23","Pyt_H"
"226",225,0.14305,0.02735,0.0524,0.7772,"Python_23","Pyt_H"
"227",226,0.1401,0.0277,0.05145,0.78075,"Python_23","Pyt_H"
"228",227,0.13865,0.02685,0.0513,0.7832,"Python_23","Pyt_H"
"229",228,0.1362,0.02625,0.0517,0.78585,"Python_23","Pyt_H"
"230",229,0.1339,0.0269,0.05075,0.78845,"Python_23","Pyt_H"
"231",230,0.1335,0.0261,0.0498,0.7906,"Python_23","Pyt_H"
"232",231,0.1316,0.0242,0.0495,0.7947,"Python_23","Pyt_H"
"233",232,0.13035,0.0232,0.04855,0.7979,"Python_23","Pyt_H"
"234",233,0.1292,0.02215,0.04835,0.8003,"Python_23","Pyt_H"
"235",234,0.1281,0.02235,0.047,0.80255,"Python_23","Pyt_H"
"236",235,0.1268,0.0217,0.0465,0.805,"Python_23","Pyt_H"
"237",236,0.1271,0.0209,0.0453,0.8067,"Python_23","Pyt_H"
"238",237,0.1263,0.0208,0.0441,0.8088,"Python_23","Pyt_H"
"239",238,0.126,0.021,0.04345,0.80955,"Python_23","Pyt_H"
"240",239,0.12545,0.01965,0.0441,0.8108,"Python_23","Pyt_H"
"241",240,0.12545,0.0202,0.04195,0.8124,"Python_23","Pyt_H"
"242",241,0.12615,0.0194,0.04075,0.8137,"Python_23","Pyt_H"
"243",242,0.12475,0.01995,0.04,0.8153,"Python_23","Pyt_H"
"244",243,0.1256,0.01885,0.03995,0.8156,"Python_23","Pyt_H"
"245",244,0.1259,0.01745,0.0398,0.81685,"Python_23","Pyt_H"
"246",245,0.12615,0.01745,0.0394,0.817,"Python_23","Pyt_H"
"247",246,0.1264,0.0173,0.0384,0.8179,"Python_23","Pyt_H"
"248",247,0.1263,0.01605,0.03885,0.8188,"Python_23","Pyt_H"
"249",248,0.1264,0.01695,0.0372,0.81945,"Python_23","Pyt_H"
"250",249,0.1267,0.01715,0.03635,0.8198,"Python_23","Pyt_H"
"251",250,0.12625,0.0175,0.03555,0.8207,"Python_23","Pyt_H"
"252",251,0.12765,0.01655,0.0347,0.8211,"Python_23","Pyt_H"
"253",252,0.12815,0.01605,0.03375,0.82205,"Python_23","Pyt_H"
"254",253,0.12905,0.0155,0.0325,0.82295,"Python_23","Pyt_H"
"255",254,0.1308,0.0149,0.03235,0.82195,"Python_23","Pyt_H"
"256",255,0.13155,0.0144,0.03215,0.8219,"Python_23","Pyt_H"
"257",256,0.13275,0.01405,0.03145,0.82175,"Python_23","Pyt_H"
"258",257,0.134,0.0141,0.03035,0.82155,"Python_23","Pyt_H"
"259",258,0.13655,0.01295,0.0303,0.8202,"Python_23","Pyt_H"
"260",259,0.1374,0.0128,0.03005,0.81975,"Python_23","Pyt_H"
"261",260,0.1376,0.014,0.02845,0.81995,"Python_23","Pyt_H"
"262",261,0.139,0.01365,0.02815,0.8192,"Python_23","Pyt_H"
"263",262,0.141,0.01285,0.02865,0.8175,"Python_23","Pyt_H"
"264",263,0.14165,0.0135,0.0274,0.81745,"Python_23","Pyt_H"
"265",264,0.1435,0.0131,0.02755,0.81585,"Python_23","Pyt_H"
"266",265,0.1441,0.01375,0.0268,0.81535,"Python_23","Pyt_H"
"267",266,0.1456,0.01375,0.02665,0.814,"Python_23","Pyt_H"
"268",267,0.14675,0.0137,0.0266,0.81295,"Python_23","Pyt_H"
"269",268,0.1477,0.0136,0.0269,0.8118,"Python_23","Pyt_H"
"270",269,0.14825,0.0136,0.0265,0.81165,"Python_23","Pyt_H"
"271",270,0.1503,0.0129,0.02655,0.81025,"Python_23","Pyt_H"
"272",271,0.1524,0.0125,0.0267,0.8084,"Python_23","Pyt_H"
"273",272,0.15455,0.01235,0.02615,0.80695,"Python_23","Pyt_H"
"274",273,0.15485,0.0135,0.02535,0.8063,"Python_23","Pyt_H"
"275",274,0.1559,0.0141,0.0243,0.8057,"Python_23","Pyt_H"
"276",275,0.1574,0.01335,0.02485,0.8044,"Python_23","Pyt_H"
"277",276,0.15845,0.01365,0.02395,0.80395,"Python_23","Pyt_H"
"278",277,0.1602,0.01345,0.0242,0.80215,"Python_23","Pyt_H"
"279",278,0.1616,0.013,0.02485,0.80055,"Python_23","Pyt_H"
"280",279,0.1632,0.0129,0.02445,0.79945,"Python_23","Pyt_H"
"281",280,0.1646,0.01245,0.02445,0.7985,"Python_23","Pyt_H"
"282",281,0.1657,0.01275,0.0248,0.79675,"Python_23","Pyt_H"
"283",282,0.167,0.013,0.0251,0.7949,"Python_23","Pyt_H"
"284",283,0.16795,0.0142,0.0246,0.79325,"Python_23","Pyt_H"
"285",284,0.16915,0.0153,0.0246,0.79095,"Python_23","Pyt_H"
"286",285,0.1707,0.0154,0.02455,0.78935,"Python_23","Pyt_H"
"287",286,0.17235,0.01425,0.02545,0.78795,"Python_23","Pyt_H"
"288",287,0.1738,0.01455,0.02555,0.7861,"Python_23","Pyt_H"
"289",288,0.17425,0.01485,0.0264,0.7845,"Python_23","Pyt_H"
"290",289,0.1744,0.01475,0.02685,0.784,"Python_23","Pyt_H"
"291",290,0.1742,0.0152,0.02695,0.78365,"Python_23","Pyt_H"
"292",291,0.1752,0.01535,0.02695,0.7825,"Python_23","Pyt_H"
"293",292,0.1767,0.01605,0.0267,0.78055,"Python_23","Pyt_H"
"294",293,0.17765,0.01615,0.0273,0.7789,"Python_23","Pyt_H"
"295",294,0.178,0.01575,0.02765,0.7786,"Python_23","Pyt_H"
"296",295,0.17805,0.0167,0.027,0.77825,"Python_23","Pyt_H"
"297",296,0.17855,0.01705,0.02665,0.77775,"Python_23","Pyt_H"
"298",297,0.1807,0.01655,0.027,0.77575,"Python_23","Pyt_H"
"299",298,0.1812,0.01645,0.028,0.77435,"Python_23","Pyt_H"
"300",299,0.1801,0.018,0.02795,0.77395,"Python_23","Pyt_H"
"301",300,0.1812,0.0171,0.0293,0.7724,"Python_23","Pyt_H"
"302",301,0.18165,0.01785,0.02845,0.77205,"Python_23","Pyt_H"
"303",302,0.1825,0.0185,0.02895,0.77005,"Python_23","Pyt_H"
"304",303,0.1837,0.01875,0.02935,0.7682,"Python_23","Pyt_H"
"305",304,0.1831,0.01945,0.03025,0.7672,"Python_23","Pyt_H"
"306",305,0.18255,0.0202,0.0303,0.76695,"Python_23","Pyt_H"
"307",306,0.18235,0.01945,0.03145,0.76675,"Python_23","Pyt_H"
"308",307,0.1819,0.0197,0.0326,0.7658,"Python_23","Pyt_H"
"309",308,0.18145,0.01865,0.0344,0.7655,"Python_23","Pyt_H"
"310",309,0.181,0.0206,0.03395,0.76445,"Python_23","Pyt_H"
"311",310,0.1802,0.0216,0.0336,0.7646,"Python_23","Pyt_H"
"312",311,0.18,0.0223,0.03375,0.76395,"Python_23","Pyt_H"
"313",312,0.17905,0.0221,0.0352,0.76365,"Python_23","Pyt_H"
"314",313,0.1784,0.0221,0.0358,0.7637,"Python_23","Pyt_H"
"315",314,0.17915,0.02145,0.0364,0.763,"Python_23","Pyt_H"
"316",315,0.1783,0.02135,0.03655,0.7638,"Python_23","Pyt_H"
"317",316,0.1776,0.02135,0.037,0.76405,"Python_23","Pyt_H"
"318",317,0.1778,0.02165,0.03835,0.7622,"Python_23","Pyt_H"
"319",318,0.17715,0.0215,0.03885,0.7625,"Python_23","Pyt_H"
"320",319,0.17505,0.02275,0.0392,0.763,"Python_23","Pyt_H"
"321",320,0.17355,0.02315,0.03995,0.76335,"Python_23","Pyt_H"
"322",321,0.17315,0.0237,0.03955,0.7636,"Python_23","Pyt_H"
"323",322,0.17205,0.02275,0.0409,0.7643,"Python_23","Pyt_H"
"324",323,0.17035,0.02375,0.0409,0.765,"Python_23","Pyt_H"
"325",324,0.16935,0.02495,0.0412,0.7645,"Python_23","Pyt_H"
"326",325,0.16955,0.0239,0.0413,0.76525,"Python_23","Pyt_H"
"327",326,0.1678,0.02445,0.04155,0.7662,"Python_23","Pyt_H"
"328",327,0.1679,0.02475,0.0423,0.76505,"Python_23","Pyt_H"
"329",328,0.16715,0.02485,0.04225,0.76575,"Python_23","Pyt_H"
"330",329,0.1669,0.0246,0.0428,0.7657,"Python_23","Pyt_H"
"331",330,0.16705,0.0248,0.0421,0.76605,"Python_23","Pyt_H"
"332",331,0.16495,0.02595,0.04215,0.76695,"Python_23","Pyt_H"
"333",332,0.16375,0.02595,0.0429,0.7674,"Python_23","Pyt_H"
"334",333,0.16315,0.0251,0.0434,0.76835,"Python_23","Pyt_H"
"335",334,0.1634,0.02525,0.04325,0.7681,"Python_23","Pyt_H"
"336",335,0.1619,0.02585,0.04355,0.7687,"Python_23","Pyt_H"
"337",336,0.1595,0.0259,0.0428,0.7718,"Python_23","Pyt_H"
"338",337,0.15835,0.02605,0.04285,0.77275,"Python_23","Pyt_H"
"339",338,0.15905,0.0241,0.0446,0.77225,"Python_23","Pyt_H"
"340",339,0.1568,0.02485,0.0454,0.77295,"Python_23","Pyt_H"
"341",340,0.1558,0.02585,0.0445,0.77385,"Python_23","Pyt_H"
"342",341,0.1551,0.0271,0.0436,0.7742,"Python_23","Pyt_H"
"343",342,0.1536,0.02665,0.0443,0.77545,"Python_23","Pyt_H"
"344",343,0.1537,0.02595,0.04515,0.7752,"Python_23","Pyt_H"
"345",344,0.15455,0.02455,0.04565,0.77525,"Python_23","Pyt_H"
"346",345,0.15405,0.02345,0.04595,0.77655,"Python_23","Pyt_H"
"347",346,0.1543,0.0227,0.04545,0.77755,"Python_23","Pyt_H"
"348",347,0.15465,0.02255,0.04525,0.77755,"Python_23","Pyt_H"
"349",348,0.15335,0.024,0.0443,0.77835,"Python_23","Pyt_H"
"350",349,0.1533,0.0237,0.0439,0.7791,"Python_23","Pyt_H"
"351",350,0.15255,0.022,0.0458,0.77965,"Python_23","Pyt_H"
"352",351,0.1513,0.0223,0.0466,0.7798,"Python_23","Pyt_H"
"353",352,0.15135,0.02325,0.04525,0.78015,"Python_23","Pyt_H"
"354",353,0.15115,0.02415,0.0439,0.7808,"Python_23","Pyt_H"
"355",354,0.15135,0.02425,0.04415,0.78025,"Python_23","Pyt_H"
"356",355,0.15125,0.02405,0.0447,0.78,"Python_23","Pyt_H"
"357",356,0.1511,0.0232,0.04355,0.78215,"Python_23","Pyt_H"
"358",357,0.14945,0.0234,0.0429,0.78425,"Python_23","Pyt_H"
"359",358,0.14925,0.02365,0.04275,0.78435,"Python_23","Pyt_H"
"360",359,0.14915,0.0235,0.04185,0.7855,"Python_23","Pyt_H"
"361",360,0.14895,0.02295,0.0425,0.7856,"Python_23","Pyt_H"
"362",361,0.1488,0.02255,0.0426,0.78605,"Python_23","Pyt_H"
"363",362,0.1493,0.02175,0.04325,0.7857,"Python_23","Pyt_H"
"364",363,0.1502,0.021,0.043,0.7858,"Python_23","Pyt_H"
"365",364,0.1508,0.0218,0.04175,0.78565,"Python_23","Pyt_H"
"366",365,0.15085,0.0212,0.04205,0.7859,"Python_23","Pyt_H"
"367",366,0.1512,0.0216,0.04135,0.78585,"Python_23","Pyt_H"
"368",367,0.1515,0.02115,0.04145,0.7859,"Python_23","Pyt_H"
"369",368,0.1511,0.02095,0.04185,0.7861,"Python_23","Pyt_H"
"370",369,0.1523,0.0201,0.04095,0.78665,"Python_23","Pyt_H"
"371",370,0.15315,0.01885,0.04025,0.78775,"Python_23","Pyt_H"
"372",371,0.15295,0.0194,0.0407,0.78695,"Python_23","Pyt_H"
"373",372,0.15355,0.0203,0.0395,0.78665,"Python_23","Pyt_H"
"374",373,0.1537,0.0206,0.03855,0.78715,"Python_23","Pyt_H"
"375",374,0.1538,0.0202,0.03885,0.78715,"Python_23","Pyt_H"
"376",375,0.15535,0.0196,0.0391,0.78595,"Python_23","Pyt_H"
"377",376,0.1573,0.0187,0.03915,0.78485,"Python_23","Pyt_H"
"378",377,0.1577,0.0196,0.03735,0.78535,"Python_23","Pyt_H"
"379",378,0.1585,0.0194,0.0367,0.7854,"Python_23","Pyt_H"
"380",379,0.15985,0.0195,0.03585,0.7848,"Python_23","Pyt_H"
"381",380,0.1608,0.0199,0.0357,0.7836,"Python_23","Pyt_H"
"382",381,0.1612,0.02095,0.0341,0.78375,"Python_23","Pyt_H"
"383",382,0.16255,0.0211,0.0339,0.78245,"Python_23","Pyt_H"
"384",383,0.16295,0.02135,0.0347,0.781,"Python_23","Pyt_H"
"385",384,0.16355,0.0197,0.03525,0.7815,"Python_23","Pyt_H"
"386",385,0.16445,0.0195,0.03575,0.7803,"Python_23","Pyt_H"
"387",386,0.1643,0.02015,0.035,0.78055,"Python_23","Pyt_H"
"388",387,0.16555,0.02045,0.03445,0.77955,"Python_23","Pyt_H"
"389",388,0.16535,0.01925,0.03565,0.77975,"Python_23","Pyt_H"
"390",389,0.1654,0.01975,0.0361,0.77875,"Python_23","Pyt_H"
"391",390,0.16575,0.0195,0.03615,0.7786,"Python_23","Pyt_H"
"392",391,0.1653,0.01905,0.03685,0.7788,"Python_23","Pyt_H"
"393",392,0.1655,0.0193,0.03625,0.77895,"Python_23","Pyt_H"
"394",393,0.1672,0.01995,0.03635,0.7765,"Python_23","Pyt_H"
"395",394,0.16765,0.0201,0.03655,0.7757,"Python_23","Pyt_H"
"396",395,0.16745,0.0206,0.03655,0.7754,"Python_23","Pyt_H"
"397",396,0.16665,0.021,0.0369,0.77545,"Python_23","Pyt_H"
"398",397,0.1668,0.0219,0.03615,0.77515,"Python_23","Pyt_H"
"399",398,0.1669,0.02235,0.03615,0.7746,"Python_23","Pyt_H"
"400",399,0.16735,0.0223,0.0373,0.77305,"Python_23","Pyt_H"
"401",400,0.16815,0.0212,0.03755,0.7731,"Python_23","Pyt_H"
"402",401,0.1687,0.02075,0.03845,0.7721,"Python_23","Pyt_H"
"403",402,0.1682,0.0214,0.03865,0.77175,"Python_23","Pyt_H"
"404",403,0.16915,0.02165,0.038,0.7712,"Python_23","Pyt_H"
"405",404,0.1688,0.02125,0.0391,0.77085,"Python_23","Pyt_H"
"406",405,0.1681,0.0218,0.0396,0.7705,"Python_23","Pyt_H"
"407",406,0.168,0.0229,0.0396,0.7695,"Python_23","Pyt_H"
"408",407,0.16785,0.02215,0.0406,0.7694,"Python_23","Pyt_H"
"409",408,0.16725,0.0227,0.04145,0.7686,"Python_23","Pyt_H"
"410",409,0.1672,0.02305,0.04115,0.7686,"Python_23","Pyt_H"
"411",410,0.16835,0.02255,0.0415,0.7676,"Python_23","Pyt_H"
"412",411,0.16715,0.02285,0.04155,0.76845,"Python_23","Pyt_H"
"413",412,0.16625,0.02315,0.04165,0.76895,"Python_23","Pyt_H"
"414",413,0.1654,0.0235,0.04175,0.76935,"Python_23","Pyt_H"
"415",414,0.164,0.02525,0.0405,0.77025,"Python_23","Pyt_H"
"416",415,0.1646,0.0243,0.04015,0.77095,"Python_23","Pyt_H"
"417",416,0.16555,0.0225,0.041,0.77095,"Python_23","Pyt_H"
"418",417,0.16595,0.0218,0.04075,0.7715,"Python_23","Pyt_H"
"419",418,0.1652,0.0222,0.04075,0.77185,"Python_23","Pyt_H"
"420",419,0.16375,0.0233,0.0405,0.77245,"Python_23","Pyt_H"
"421",420,0.16445,0.0237,0.0394,0.77245,"Python_23","Pyt_H"
"422",421,0.16385,0.0234,0.04015,0.7726,"Python_23","Pyt_H"
"423",422,0.1652,0.02305,0.04015,0.7716,"Python_23","Pyt_H"
"424",423,0.1642,0.02315,0.04075,0.7719,"Python_23","Pyt_H"
"425",424,0.16315,0.02455,0.03995,0.77235,"Python_23","Pyt_H"
"426",425,0.1637,0.02385,0.04075,0.7717,"Python_23","Pyt_H"
"427",426,0.1633,0.0237,0.0409,0.7721,"Python_23","Pyt_H"
"428",427,0.16305,0.0232,0.0412,0.77255,"Python_23","Pyt_H"
"429",428,0.1621,0.0236,0.04195,0.77235,"Python_23","Pyt_H"
"430",429,0.16155,0.02325,0.04195,0.77325,"Python_23","Pyt_H"
"431",430,0.16135,0.02295,0.0419,0.7738,"Python_23","Pyt_H"
"432",431,0.1628,0.02175,0.04195,0.7735,"Python_23","Pyt_H"
"433",432,0.16265,0.0235,0.04085,0.773,"Python_23","Pyt_H"
"434",433,0.16125,0.02465,0.0401,0.774,"Python_23","Pyt_H"
"435",434,0.1612,0.0232,0.0422,0.7734,"Python_23","Pyt_H"
"436",435,0.1602,0.0241,0.0427,0.773,"Python_23","Pyt_H"
"437",436,0.1604,0.02365,0.04315,0.7728,"Python_23","Pyt_H"
"438",437,0.159,0.02265,0.044,0.77435,"Python_23","Pyt_H"
"439",438,0.15735,0.02305,0.04385,0.77575,"Python_23","Pyt_H"
"440",439,0.15635,0.02395,0.0434,0.7763,"Python_23","Pyt_H"
"441",440,0.15545,0.0245,0.0434,0.77665,"Python_23","Pyt_H"
"442",441,0.1553,0.0242,0.0433,0.7772,"Python_23","Pyt_H"
"443",442,0.15305,0.02565,0.04315,0.77815,"Python_23","Pyt_H"
"444",443,0.15185,0.0262,0.04325,0.7787,"Python_23","Pyt_H"
"445",444,0.15235,0.02505,0.04345,0.77915,"Python_23","Pyt_H"
"446",445,0.15295,0.02275,0.0453,0.779,"Python_23","Pyt_H"
"447",446,0.1515,0.02375,0.0459,0.77885,"Python_23","Pyt_H"
"448",447,0.1514,0.02375,0.04515,0.7797,"Python_23","Pyt_H"
"449",448,0.152,0.02255,0.0451,0.78035,"Python_23","Pyt_H"
"450",449,0.1523,0.02265,0.0441,0.78095,"Python_23","Pyt_H"
"451",450,0.1521,0.02225,0.04375,0.7819,"Python_23","Pyt_H"
"452",451,0.1517,0.0222,0.0433,0.7828,"Python_23","Pyt_H"
"453",452,0.15085,0.023,0.04315,0.783,"Python_23","Pyt_H"
"454",453,0.15085,0.024,0.04245,0.7827,"Python_23","Pyt_H"
"455",454,0.1506,0.0249,0.042,0.7825,"Python_23","Pyt_H"
"456",455,0.15045,0.0236,0.04275,0.7832,"Python_23","Pyt_H"
"457",456,0.1502,0.02175,0.0433,0.78475,"Python_23","Pyt_H"
"458",457,0.1497,0.02325,0.04215,0.7849,"Python_23","Pyt_H"
"459",458,0.1498,0.02315,0.04175,0.7853,"Python_23","Pyt_H"
"460",459,0.1501,0.02245,0.04145,0.786,"Python_23","Pyt_H"
"461",460,0.1499,0.0217,0.04205,0.78635,"Python_23","Pyt_H"
"462",461,0.15045,0.0218,0.041,0.78675,"Python_23","Pyt_H"
"463",462,0.15065,0.0215,0.04085,0.787,"Python_23","Pyt_H"
"464",463,0.15,0.02095,0.0405,0.78855,"Python_23","Pyt_H"
"465",464,0.14955,0.0209,0.041,0.78855,"Python_23","Pyt_H"
"466",465,0.1491,0.0218,0.03955,0.78955,"Python_23","Pyt_H"
"467",466,0.14875,0.0205,0.0403,0.79045,"Python_23","Pyt_H"
"468",467,0.14945,0.0202,0.03865,0.7917,"Python_23","Pyt_H"
"469",468,0.14955,0.0196,0.03855,0.7923,"Python_23","Pyt_H"
"470",469,0.14995,0.0206,0.03725,0.7922,"Python_23","Pyt_H"
"471",470,0.14965,0.02105,0.03725,0.79205,"Python_23","Pyt_H"
"472",471,0.1511,0.0198,0.03775,0.79135,"Python_23","Pyt_H"
"473",472,0.1514,0.0191,0.03835,0.79115,"Python_23","Pyt_H"
"474",473,0.1517,0.0195,0.0389,0.7899,"Python_23","Pyt_H"
"475",474,0.15245,0.0195,0.03735,0.7907,"Python_23","Pyt_H"
"476",475,0.1533,0.01995,0.03725,0.7895,"Python_23","Pyt_H"
"477",476,0.1534,0.02035,0.03685,0.7894,"Python_23","Pyt_H"
"478",477,0.15475,0.0199,0.03695,0.7884,"Python_23","Pyt_H"
"479",478,0.1546,0.0203,0.03585,0.78925,"Python_23","Pyt_H"
"480",479,0.1549,0.0203,0.0358,0.789,"Python_23","Pyt_H"
"481",480,0.15595,0.02035,0.03505,0.78865,"Python_23","Pyt_H"
"482",481,0.156,0.02055,0.03545,0.788,"Python_23","Pyt_H"
"483",482,0.15625,0.01995,0.0353,0.7885,"Python_23","Pyt_H"
"484",483,0.15745,0.0198,0.03515,0.7876,"Python_23","Pyt_H"
"485",484,0.1573,0.01905,0.03585,0.7878,"Python_23","Pyt_H"
"486",485,0.15795,0.0186,0.03565,0.7878,"Python_23","Pyt_H"
"487",486,0.15885,0.0182,0.0352,0.78775,"Python_23","Pyt_H"
"488",487,0.16015,0.01785,0.03475,0.78725,"Python_23","Pyt_H"
"489",488,0.16115,0.01755,0.0344,0.7869,"Python_23","Pyt_H"
"490",489,0.1611,0.018,0.03365,0.78725,"Python_23","Pyt_H"
"491",490,0.1617,0.0183,0.0334,0.7866,"Python_23","Pyt_H"
"492",491,0.16305,0.0178,0.03375,0.7854,"Python_23","Pyt_H"
"493",492,0.16235,0.01905,0.03395,0.78465,"Python_23","Pyt_H"
"494",493,0.16255,0.02005,0.03335,0.78405,"Python_23","Pyt_H"
"495",494,0.16335,0.01895,0.0336,0.7841,"Python_23","Pyt_H"
"496",495,0.16475,0.0185,0.0347,0.78205,"Python_23","Pyt_H"
"497",496,0.16395,0.019,0.03535,0.7817,"Python_23","Pyt_H"
"498",497,0.1646,0.0194,0.0368,0.7792,"Python_23","Pyt_H"
"499",498,0.16535,0.0188,0.0364,0.77945,"Python_23","Pyt_H"
"500",499,0.1664,0.01955,0.03585,0.7782,"Python_23","Pyt_H"
"501",500,0.16685,0.0196,0.0361,0.77745,"Python_23","Pyt_H"
"502",501,0.1668,0.0195,0.03675,0.77695,"Python_23","Pyt_H"
"503",502,0.16605,0.0206,0.03625,0.7771,"Python_23","Pyt_H"
"504",503,0.1659,0.021,0.03625,0.77685,"Python_23","Pyt_H"
"505",504,0.16515,0.02155,0.03705,0.77625,"Python_23","Pyt_H"
"506",505,0.1651,0.0223,0.03635,0.77625,"Python_23","Pyt_H"
"507",506,0.16475,0.02125,0.03695,0.77705,"Python_23","Pyt_H"
"508",507,0.16525,0.02065,0.03745,0.77665,"Python_23","Pyt_H"
"509",508,0.16515,0.0211,0.03775,0.776,"Python_23","Pyt_H"
"510",509,0.16485,0.02235,0.03605,0.77675,"Python_23","Pyt_H"
"511",510,0.1637,0.0228,0.0371,0.7764,"Python_23","Pyt_H"
"512",511,0.16295,0.02275,0.03755,0.77675,"Python_23","Pyt_H"
"513",512,0.1619,0.02205,0.0392,0.77685,"Python_23","Pyt_H"
"514",513,0.1617,0.02215,0.03875,0.7774,"Python_23","Pyt_H"
"515",514,0.16325,0.02235,0.0379,0.7765,"Python_23","Pyt_H"
"516",515,0.1632,0.02185,0.03875,0.7762,"Python_23","Pyt_H"
"517",516,0.16205,0.02175,0.0399,0.7763,"Python_23","Pyt_H"
"518",517,0.16105,0.02295,0.03925,0.77675,"Python_23","Pyt_H"
"519",518,0.16115,0.02265,0.03955,0.77665,"Python_23","Pyt_H"
"520",519,0.1614,0.02275,0.03955,0.7763,"Python_23","Pyt_H"
"521",520,0.16095,0.0217,0.0406,0.77675,"Python_23","Pyt_H"
"522",521,0.15945,0.02285,0.04035,0.77735,"Python_23","Pyt_H"
"523",522,0.15885,0.0224,0.04085,0.7779,"Python_23","Pyt_H"
"524",523,0.1586,0.0226,0.041,0.7778,"Python_23","Pyt_H"
"525",524,0.1584,0.02235,0.0418,0.77745,"Python_23","Pyt_H"
"526",525,0.15785,0.0225,0.04155,0.7781,"Python_23","Pyt_H"
"527",526,0.1573,0.02355,0.04155,0.7776,"Python_23","Pyt_H"
"528",527,0.1584,0.0227,0.0419,0.777,"Python_23","Pyt_H"
"529",528,0.1568,0.0226,0.0425,0.7781,"Python_23","Pyt_H"
"530",529,0.1564,0.02205,0.0425,0.77905,"Python_23","Pyt_H"
"531",530,0.1552,0.02325,0.0422,0.77935,"Python_23","Pyt_H"
"532",531,0.15595,0.0232,0.0419,0.77895,"Python_23","Pyt_H"
"533",532,0.1554,0.0235,0.0421,0.779,"Python_23","Pyt_H"
"534",533,0.1546,0.0251,0.04095,0.77935,"Python_23","Pyt_H"
"535",534,0.1556,0.0244,0.04115,0.77885,"Python_23","Pyt_H"
"536",535,0.1569,0.02315,0.0421,0.77785,"Python_23","Pyt_H"
"537",536,0.1565,0.02315,0.04235,0.778,"Python_23","Pyt_H"
"538",537,0.15645,0.0231,0.04255,0.7779,"Python_23","Pyt_H"
"539",538,0.15645,0.02265,0.0422,0.7787,"Python_23","Pyt_H"
"540",539,0.1563,0.0218,0.04385,0.77805,"Python_23","Pyt_H"
"541",540,0.1557,0.0228,0.0425,0.779,"Python_23","Pyt_H"
"542",541,0.15535,0.02265,0.0408,0.7812,"Python_23","Pyt_H"
"543",542,0.15515,0.0227,0.04085,0.7813,"Python_23","Pyt_H"
"544",543,0.1555,0.02275,0.0405,0.78125,"Python_23","Pyt_H"
"545",544,0.1555,0.02205,0.0416,0.78085,"Python_23","Pyt_H"
"546",545,0.15525,0.022,0.0415,0.78125,"Python_23","Pyt_H"
"547",546,0.1542,0.022,0.04255,0.78125,"Python_23","Pyt_H"
"548",547,0.1545,0.02235,0.04135,0.7818,"Python_23","Pyt_H"
"549",548,0.1547,0.022,0.04205,0.78125,"Python_23","Pyt_H"
"550",549,0.15465,0.02255,0.0418,0.781,"Python_23","Pyt_H"
"551",550,0.1549,0.02355,0.04125,0.7803,"Python_23","Pyt_H"
"552",551,0.15475,0.02245,0.04245,0.78035,"Python_23","Pyt_H"
"553",552,0.1547,0.02255,0.04225,0.7805,"Python_23","Pyt_H"
"554",553,0.1537,0.0233,0.04155,0.78145,"Python_23","Pyt_H"
"555",554,0.15325,0.0226,0.04285,0.7813,"Python_23","Pyt_H"
"556",555,0.15355,0.02275,0.04335,0.78035,"Python_23","Pyt_H"
"557",556,0.1547,0.0232,0.04225,0.77985,"Python_23","Pyt_H"
"558",557,0.15415,0.02375,0.0419,0.7802,"Python_23","Pyt_H"
"559",558,0.1548,0.02295,0.0419,0.78035,"Python_23","Pyt_H"
"560",559,0.15425,0.0237,0.04215,0.7799,"Python_23","Pyt_H"
"561",560,0.1546,0.0233,0.04165,0.78045,"Python_23","Pyt_H"
"562",561,0.15515,0.02225,0.04115,0.78145,"Python_23","Pyt_H"
"563",562,0.1553,0.0217,0.04095,0.78205,"Python_23","Pyt_H"
"564",563,0.155,0.02285,0.04065,0.7815,"Python_23","Pyt_H"
"565",564,0.156,0.02245,0.0408,0.78075,"Python_23","Pyt_H"
"566",565,0.15665,0.0217,0.04195,0.7797,"Python_23","Pyt_H"
"567",566,0.15675,0.0224,0.04255,0.7783,"Python_23","Pyt_H"
"568",567,0.15735,0.02225,0.04235,0.77805,"Python_23","Pyt_H"
"569",568,0.15675,0.02145,0.04335,0.77845,"Python_23","Pyt_H"
"570",569,0.1566,0.02195,0.0424,0.77905,"Python_23","Pyt_H"
"571",570,0.1561,0.0225,0.0418,0.7796,"Python_23","Pyt_H"
"572",571,0.15675,0.0227,0.04125,0.7793,"Python_23","Pyt_H"
"573",572,0.1585,0.02245,0.0412,0.77785,"Python_23","Pyt_H"
"574",573,0.15845,0.02215,0.04245,0.77695,"Python_23","Pyt_H"
"575",574,0.15945,0.0224,0.04225,0.7759,"Python_23","Pyt_H"
"576",575,0.1593,0.0219,0.04215,0.77665,"Python_23","Pyt_H"
"577",576,0.15975,0.0218,0.04255,0.7759,"Python_23","Pyt_H"
"578",577,0.15945,0.02205,0.04215,0.77635,"Python_23","Pyt_H"
"579",578,0.15895,0.0217,0.04225,0.7771,"Python_23","Pyt_H"
"580",579,0.16,0.022,0.04185,0.77615,"Python_23","Pyt_H"
"581",580,0.16155,0.02135,0.04135,0.77575,"Python_23","Pyt_H"
"582",581,0.1612,0.0223,0.0412,0.7753,"Python_23","Pyt_H"
"583",582,0.1611,0.0227,0.0408,0.7754,"Python_23","Pyt_H"
"584",583,0.16005,0.0232,0.0414,0.77535,"Python_23","Pyt_H"
"585",584,0.15945,0.02375,0.04065,0.77615,"Python_23","Pyt_H"
"586",585,0.1596,0.0236,0.041,0.7758,"Python_23","Pyt_H"
"587",586,0.15985,0.0236,0.0407,0.77585,"Python_23","Pyt_H"
"588",587,0.15985,0.0235,0.04145,0.7752,"Python_23","Pyt_H"
"589",588,0.1601,0.0233,0.0408,0.7758,"Python_23","Pyt_H"
"590",589,0.16035,0.0228,0.04095,0.7759,"Python_23","Pyt_H"
"591",590,0.15985,0.02345,0.0408,0.7759,"Python_23","Pyt_H"
"592",591,0.16085,0.02305,0.0409,0.7752,"Python_23","Pyt_H"
"593",592,0.16135,0.0229,0.0404,0.77535,"Python_23","Pyt_H"
"594",593,0.16225,0.0221,0.0405,0.77515,"Python_23","Pyt_H"
"595",594,0.16365,0.0212,0.04075,0.7744,"Python_23","Pyt_H"
"596",595,0.1651,0.02145,0.04035,0.7731,"Python_23","Pyt_H"
"597",596,0.1649,0.02115,0.0405,0.77345,"Python_23","Pyt_H"
"598",597,0.1644,0.02235,0.0404,0.77285,"Python_23","Pyt_H"
"599",598,0.1643,0.0237,0.0395,0.7725,"Python_23","Pyt_H"
"600",599,0.1642,0.02305,0.04015,0.7726,"Python_23","Pyt_H"
"601",600,0.1635,0.0226,0.03995,0.77395,"Python_23","Pyt_H"
"602",601,0.1632,0.02375,0.03935,0.7737,"Python_23","Pyt_H"
"603",602,0.16415,0.02355,0.03985,0.77245,"Python_23","Pyt_H"
"604",603,0.16265,0.0235,0.04045,0.7734,"Python_23","Pyt_H"
"605",604,0.16185,0.02415,0.04035,0.77365,"Python_23","Pyt_H"
"606",605,0.1626,0.024,0.04105,0.77235,"Python_23","Pyt_H"
"607",606,0.1627,0.0228,0.04165,0.77285,"Python_23","Pyt_H"
"608",607,0.1623,0.0235,0.04135,0.77285,"Python_23","Pyt_H"
"609",608,0.1619,0.0238,0.04075,0.77355,"Python_23","Pyt_H"
"610",609,0.1626,0.0229,0.0411,0.7734,"Python_23","Pyt_H"
"611",610,0.1628,0.0229,0.0413,0.773,"Python_23","Pyt_H"
"612",611,0.16215,0.0234,0.04095,0.7735,"Python_23","Pyt_H"
"613",612,0.16275,0.0235,0.04105,0.7727,"Python_23","Pyt_H"
"614",613,0.16195,0.0243,0.04145,0.7723,"Python_23","Pyt_H"
"615",614,0.16155,0.0242,0.04295,0.7713,"Python_23","Pyt_H"
"616",615,0.16185,0.02385,0.0436,0.7707,"Python_23","Pyt_H"
"617",616,0.1604,0.02335,0.0441,0.77215,"Python_23","Pyt_H"
"618",617,0.16,0.023,0.0442,0.7728,"Python_23","Pyt_H"
"619",618,0.1602,0.02445,0.04295,0.7724,"Python_23","Pyt_H"
"620",619,0.1592,0.0247,0.04185,0.77425,"Python_23","Pyt_H"
"621",620,0.1596,0.0229,0.04355,0.77395,"Python_23","Pyt_H"
"622",621,0.15935,0.0229,0.0434,0.77435,"Python_23","Pyt_H"
"623",622,0.15875,0.0228,0.04245,0.776,"Python_23","Pyt_H"
"624",623,0.15895,0.02245,0.0425,0.7761,"Python_23","Pyt_H"
"625",624,0.1588,0.02215,0.04225,0.7768,"Python_23","Pyt_H"
"626",625,0.1582,0.02245,0.0421,0.77725,"Python_23","Pyt_H"
"627",626,0.1591,0.022,0.04105,0.77785,"Python_23","Pyt_H"
"628",627,0.15995,0.02195,0.04025,0.77785,"Python_23","Pyt_H"
"629",628,0.15985,0.02145,0.04035,0.77835,"Python_23","Pyt_H"
"630",629,0.1599,0.0218,0.04025,0.77805,"Python_23","Pyt_H"
"631",630,0.16005,0.0233,0.04005,0.7766,"Python_23","Pyt_H"
"632",631,0.159,0.024,0.03915,0.77785,"Python_23","Pyt_H"
"633",632,0.1596,0.02395,0.0395,0.77695,"Python_23","Pyt_H"
"634",633,0.16125,0.02345,0.03975,0.77555,"Python_23","Pyt_H"
"635",634,0.16125,0.02285,0.04025,0.77565,"Python_23","Pyt_H"
"636",635,0.1625,0.02195,0.04135,0.7742,"Python_23","Pyt_H"
"637",636,0.16205,0.0225,0.04155,0.7739,"Python_23","Pyt_H"
"638",637,0.16245,0.0219,0.04165,0.774,"Python_23","Pyt_H"
"639",638,0.1629,0.02085,0.04185,0.7744,"Python_23","Pyt_H"
"640",639,0.1625,0.02125,0.04125,0.775,"Python_23","Pyt_H"
"641",640,0.16145,0.02185,0.04045,0.77625,"Python_23","Pyt_H"
"642",641,0.1609,0.02245,0.03995,0.7767,"Python_23","Pyt_H"
"643",642,0.1606,0.0224,0.0401,0.7769,"Python_23","Pyt_H"
"644",643,0.16085,0.02105,0.0416,0.7765,"Python_23","Pyt_H"
"645",644,0.1609,0.0211,0.04095,0.77705,"Python_23","Pyt_H"
"646",645,0.16095,0.0218,0.0406,0.77665,"Python_23","Pyt_H"
"647",646,0.1616,0.0213,0.04045,0.77665,"Python_23","Pyt_H"
"648",647,0.1616,0.02125,0.0401,0.77705,"Python_23","Pyt_H"
"649",648,0.16075,0.0219,0.04015,0.7772,"Python_23","Pyt_H"
"650",649,0.16135,0.022,0.04095,0.7757,"Python_23","Pyt_H"
"651",650,0.1614,0.0223,0.0415,0.7748,"Python_23","Pyt_H"
"652",651,0.1606,0.02325,0.04135,0.7748,"Python_23","Pyt_H"
"653",652,0.1603,0.02345,0.0408,0.77545,"Python_23","Pyt_H"
"654",653,0.1605,0.023,0.0407,0.7758,"Python_23","Pyt_H"
"655",654,0.1601,0.0234,0.04085,0.77565,"Python_23","Pyt_H"
"656",655,0.1607,0.02225,0.0418,0.77525,"Python_23","Pyt_H"
"657",656,0.16085,0.0215,0.0424,0.77525,"Python_23","Pyt_H"
"658",657,0.159,0.02295,0.04125,0.7768,"Python_23","Pyt_H"
"659",658,0.1604,0.0223,0.04115,0.77615,"Python_23","Pyt_H"
"660",659,0.16125,0.02105,0.04185,0.77585,"Python_23","Pyt_H"
