"","step","S","E","I","R","simu","Langage"
"1",0,0.999,0,0.001,0,"Python_2","Pyt_H"
"2",1,0.99805,0.00095,0.001,0,"Python_2","Pyt_H"
"3",2,0.99715,0.00185,0.00095,5e-05,"Python_2","Pyt_H"
"4",3,0.99625,0.0024,0.00115,2e-04,"Python_2","Pyt_H"
"5",4,0.99535,0.00305,0.00125,0.00035,"Python_2","Pyt_H"
"6",5,0.99385,0.0041,0.00165,4e-04,"Python_2","Pyt_H"
"7",6,0.99215,0.00505,0.00215,0.00065,"Python_2","Pyt_H"
"8",7,0.9901,0.0066,0.00255,0.00075,"Python_2","Pyt_H"
"9",8,0.98755,0.00815,0.00315,0.00115,"Python_2","Pyt_H"
"10",9,0.98455,0.0093,0.005,0.00115,"Python_2","Pyt_H"
"11",10,0.97985,0.0121,0.00625,0.0018,"Python_2","Pyt_H"
"12",11,0.9741,0.01565,0.0081,0.00215,"Python_2","Pyt_H"
"13",12,0.96645,0.0198,0.01055,0.0032,"Python_2","Pyt_H"
"14",13,0.95705,0.0257,0.0135,0.00375,"Python_2","Pyt_H"
"15",14,0.9466,0.0316,0.01675,0.00505,"Python_2","Pyt_H"
"16",15,0.9326,0.04045,0.02025,0.0067,"Python_2","Pyt_H"
"17",16,0.9155,0.05045,0.0249,0.00915,"Python_2","Pyt_H"
"18",17,0.8948,0.06225,0.0317,0.01125,"Python_2","Pyt_H"
"19",18,0.8711,0.07355,0.04115,0.0142,"Python_2","Pyt_H"
"20",19,0.8372,0.09315,0.0516,0.01805,"Python_2","Pyt_H"
"21",20,0.8003,0.1124,0.0645,0.0228,"Python_2","Pyt_H"
"22",21,0.75505,0.13645,0.07865,0.02985,"Python_2","Pyt_H"
"23",22,0.70625,0.1599,0.09615,0.0377,"Python_2","Pyt_H"
"24",23,0.6472,0.18815,0.11645,0.0482,"Python_2","Pyt_H"
"25",24,0.5886,0.21115,0.14115,0.0591,"Python_2","Pyt_H"
"26",25,0.5188,0.23615,0.1722,0.07285,"Python_2","Pyt_H"
"27",26,0.44825,0.2603,0.20175,0.0897,"Python_2","Pyt_H"
"28",27,0.37615,0.27925,0.23395,0.11065,"Python_2","Pyt_H"
"29",28,0.3112,0.28805,0.2657,0.13505,"Python_2","Pyt_H"
"30",29,0.249,0.28895,0.2989,0.16315,"Python_2","Pyt_H"
"31",30,0.19635,0.27535,0.33435,0.19395,"Python_2","Pyt_H"
"32",31,0.15145,0.2581,0.3607,0.22975,"Python_2","Pyt_H"
"33",32,0.11235,0.23735,0.38035,0.26995,"Python_2","Pyt_H"
"34",33,0.08245,0.2085,0.39645,0.3126,"Python_2","Pyt_H"
"35",34,0.06055,0.18355,0.40035,0.35555,"Python_2","Pyt_H"
"36",35,0.0456,0.15095,0.40195,0.4015,"Python_2","Pyt_H"
"37",36,0.0354,0.1233,0.3958,0.4455,"Python_2","Pyt_H"
"38",37,0.0272,0.0995,0.37935,0.49395,"Python_2","Pyt_H"
"39",38,0.0215,0.08005,0.3575,0.54095,"Python_2","Pyt_H"
"40",39,0.01875,0.06255,0.33885,0.57985,"Python_2","Pyt_H"
"41",40,0.0158,0.05095,0.3121,0.62115,"Python_2","Pyt_H"
"42",41,0.01385,0.0403,0.28275,0.6631,"Python_2","Pyt_H"
"43",42,0.01295,0.0329,0.256,0.69815,"Python_2","Pyt_H"
"44",43,0.0124,0.02625,0.2319,0.72945,"Python_2","Pyt_H"
"45",44,0.01265,0.0212,0.2084,0.75775,"Python_2","Pyt_H"
"46",45,0.01245,0.0177,0.18565,0.7842,"Python_2","Pyt_H"
"47",46,0.0128,0.01465,0.16505,0.8075,"Python_2","Pyt_H"
"48",47,0.0141,0.012,0.14605,0.82785,"Python_2","Pyt_H"
"49",48,0.0148,0.01015,0.13145,0.8436,"Python_2","Pyt_H"
"50",49,0.0162,0.00935,0.1159,0.85855,"Python_2","Pyt_H"
"51",50,0.01735,0.00835,0.104,0.8703,"Python_2","Pyt_H"
"52",51,0.0187,0.00735,0.09205,0.8819,"Python_2","Pyt_H"
"53",52,0.02035,0.0072,0.0808,0.89165,"Python_2","Pyt_H"
"54",53,0.0215,0.0069,0.0705,0.9011,"Python_2","Pyt_H"
"55",54,0.0245,0.0058,0.0622,0.9075,"Python_2","Pyt_H"
"56",55,0.02645,0.0057,0.05605,0.9118,"Python_2","Pyt_H"
"57",56,0.0288,0.00525,0.04935,0.9166,"Python_2","Pyt_H"
"58",57,0.03135,0.00445,0.0436,0.9206,"Python_2","Pyt_H"
"59",58,0.0345,0.00405,0.03945,0.922,"Python_2","Pyt_H"
"60",59,0.0366,0.00385,0.035,0.92455,"Python_2","Pyt_H"
"61",60,0.03915,0.0036,0.03125,0.926,"Python_2","Pyt_H"
"62",61,0.0409,0.00355,0.02775,0.9278,"Python_2","Pyt_H"
"63",62,0.04315,0.00355,0.0248,0.9285,"Python_2","Pyt_H"
"64",63,0.04535,0.0032,0.0225,0.92895,"Python_2","Pyt_H"
"65",64,0.04715,0.00305,0.0197,0.9301,"Python_2","Pyt_H"
"66",65,0.0497,0.0032,0.0177,0.9294,"Python_2","Pyt_H"
"67",66,0.0518,0.0032,0.0153,0.9297,"Python_2","Pyt_H"
"68",67,0.0542,0.0029,0.0138,0.9291,"Python_2","Pyt_H"
"69",68,0.05645,0.00305,0.01215,0.92835,"Python_2","Pyt_H"
"70",69,0.05985,0.003,0.01105,0.9261,"Python_2","Pyt_H"
"71",70,0.0623,0.0029,0.0102,0.9246,"Python_2","Pyt_H"
"72",71,0.0651,0.0029,0.00925,0.92275,"Python_2","Pyt_H"
"73",72,0.06795,0.0026,0.0086,0.92085,"Python_2","Pyt_H"
"74",73,0.0705,0.00265,0.00805,0.9188,"Python_2","Pyt_H"
"75",74,0.07295,0.00235,0.0076,0.9171,"Python_2","Pyt_H"
"76",75,0.07585,0.00195,0.007,0.9152,"Python_2","Pyt_H"
"77",76,0.0791,0.0013,0.00665,0.91295,"Python_2","Pyt_H"
"78",77,0.0819,0.00135,0.0059,0.91085,"Python_2","Pyt_H"
"79",78,0.0849,0.0016,0.00505,0.90845,"Python_2","Pyt_H"
"80",79,0.0876,0.00155,0.00485,0.906,"Python_2","Pyt_H"
"81",80,0.0905,0.0014,0.00435,0.90375,"Python_2","Pyt_H"
"82",81,0.0931,0.0015,0.00395,0.90145,"Python_2","Pyt_H"
"83",82,0.09495,0.00135,0.0035,0.9002,"Python_2","Pyt_H"
"84",83,0.09735,0.0013,0.00325,0.8981,"Python_2","Pyt_H"
"85",84,0.1005,0.00115,0.00295,0.8954,"Python_2","Pyt_H"
"86",85,0.10335,0.0012,0.0029,0.89255,"Python_2","Pyt_H"
"87",86,0.1069,0.00105,0.00255,0.8895,"Python_2","Pyt_H"
"88",87,0.10965,0.00095,0.0025,0.8869,"Python_2","Pyt_H"
"89",88,0.11175,9e-04,0.0026,0.88475,"Python_2","Pyt_H"
"90",89,0.1142,0.00095,0.00235,0.8825,"Python_2","Pyt_H"
"91",90,0.1161,0.0012,0.00215,0.88055,"Python_2","Pyt_H"
"92",91,0.11855,0.0012,0.00215,0.8781,"Python_2","Pyt_H"
"93",92,0.122,0.0011,0.0022,0.8747,"Python_2","Pyt_H"
"94",93,0.1245,0.00075,0.0023,0.87245,"Python_2","Pyt_H"
"95",94,0.1271,0.00095,0.0023,0.86965,"Python_2","Pyt_H"
"96",95,0.12955,0.001,0.00225,0.8672,"Python_2","Pyt_H"
"97",96,0.1319,0.001,0.00205,0.86505,"Python_2","Pyt_H"
"98",97,0.1343,0.00095,0.00195,0.8628,"Python_2","Pyt_H"
"99",98,0.1371,0.00105,0.0019,0.85995,"Python_2","Pyt_H"
"100",99,0.13925,0.00115,0.0018,0.8578,"Python_2","Pyt_H"
"101",100,0.14245,0.0012,0.0016,0.85475,"Python_2","Pyt_H"
"102",101,0.14505,0.001,0.0015,0.85245,"Python_2","Pyt_H"
"103",102,0.1475,9e-04,0.0013,0.8503,"Python_2","Pyt_H"
"104",103,0.1507,6e-04,0.00165,0.84705,"Python_2","Pyt_H"
"105",104,0.15305,5e-04,0.0018,0.84465,"Python_2","Pyt_H"
"106",105,0.15545,0.00085,0.0017,0.842,"Python_2","Pyt_H"
"107",106,0.15805,0.00105,0.00145,0.83945,"Python_2","Pyt_H"
"108",107,0.16015,0.0011,0.00135,0.8374,"Python_2","Pyt_H"
"109",108,0.16205,9e-04,0.00165,0.8354,"Python_2","Pyt_H"
"110",109,0.16405,0.00085,0.00185,0.83325,"Python_2","Pyt_H"
"111",110,0.16605,9e-04,0.0019,0.83115,"Python_2","Pyt_H"
"112",111,0.16805,0.00125,0.0017,0.829,"Python_2","Pyt_H"
"113",112,0.1708,0.0012,0.00175,0.82625,"Python_2","Pyt_H"
"114",113,0.17305,0.00125,0.00185,0.82385,"Python_2","Pyt_H"
"115",114,0.17495,0.0013,0.002,0.82175,"Python_2","Pyt_H"
"116",115,0.1765,0.00105,0.00215,0.8203,"Python_2","Pyt_H"
"117",116,0.17815,9e-04,0.0022,0.81875,"Python_2","Pyt_H"
"118",117,0.18045,0.001,0.00205,0.8165,"Python_2","Pyt_H"
"119",118,0.1823,0.00135,0.00195,0.8144,"Python_2","Pyt_H"
"120",119,0.18475,0.0013,0.00175,0.8122,"Python_2","Pyt_H"
"121",120,0.1866,0.0012,0.0019,0.8103,"Python_2","Pyt_H"
"122",121,0.18865,0.00125,0.0019,0.8082,"Python_2","Pyt_H"
"123",122,0.19055,0.00135,0.00205,0.80605,"Python_2","Pyt_H"
"124",123,0.1925,0.0013,0.0022,0.804,"Python_2","Pyt_H"
"125",124,0.19445,0.0012,0.0022,0.80215,"Python_2","Pyt_H"
"126",125,0.19655,0.0012,0.0023,0.79995,"Python_2","Pyt_H"
"127",126,0.19905,0.00115,0.0024,0.7974,"Python_2","Pyt_H"
"128",127,0.2004,0.00145,0.0023,0.79585,"Python_2","Pyt_H"
"129",128,0.20185,0.0014,0.0023,0.79445,"Python_2","Pyt_H"
"130",129,0.20345,0.0015,0.0023,0.79275,"Python_2","Pyt_H"
"131",130,0.2062,0.0013,0.00245,0.79005,"Python_2","Pyt_H"
"132",131,0.208,0.00145,0.0023,0.78825,"Python_2","Pyt_H"
"133",132,0.21,0.0015,0.00225,0.78625,"Python_2","Pyt_H"
"134",133,0.2115,0.00135,0.0024,0.78475,"Python_2","Pyt_H"
"135",134,0.2137,0.00105,0.0026,0.78265,"Python_2","Pyt_H"
"136",135,0.2158,0.00125,0.0023,0.78065,"Python_2","Pyt_H"
"137",136,0.2176,0.0017,0.0021,0.7786,"Python_2","Pyt_H"
"138",137,0.21955,0.0016,0.00225,0.7766,"Python_2","Pyt_H"
"139",138,0.22175,0.00145,0.0025,0.7743,"Python_2","Pyt_H"
"140",139,0.224,0.0016,0.00245,0.77195,"Python_2","Pyt_H"
"141",140,0.22555,0.00165,0.0024,0.7704,"Python_2","Pyt_H"
"142",141,0.22735,0.0014,0.0027,0.76855,"Python_2","Pyt_H"
"143",142,0.22975,0.00195,0.00245,0.76585,"Python_2","Pyt_H"
"144",143,0.23115,0.0023,0.0022,0.76435,"Python_2","Pyt_H"
"145",144,0.233,0.0024,0.00205,0.76255,"Python_2","Pyt_H"
"146",145,0.235,0.00225,0.0028,0.75995,"Python_2","Pyt_H"
"147",146,0.23625,0.00255,0.00325,0.75795,"Python_2","Pyt_H"
"148",147,0.23835,0.0024,0.0035,0.75575,"Python_2","Pyt_H"
"149",148,0.2395,0.0024,0.0039,0.7542,"Python_2","Pyt_H"
"150",149,0.2405,0.00265,0.0039,0.75295,"Python_2","Pyt_H"
"151",150,0.24225,0.0025,0.00435,0.7509,"Python_2","Pyt_H"
"152",151,0.24355,0.003,0.00445,0.749,"Python_2","Pyt_H"
"153",152,0.2447,0.0033,0.0045,0.7475,"Python_2","Pyt_H"
"154",153,0.246,0.0036,0.0047,0.7457,"Python_2","Pyt_H"
"155",154,0.2471,0.00395,0.00505,0.7439,"Python_2","Pyt_H"
"156",155,0.2486,0.0039,0.0052,0.7423,"Python_2","Pyt_H"
"157",156,0.2492,0.00425,0.0054,0.74115,"Python_2","Pyt_H"
"158",157,0.2502,0.00435,0.0061,0.73935,"Python_2","Pyt_H"
"159",158,0.2514,0.00485,0.0062,0.73755,"Python_2","Pyt_H"
"160",159,0.2525,0.00435,0.00655,0.7366,"Python_2","Pyt_H"
"161",160,0.25285,0.00485,0.0068,0.7355,"Python_2","Pyt_H"
"162",161,0.25315,0.00505,0.00715,0.73465,"Python_2","Pyt_H"
"163",162,0.254,0.0054,0.00745,0.73315,"Python_2","Pyt_H"
"164",163,0.255,0.0053,0.0077,0.732,"Python_2","Pyt_H"
"165",164,0.2556,0.00575,0.00765,0.731,"Python_2","Pyt_H"
"166",165,0.2564,0.00605,0.0079,0.72965,"Python_2","Pyt_H"
"167",166,0.25725,0.00645,0.0081,0.7282,"Python_2","Pyt_H"
"168",167,0.25775,0.0065,0.0087,0.72705,"Python_2","Pyt_H"
"169",168,0.25855,0.0061,0.00975,0.7256,"Python_2","Pyt_H"
"170",169,0.25825,0.00715,0.01005,0.72455,"Python_2","Pyt_H"
"171",170,0.2577,0.00825,0.00975,0.7243,"Python_2","Pyt_H"
"172",171,0.25895,0.0085,0.00985,0.7227,"Python_2","Pyt_H"
"173",172,0.25845,0.0087,0.01095,0.7219,"Python_2","Pyt_H"
"174",173,0.2584,0.0096,0.0113,0.7207,"Python_2","Pyt_H"
"175",174,0.25765,0.01005,0.0118,0.7205,"Python_2","Pyt_H"
"176",175,0.2566,0.0103,0.013,0.7201,"Python_2","Pyt_H"
"177",176,0.25615,0.0102,0.0141,0.71955,"Python_2","Pyt_H"
"178",177,0.25615,0.0112,0.01425,0.7184,"Python_2","Pyt_H"
"179",178,0.2557,0.01145,0.0149,0.71795,"Python_2","Pyt_H"
"180",179,0.25495,0.01235,0.0157,0.717,"Python_2","Pyt_H"
"181",180,0.25275,0.0142,0.01555,0.7175,"Python_2","Pyt_H"
"182",181,0.2524,0.01305,0.01775,0.7168,"Python_2","Pyt_H"
"183",182,0.25025,0.014,0.0182,0.71755,"Python_2","Pyt_H"
"184",183,0.24885,0.0152,0.01895,0.717,"Python_2","Pyt_H"
"185",184,0.2482,0.0151,0.0197,0.717,"Python_2","Pyt_H"
"186",185,0.2475,0.01485,0.0206,0.71705,"Python_2","Pyt_H"
"187",186,0.24545,0.01545,0.0217,0.7174,"Python_2","Pyt_H"
"188",187,0.242,0.01685,0.02345,0.7177,"Python_2","Pyt_H"
"189",188,0.2403,0.01725,0.02465,0.7178,"Python_2","Pyt_H"
"190",189,0.2384,0.0181,0.02495,0.71855,"Python_2","Pyt_H"
"191",190,0.23675,0.0181,0.0264,0.71875,"Python_2","Pyt_H"
"192",191,0.2346,0.0193,0.0272,0.7189,"Python_2","Pyt_H"
"193",192,0.2318,0.02065,0.02855,0.719,"Python_2","Pyt_H"
"194",193,0.22845,0.0212,0.03015,0.7202,"Python_2","Pyt_H"
"195",194,0.2257,0.0215,0.03175,0.72105,"Python_2","Pyt_H"
"196",195,0.2221,0.02205,0.03295,0.7229,"Python_2","Pyt_H"
"197",196,0.2195,0.02345,0.03335,0.7237,"Python_2","Pyt_H"
"198",197,0.2162,0.02335,0.03475,0.7257,"Python_2","Pyt_H"
"199",198,0.2131,0.02455,0.0347,0.72765,"Python_2","Pyt_H"
"200",199,0.2102,0.02445,0.0355,0.72985,"Python_2","Pyt_H"
"201",200,0.20725,0.0245,0.0378,0.73045,"Python_2","Pyt_H"
"202",201,0.20405,0.02525,0.0384,0.7323,"Python_2","Pyt_H"
"203",202,0.20145,0.024,0.04035,0.7342,"Python_2","Pyt_H"
"204",203,0.19725,0.0251,0.0415,0.73615,"Python_2","Pyt_H"
"205",204,0.19405,0.02665,0.0413,0.738,"Python_2","Pyt_H"
"206",205,0.1914,0.0272,0.0418,0.7396,"Python_2","Pyt_H"
"207",206,0.18815,0.027,0.04395,0.7409,"Python_2","Pyt_H"
"208",207,0.1845,0.02725,0.0437,0.74455,"Python_2","Pyt_H"
"209",208,0.1815,0.0271,0.0436,0.7478,"Python_2","Pyt_H"
"210",209,0.1786,0.0272,0.0439,0.7503,"Python_2","Pyt_H"
"211",210,0.17515,0.02675,0.04605,0.75205,"Python_2","Pyt_H"
"212",211,0.1714,0.02825,0.04535,0.755,"Python_2","Pyt_H"
"213",212,0.16765,0.02855,0.04565,0.75815,"Python_2","Pyt_H"
"214",213,0.16515,0.0277,0.04735,0.7598,"Python_2","Pyt_H"
"215",214,0.16345,0.0274,0.0479,0.76125,"Python_2","Pyt_H"
"216",215,0.1615,0.0257,0.04905,0.76375,"Python_2","Pyt_H"
"217",216,0.1586,0.02565,0.0497,0.76605,"Python_2","Pyt_H"
"218",217,0.1572,0.02475,0.05005,0.768,"Python_2","Pyt_H"
"219",218,0.15355,0.02615,0.0481,0.7722,"Python_2","Pyt_H"
"220",219,0.15105,0.02635,0.04715,0.77545,"Python_2","Pyt_H"
"221",220,0.14935,0.02525,0.04705,0.77835,"Python_2","Pyt_H"
"222",221,0.1462,0.02555,0.04755,0.7807,"Python_2","Pyt_H"
"223",222,0.14385,0.0258,0.0467,0.78365,"Python_2","Pyt_H"
"224",223,0.1429,0.0242,0.0473,0.7856,"Python_2","Pyt_H"
"225",224,0.1406,0.0235,0.0485,0.7874,"Python_2","Pyt_H"
"226",225,0.13955,0.0232,0.04775,0.7895,"Python_2","Pyt_H"
"227",226,0.1377,0.0235,0.0463,0.7925,"Python_2","Pyt_H"
"228",227,0.13665,0.0232,0.0445,0.79565,"Python_2","Pyt_H"
"229",228,0.1348,0.0234,0.04375,0.79805,"Python_2","Pyt_H"
"230",229,0.1345,0.0217,0.0435,0.8003,"Python_2","Pyt_H"
"231",230,0.13325,0.0208,0.04345,0.8025,"Python_2","Pyt_H"
"232",231,0.13295,0.01995,0.04285,0.80425,"Python_2","Pyt_H"
"233",232,0.1325,0.01895,0.04295,0.8056,"Python_2","Pyt_H"
"234",233,0.13245,0.0182,0.0427,0.80665,"Python_2","Pyt_H"
"235",234,0.13125,0.01905,0.042,0.8077,"Python_2","Pyt_H"
"236",235,0.13105,0.0189,0.04055,0.8095,"Python_2","Pyt_H"
"237",236,0.13115,0.01825,0.0396,0.811,"Python_2","Pyt_H"
"238",237,0.13125,0.01805,0.03975,0.81095,"Python_2","Pyt_H"
"239",238,0.1311,0.01745,0.0396,0.81185,"Python_2","Pyt_H"
"240",239,0.13175,0.0171,0.03895,0.8122,"Python_2","Pyt_H"
"241",240,0.1321,0.0177,0.0375,0.8127,"Python_2","Pyt_H"
"242",241,0.1323,0.0171,0.0373,0.8133,"Python_2","Pyt_H"
"243",242,0.13275,0.01725,0.03725,0.81275,"Python_2","Pyt_H"
"244",243,0.13115,0.0174,0.0376,0.81385,"Python_2","Pyt_H"
"245",244,0.13175,0.0171,0.0372,0.81395,"Python_2","Pyt_H"
"246",245,0.13285,0.01705,0.0355,0.8146,"Python_2","Pyt_H"
"247",246,0.13485,0.0165,0.03475,0.8139,"Python_2","Pyt_H"
"248",247,0.1358,0.01535,0.03545,0.8134,"Python_2","Pyt_H"
"249",248,0.13575,0.01565,0.035,0.8136,"Python_2","Pyt_H"
"250",249,0.13545,0.01605,0.03305,0.81545,"Python_2","Pyt_H"
"251",250,0.13675,0.01535,0.03225,0.81565,"Python_2","Pyt_H"
"252",251,0.1377,0.01515,0.0316,0.81555,"Python_2","Pyt_H"
"253",252,0.1376,0.0156,0.03155,0.81525,"Python_2","Pyt_H"
"254",253,0.13805,0.0154,0.0313,0.81525,"Python_2","Pyt_H"
"255",254,0.13895,0.01555,0.03095,0.81455,"Python_2","Pyt_H"
"256",255,0.14045,0.01495,0.0301,0.8145,"Python_2","Pyt_H"
"257",256,0.1415,0.01485,0.0289,0.81475,"Python_2","Pyt_H"
"258",257,0.14305,0.0151,0.0282,0.81365,"Python_2","Pyt_H"
"259",258,0.1443,0.0156,0.027,0.8131,"Python_2","Pyt_H"
"260",259,0.14515,0.0158,0.02665,0.8124,"Python_2","Pyt_H"
"261",260,0.1465,0.01465,0.0271,0.81175,"Python_2","Pyt_H"
"262",261,0.1479,0.01415,0.0276,0.81035,"Python_2","Pyt_H"
"263",262,0.1482,0.01475,0.02715,0.8099,"Python_2","Pyt_H"
"264",263,0.1499,0.01485,0.0267,0.80855,"Python_2","Pyt_H"
"265",264,0.15125,0.01445,0.02715,0.80715,"Python_2","Pyt_H"
"266",265,0.1524,0.0138,0.0275,0.8063,"Python_2","Pyt_H"
"267",266,0.1535,0.01455,0.02715,0.8048,"Python_2","Pyt_H"
"268",267,0.15485,0.01495,0.0267,0.8035,"Python_2","Pyt_H"
"269",268,0.1563,0.01455,0.027,0.80215,"Python_2","Pyt_H"
"270",269,0.1578,0.0148,0.0265,0.8009,"Python_2","Pyt_H"
"271",270,0.15905,0.0147,0.02665,0.7996,"Python_2","Pyt_H"
"272",271,0.1603,0.0145,0.0262,0.799,"Python_2","Pyt_H"
"273",272,0.1611,0.01415,0.02645,0.7983,"Python_2","Pyt_H"
"274",273,0.16235,0.01415,0.02615,0.79735,"Python_2","Pyt_H"
"275",274,0.1632,0.01425,0.02535,0.7972,"Python_2","Pyt_H"
"276",275,0.16415,0.01435,0.026,0.7955,"Python_2","Pyt_H"
"277",276,0.1652,0.01385,0.02585,0.7951,"Python_2","Pyt_H"
"278",277,0.1677,0.01465,0.0256,0.79205,"Python_2","Pyt_H"
"279",278,0.17015,0.01385,0.0258,0.7902,"Python_2","Pyt_H"
"280",279,0.1712,0.01385,0.02605,0.7889,"Python_2","Pyt_H"
"281",280,0.17105,0.014,0.026,0.78895,"Python_2","Pyt_H"
"282",281,0.1717,0.01455,0.02635,0.7874,"Python_2","Pyt_H"
"283",282,0.1725,0.0153,0.02635,0.78585,"Python_2","Pyt_H"
"284",283,0.17335,0.016,0.02625,0.7844,"Python_2","Pyt_H"
"285",284,0.1739,0.0161,0.0266,0.7834,"Python_2","Pyt_H"
"286",285,0.17535,0.0161,0.0269,0.78165,"Python_2","Pyt_H"
"287",286,0.1751,0.01675,0.02695,0.7812,"Python_2","Pyt_H"
"288",287,0.1774,0.0161,0.0276,0.7789,"Python_2","Pyt_H"
"289",288,0.17805,0.01615,0.02835,0.77745,"Python_2","Pyt_H"
"290",289,0.1794,0.0156,0.02865,0.77635,"Python_2","Pyt_H"
"291",290,0.18015,0.0162,0.0281,0.77555,"Python_2","Pyt_H"
"292",291,0.18,0.0165,0.02855,0.77495,"Python_2","Pyt_H"
"293",292,0.1801,0.0178,0.02845,0.77365,"Python_2","Pyt_H"
"294",293,0.18135,0.0171,0.02935,0.7722,"Python_2","Pyt_H"
"295",294,0.1811,0.0176,0.03015,0.77115,"Python_2","Pyt_H"
"296",295,0.1813,0.01855,0.02985,0.7703,"Python_2","Pyt_H"
"297",296,0.18045,0.01885,0.0305,0.7702,"Python_2","Pyt_H"
"298",297,0.18075,0.0188,0.0306,0.76985,"Python_2","Pyt_H"
"299",298,0.18055,0.01825,0.0328,0.7684,"Python_2","Pyt_H"
"300",299,0.1808,0.0195,0.03315,0.76655,"Python_2","Pyt_H"
"301",300,0.18015,0.0212,0.03285,0.7658,"Python_2","Pyt_H"
"302",301,0.1794,0.02155,0.03315,0.7659,"Python_2","Pyt_H"
"303",302,0.17945,0.02105,0.03465,0.76485,"Python_2","Pyt_H"
"304",303,0.17945,0.0207,0.0357,0.76415,"Python_2","Pyt_H"
"305",304,0.18005,0.0205,0.0358,0.76365,"Python_2","Pyt_H"
"306",305,0.17995,0.021,0.0354,0.76365,"Python_2","Pyt_H"
"307",306,0.1816,0.0199,0.0359,0.7626,"Python_2","Pyt_H"
"308",307,0.1824,0.0201,0.03605,0.76145,"Python_2","Pyt_H"
"309",308,0.1814,0.02115,0.03675,0.7607,"Python_2","Pyt_H"
"310",309,0.1813,0.02095,0.03695,0.7608,"Python_2","Pyt_H"
"311",310,0.181,0.0221,0.03685,0.76005,"Python_2","Pyt_H"
"312",311,0.18055,0.02285,0.03655,0.76005,"Python_2","Pyt_H"
"313",312,0.1796,0.02255,0.038,0.75985,"Python_2","Pyt_H"
"314",313,0.17885,0.023,0.03795,0.7602,"Python_2","Pyt_H"
"315",314,0.1779,0.02345,0.03735,0.7613,"Python_2","Pyt_H"
"316",315,0.17735,0.02315,0.03905,0.76045,"Python_2","Pyt_H"
"317",316,0.17615,0.024,0.03935,0.7605,"Python_2","Pyt_H"
"318",317,0.17405,0.0255,0.0399,0.76055,"Python_2","Pyt_H"
"319",318,0.17295,0.02585,0.0405,0.7607,"Python_2","Pyt_H"
"320",319,0.1714,0.02555,0.04155,0.7615,"Python_2","Pyt_H"
"321",320,0.1712,0.0242,0.0433,0.7613,"Python_2","Pyt_H"
"322",321,0.17025,0.0234,0.04375,0.7626,"Python_2","Pyt_H"
"323",322,0.17085,0.02325,0.0449,0.761,"Python_2","Pyt_H"
"324",323,0.1712,0.0234,0.0441,0.7613,"Python_2","Pyt_H"
"325",324,0.16935,0.0257,0.04345,0.7615,"Python_2","Pyt_H"
"326",325,0.16905,0.02615,0.04365,0.76115,"Python_2","Pyt_H"
"327",326,0.1672,0.02635,0.04445,0.762,"Python_2","Pyt_H"
"328",327,0.1667,0.02585,0.04445,0.763,"Python_2","Pyt_H"
"329",328,0.165,0.02575,0.0453,0.76395,"Python_2","Pyt_H"
"330",329,0.16365,0.02505,0.04645,0.76485,"Python_2","Pyt_H"
"331",330,0.1633,0.02445,0.0471,0.76515,"Python_2","Pyt_H"
"332",331,0.16185,0.02455,0.0476,0.766,"Python_2","Pyt_H"
"333",332,0.16075,0.02475,0.0472,0.7673,"Python_2","Pyt_H"
"334",333,0.15925,0.0259,0.0472,0.76765,"Python_2","Pyt_H"
"335",334,0.15875,0.0262,0.04595,0.7691,"Python_2","Pyt_H"
"336",335,0.15745,0.0254,0.04705,0.7701,"Python_2","Pyt_H"
"337",336,0.1557,0.02585,0.0471,0.77135,"Python_2","Pyt_H"
"338",337,0.1552,0.02615,0.04695,0.7717,"Python_2","Pyt_H"
"339",338,0.15515,0.0256,0.04635,0.7729,"Python_2","Pyt_H"
"340",339,0.1546,0.02495,0.04715,0.7733,"Python_2","Pyt_H"
"341",340,0.1529,0.0252,0.04695,0.77495,"Python_2","Pyt_H"
"342",341,0.1516,0.02505,0.04715,0.7762,"Python_2","Pyt_H"
"343",342,0.15145,0.02425,0.0464,0.7779,"Python_2","Pyt_H"
"344",343,0.15155,0.0242,0.0454,0.77885,"Python_2","Pyt_H"
"345",344,0.1512,0.0239,0.045,0.7799,"Python_2","Pyt_H"
"346",345,0.1503,0.0245,0.0445,0.7807,"Python_2","Pyt_H"
"347",346,0.15075,0.0244,0.0445,0.78035,"Python_2","Pyt_H"
"348",347,0.15145,0.02395,0.04385,0.78075,"Python_2","Pyt_H"
"349",348,0.15155,0.0243,0.04245,0.7817,"Python_2","Pyt_H"
"350",349,0.1506,0.02445,0.04155,0.7834,"Python_2","Pyt_H"
"351",350,0.15045,0.02285,0.0422,0.7845,"Python_2","Pyt_H"
"352",351,0.15005,0.02295,0.0422,0.7848,"Python_2","Pyt_H"
"353",352,0.15,0.02215,0.04235,0.7855,"Python_2","Pyt_H"
"354",353,0.14925,0.02255,0.0425,0.7857,"Python_2","Pyt_H"
"355",354,0.1504,0.02155,0.04235,0.7857,"Python_2","Pyt_H"
"356",355,0.15055,0.021,0.0412,0.78725,"Python_2","Pyt_H"
"357",356,0.1507,0.01915,0.04195,0.7882,"Python_2","Pyt_H"
"358",357,0.1508,0.01965,0.0416,0.78795,"Python_2","Pyt_H"
"359",358,0.15075,0.0201,0.0415,0.78765,"Python_2","Pyt_H"
"360",359,0.15155,0.02035,0.0401,0.788,"Python_2","Pyt_H"
"361",360,0.1516,0.0201,0.0401,0.7882,"Python_2","Pyt_H"
"362",361,0.1512,0.01995,0.0402,0.78865,"Python_2","Pyt_H"
"363",362,0.15245,0.01975,0.03995,0.78785,"Python_2","Pyt_H"
"364",363,0.1529,0.02035,0.03915,0.7876,"Python_2","Pyt_H"
"365",364,0.15405,0.02035,0.0379,0.7877,"Python_2","Pyt_H"
"366",365,0.155,0.01975,0.03775,0.7875,"Python_2","Pyt_H"
"367",366,0.15595,0.01975,0.03785,0.78645,"Python_2","Pyt_H"
"368",367,0.1554,0.0197,0.03695,0.78795,"Python_2","Pyt_H"
"369",368,0.15595,0.0203,0.0369,0.78685,"Python_2","Pyt_H"
"370",369,0.1564,0.01995,0.037,0.78665,"Python_2","Pyt_H"
"371",370,0.15775,0.01975,0.0366,0.7859,"Python_2","Pyt_H"
"372",371,0.1583,0.01915,0.03675,0.7858,"Python_2","Pyt_H"
"373",372,0.15885,0.01905,0.03655,0.78555,"Python_2","Pyt_H"
"374",373,0.15925,0.019,0.03605,0.7857,"Python_2","Pyt_H"
"375",374,0.16035,0.01885,0.0358,0.785,"Python_2","Pyt_H"
"376",375,0.15995,0.0192,0.03585,0.785,"Python_2","Pyt_H"
"377",376,0.1607,0.01965,0.03565,0.784,"Python_2","Pyt_H"
"378",377,0.16125,0.01945,0.0364,0.7829,"Python_2","Pyt_H"
"379",378,0.1615,0.0205,0.0364,0.7816,"Python_2","Pyt_H"
"380",379,0.16175,0.0207,0.0361,0.78145,"Python_2","Pyt_H"
"381",380,0.16125,0.02105,0.03665,0.78105,"Python_2","Pyt_H"
"382",381,0.16025,0.0213,0.03665,0.7818,"Python_2","Pyt_H"
"383",382,0.1613,0.0217,0.03715,0.77985,"Python_2","Pyt_H"
"384",383,0.16065,0.0216,0.03745,0.7803,"Python_2","Pyt_H"
"385",384,0.16105,0.021,0.03715,0.7808,"Python_2","Pyt_H"
"386",385,0.16175,0.02045,0.03675,0.78105,"Python_2","Pyt_H"
"387",386,0.1611,0.0195,0.03875,0.78065,"Python_2","Pyt_H"
"388",387,0.1622,0.01975,0.0387,0.77935,"Python_2","Pyt_H"
"389",388,0.16225,0.0199,0.03795,0.7799,"Python_2","Pyt_H"
"390",389,0.16255,0.01965,0.03725,0.78055,"Python_2","Pyt_H"
"391",390,0.1629,0.02005,0.0378,0.77925,"Python_2","Pyt_H"
"392",391,0.1636,0.01995,0.03725,0.7792,"Python_2","Pyt_H"
"393",392,0.16445,0.01985,0.03635,0.77935,"Python_2","Pyt_H"
"394",393,0.1649,0.0205,0.0357,0.7789,"Python_2","Pyt_H"
"395",394,0.165,0.0198,0.03675,0.77845,"Python_2","Pyt_H"
"396",395,0.1656,0.02075,0.0365,0.77715,"Python_2","Pyt_H"
"397",396,0.16575,0.0198,0.03795,0.7765,"Python_2","Pyt_H"
"398",397,0.1663,0.01925,0.03815,0.7763,"Python_2","Pyt_H"
"399",398,0.1666,0.01935,0.0385,0.77555,"Python_2","Pyt_H"
"400",399,0.1674,0.01975,0.03795,0.7749,"Python_2","Pyt_H"
"401",400,0.1684,0.01905,0.03805,0.7745,"Python_2","Pyt_H"
"402",401,0.16945,0.01855,0.038,0.774,"Python_2","Pyt_H"
"403",402,0.1706,0.01785,0.0378,0.77375,"Python_2","Pyt_H"
"404",403,0.16955,0.01925,0.0366,0.7746,"Python_2","Pyt_H"
"405",404,0.1705,0.01905,0.0353,0.77515,"Python_2","Pyt_H"
"406",405,0.16995,0.02015,0.03485,0.77505,"Python_2","Pyt_H"
"407",406,0.17005,0.02,0.03575,0.7742,"Python_2","Pyt_H"
"408",407,0.1704,0.0201,0.03585,0.77365,"Python_2","Pyt_H"
"409",408,0.1705,0.01985,0.036,0.77365,"Python_2","Pyt_H"
"410",409,0.1712,0.0216,0.03605,0.77115,"Python_2","Pyt_H"
"411",410,0.1705,0.0214,0.03545,0.77265,"Python_2","Pyt_H"
"412",411,0.1713,0.01975,0.03605,0.7729,"Python_2","Pyt_H"
"413",412,0.1723,0.01925,0.03705,0.7714,"Python_2","Pyt_H"
"414",413,0.17115,0.01985,0.03655,0.77245,"Python_2","Pyt_H"
"415",414,0.1711,0.0204,0.03755,0.77095,"Python_2","Pyt_H"
"416",415,0.17015,0.02105,0.0385,0.7703,"Python_2","Pyt_H"
"417",416,0.171,0.0204,0.03925,0.76935,"Python_2","Pyt_H"
"418",417,0.1706,0.02205,0.03785,0.7695,"Python_2","Pyt_H"
"419",418,0.17045,0.0224,0.03755,0.7696,"Python_2","Pyt_H"
"420",419,0.1713,0.02275,0.0378,0.76815,"Python_2","Pyt_H"
"421",420,0.1698,0.02355,0.03875,0.7679,"Python_2","Pyt_H"
"422",421,0.1693,0.02305,0.03965,0.768,"Python_2","Pyt_H"
"423",422,0.1694,0.0234,0.0391,0.7681,"Python_2","Pyt_H"
"424",423,0.16865,0.02285,0.0411,0.7674,"Python_2","Pyt_H"
"425",424,0.1684,0.02295,0.04015,0.7685,"Python_2","Pyt_H"
"426",425,0.1673,0.02275,0.0402,0.76975,"Python_2","Pyt_H"
"427",426,0.1666,0.023,0.0402,0.7702,"Python_2","Pyt_H"
"428",427,0.16655,0.02295,0.0394,0.7711,"Python_2","Pyt_H"
"429",428,0.16665,0.0235,0.0396,0.77025,"Python_2","Pyt_H"
"430",429,0.165,0.0244,0.03985,0.77075,"Python_2","Pyt_H"
"431",430,0.1649,0.02475,0.03985,0.7705,"Python_2","Pyt_H"
"432",431,0.1649,0.0251,0.04035,0.76965,"Python_2","Pyt_H"
"433",432,0.16455,0.02485,0.0418,0.7688,"Python_2","Pyt_H"
"434",433,0.1633,0.0245,0.04295,0.76925,"Python_2","Pyt_H"
"435",434,0.162,0.02565,0.0433,0.76905,"Python_2","Pyt_H"
"436",435,0.16095,0.0254,0.04335,0.7703,"Python_2","Pyt_H"
"437",436,0.1597,0.02505,0.0433,0.77195,"Python_2","Pyt_H"
"438",437,0.1591,0.02355,0.04505,0.7723,"Python_2","Pyt_H"
"439",438,0.1588,0.0237,0.04625,0.77125,"Python_2","Pyt_H"
"440",439,0.15825,0.0245,0.04495,0.7723,"Python_2","Pyt_H"
"441",440,0.1566,0.0248,0.0458,0.7728,"Python_2","Pyt_H"
"442",441,0.15605,0.02565,0.04585,0.77245,"Python_2","Pyt_H"
"443",442,0.15565,0.0257,0.0456,0.77305,"Python_2","Pyt_H"
"444",443,0.15435,0.02555,0.04605,0.77405,"Python_2","Pyt_H"
"445",444,0.15355,0.0246,0.0459,0.77595,"Python_2","Pyt_H"
"446",445,0.1529,0.0243,0.0464,0.7764,"Python_2","Pyt_H"
"447",446,0.15215,0.02395,0.04695,0.77695,"Python_2","Pyt_H"
"448",447,0.15045,0.02465,0.0468,0.7781,"Python_2","Pyt_H"
"449",448,0.1492,0.02545,0.04635,0.779,"Python_2","Pyt_H"
"450",449,0.1484,0.02575,0.04675,0.7791,"Python_2","Pyt_H"
"451",450,0.1477,0.0247,0.0469,0.7807,"Python_2","Pyt_H"
"452",451,0.14745,0.02315,0.048,0.7814,"Python_2","Pyt_H"
"453",452,0.14645,0.0231,0.04705,0.7834,"Python_2","Pyt_H"
"454",453,0.1457,0.0232,0.0456,0.7855,"Python_2","Pyt_H"
"455",454,0.1458,0.02255,0.04505,0.7866,"Python_2","Pyt_H"
"456",455,0.14475,0.0229,0.0448,0.78755,"Python_2","Pyt_H"
"457",456,0.14405,0.0238,0.0427,0.78945,"Python_2","Pyt_H"
"458",457,0.1442,0.0227,0.04255,0.79055,"Python_2","Pyt_H"
"459",458,0.145,0.02155,0.0427,0.79075,"Python_2","Pyt_H"
"460",459,0.1457,0.0213,0.04235,0.79065,"Python_2","Pyt_H"
"461",460,0.1451,0.0212,0.03995,0.79375,"Python_2","Pyt_H"
"462",461,0.14625,0.02095,0.0384,0.7944,"Python_2","Pyt_H"
"463",462,0.1467,0.02045,0.03825,0.7946,"Python_2","Pyt_H"
"464",463,0.1474,0.01995,0.0386,0.79405,"Python_2","Pyt_H"
"465",464,0.1492,0.0193,0.0388,0.7927,"Python_2","Pyt_H"
"466",465,0.1505,0.02015,0.03815,0.7912,"Python_2","Pyt_H"
"467",466,0.15165,0.01965,0.0372,0.7915,"Python_2","Pyt_H"
"468",467,0.15085,0.02075,0.03705,0.79135,"Python_2","Pyt_H"
"469",468,0.1525,0.0199,0.03695,0.79065,"Python_2","Pyt_H"
"470",469,0.1529,0.0194,0.0359,0.7918,"Python_2","Pyt_H"
"471",470,0.1533,0.01915,0.03635,0.7912,"Python_2","Pyt_H"
"472",471,0.1541,0.01875,0.0361,0.79105,"Python_2","Pyt_H"
"473",472,0.15575,0.01885,0.0363,0.7891,"Python_2","Pyt_H"
"474",473,0.15635,0.0189,0.0361,0.78865,"Python_2","Pyt_H"
"475",474,0.1562,0.01885,0.03675,0.7882,"Python_2","Pyt_H"
"476",475,0.1557,0.019,0.0366,0.7887,"Python_2","Pyt_H"
"477",476,0.15635,0.01915,0.0355,0.789,"Python_2","Pyt_H"
"478",477,0.15725,0.01935,0.03555,0.78785,"Python_2","Pyt_H"
"479",478,0.15785,0.0191,0.03645,0.7866,"Python_2","Pyt_H"
"480",479,0.1583,0.01825,0.036,0.78745,"Python_2","Pyt_H"
"481",480,0.15905,0.0185,0.03615,0.7863,"Python_2","Pyt_H"
"482",481,0.16195,0.0183,0.03575,0.784,"Python_2","Pyt_H"
"483",482,0.16225,0.019,0.03535,0.7834,"Python_2","Pyt_H"
"484",483,0.1628,0.01915,0.0349,0.78315,"Python_2","Pyt_H"
"485",484,0.16335,0.0193,0.03455,0.7828,"Python_2","Pyt_H"
"486",485,0.1636,0.0186,0.03555,0.78225,"Python_2","Pyt_H"
"487",486,0.16335,0.0189,0.0354,0.78235,"Python_2","Pyt_H"
"488",487,0.16395,0.0186,0.03625,0.7812,"Python_2","Pyt_H"
"489",488,0.16305,0.0195,0.0357,0.78175,"Python_2","Pyt_H"
"490",489,0.16375,0.01945,0.03575,0.78105,"Python_2","Pyt_H"
"491",490,0.1641,0.019,0.03655,0.78035,"Python_2","Pyt_H"
"492",491,0.16305,0.01935,0.03675,0.78085,"Python_2","Pyt_H"
"493",492,0.1637,0.01995,0.03665,0.7797,"Python_2","Pyt_H"
"494",493,0.1639,0.0194,0.03605,0.78065,"Python_2","Pyt_H"
"495",494,0.16395,0.01985,0.03575,0.78045,"Python_2","Pyt_H"
"496",495,0.16425,0.02035,0.0351,0.7803,"Python_2","Pyt_H"
"497",496,0.1651,0.02025,0.03515,0.7795,"Python_2","Pyt_H"
"498",497,0.16585,0.021,0.03465,0.7785,"Python_2","Pyt_H"
"499",498,0.16745,0.02085,0.0341,0.7776,"Python_2","Pyt_H"
"500",499,0.1677,0.02015,0.0349,0.77725,"Python_2","Pyt_H"
"501",500,0.16735,0.0205,0.03535,0.7768,"Python_2","Pyt_H"
"502",501,0.16805,0.02065,0.0349,0.7764,"Python_2","Pyt_H"
"503",502,0.1678,0.02005,0.0361,0.77605,"Python_2","Pyt_H"
"504",503,0.1677,0.0205,0.0374,0.7744,"Python_2","Pyt_H"
"505",504,0.1688,0.02055,0.03725,0.7734,"Python_2","Pyt_H"
"506",505,0.16825,0.0216,0.03685,0.7733,"Python_2","Pyt_H"
"507",506,0.1695,0.02155,0.0364,0.77255,"Python_2","Pyt_H"
"508",507,0.1698,0.02065,0.0375,0.77205,"Python_2","Pyt_H"
"509",508,0.1697,0.0207,0.03735,0.77225,"Python_2","Pyt_H"
"510",509,0.1692,0.0223,0.03685,0.77165,"Python_2","Pyt_H"
"511",510,0.1692,0.02145,0.0383,0.77105,"Python_2","Pyt_H"
"512",511,0.168,0.0219,0.0391,0.771,"Python_2","Pyt_H"
"513",512,0.16785,0.0212,0.0394,0.77155,"Python_2","Pyt_H"
"514",513,0.1676,0.02205,0.03955,0.7708,"Python_2","Pyt_H"
"515",514,0.16635,0.02295,0.03865,0.77205,"Python_2","Pyt_H"
"516",515,0.16665,0.02225,0.0384,0.7727,"Python_2","Pyt_H"
"517",516,0.166,0.0229,0.03815,0.77295,"Python_2","Pyt_H"
"518",517,0.1662,0.0231,0.0383,0.7724,"Python_2","Pyt_H"
"519",518,0.1667,0.0218,0.03935,0.77215,"Python_2","Pyt_H"
"520",519,0.1653,0.0222,0.04015,0.77235,"Python_2","Pyt_H"
"521",520,0.16415,0.023,0.04015,0.7727,"Python_2","Pyt_H"
"522",521,0.16345,0.02345,0.0398,0.7733,"Python_2","Pyt_H"
"523",522,0.16305,0.0228,0.0406,0.77355,"Python_2","Pyt_H"
"524",523,0.16365,0.0215,0.0424,0.77245,"Python_2","Pyt_H"
"525",524,0.16295,0.0225,0.04225,0.7723,"Python_2","Pyt_H"
"526",525,0.16335,0.02235,0.0423,0.772,"Python_2","Pyt_H"
"527",526,0.16305,0.02275,0.0421,0.7721,"Python_2","Pyt_H"
"528",527,0.16445,0.0218,0.0422,0.77155,"Python_2","Pyt_H"
"529",528,0.1647,0.02155,0.04125,0.7725,"Python_2","Pyt_H"
"530",529,0.1636,0.02245,0.0406,0.77335,"Python_2","Pyt_H"
"531",530,0.1627,0.02365,0.04105,0.7726,"Python_2","Pyt_H"
"532",531,0.16195,0.02265,0.0421,0.7733,"Python_2","Pyt_H"
"533",532,0.162,0.02345,0.04135,0.7732,"Python_2","Pyt_H"
"534",533,0.16265,0.02295,0.0406,0.7738,"Python_2","Pyt_H"
"535",534,0.1628,0.02155,0.0424,0.77325,"Python_2","Pyt_H"
"536",535,0.1627,0.02085,0.0428,0.77365,"Python_2","Pyt_H"
"537",536,0.1625,0.02115,0.04255,0.7738,"Python_2","Pyt_H"
"538",537,0.1612,0.0222,0.043,0.7736,"Python_2","Pyt_H"
"539",538,0.1612,0.0225,0.04275,0.77355,"Python_2","Pyt_H"
"540",539,0.1598,0.02375,0.0425,0.77395,"Python_2","Pyt_H"
"541",540,0.15915,0.0242,0.042,0.77465,"Python_2","Pyt_H"
"542",541,0.1603,0.02325,0.04035,0.7761,"Python_2","Pyt_H"
"543",542,0.16125,0.0226,0.04015,0.776,"Python_2","Pyt_H"
"544",543,0.1618,0.0213,0.04115,0.77575,"Python_2","Pyt_H"
"545",544,0.16005,0.02255,0.04095,0.77645,"Python_2","Pyt_H"
"546",545,0.16035,0.02305,0.0397,0.7769,"Python_2","Pyt_H"
"547",546,0.16025,0.02235,0.04045,0.77695,"Python_2","Pyt_H"
"548",547,0.1599,0.0227,0.0406,0.7768,"Python_2","Pyt_H"
"549",548,0.16085,0.0226,0.04075,0.7758,"Python_2","Pyt_H"
"550",549,0.1613,0.02275,0.03975,0.7762,"Python_2","Pyt_H"
"551",550,0.161,0.0232,0.03945,0.77635,"Python_2","Pyt_H"
"552",551,0.16065,0.02295,0.0399,0.7765,"Python_2","Pyt_H"
"553",552,0.16115,0.0209,0.04045,0.7775,"Python_2","Pyt_H"
"554",553,0.16125,0.02085,0.0416,0.7763,"Python_2","Pyt_H"
"555",554,0.16055,0.022,0.04125,0.7762,"Python_2","Pyt_H"
"556",555,0.16195,0.0223,0.04045,0.7753,"Python_2","Pyt_H"
"557",556,0.16295,0.0225,0.0394,0.77515,"Python_2","Pyt_H"
"558",557,0.1619,0.02395,0.03905,0.7751,"Python_2","Pyt_H"
"559",558,0.1629,0.02385,0.0381,0.77515,"Python_2","Pyt_H"
"560",559,0.16415,0.0225,0.03905,0.7743,"Python_2","Pyt_H"
"561",560,0.1648,0.02225,0.03935,0.7736,"Python_2","Pyt_H"
"562",561,0.1647,0.02145,0.03925,0.7746,"Python_2","Pyt_H"
"563",562,0.16495,0.0213,0.0396,0.77415,"Python_2","Pyt_H"
"564",563,0.1654,0.02185,0.0396,0.77315,"Python_2","Pyt_H"
"565",564,0.16645,0.0211,0.039,0.77345,"Python_2","Pyt_H"
"566",565,0.16545,0.0231,0.03905,0.7724,"Python_2","Pyt_H"
"567",566,0.1651,0.0233,0.0387,0.7729,"Python_2","Pyt_H"
"568",567,0.1661,0.02305,0.03935,0.7715,"Python_2","Pyt_H"
"569",568,0.1662,0.0232,0.0394,0.7712,"Python_2","Pyt_H"
"570",569,0.16695,0.0221,0.0397,0.77125,"Python_2","Pyt_H"
"571",570,0.16605,0.02175,0.0403,0.7719,"Python_2","Pyt_H"
"572",571,0.16615,0.0223,0.0397,0.77185,"Python_2","Pyt_H"
"573",572,0.16625,0.0225,0.0402,0.77105,"Python_2","Pyt_H"
"574",573,0.16625,0.02285,0.04005,0.77085,"Python_2","Pyt_H"
"575",574,0.1658,0.0227,0.04055,0.77095,"Python_2","Pyt_H"
"576",575,0.16615,0.02245,0.03975,0.77165,"Python_2","Pyt_H"
"577",576,0.1653,0.02365,0.0399,0.77115,"Python_2","Pyt_H"
"578",577,0.1646,0.02335,0.04,0.77205,"Python_2","Pyt_H"
"579",578,0.1654,0.02255,0.0404,0.77165,"Python_2","Pyt_H"
"580",579,0.16495,0.02325,0.0411,0.7707,"Python_2","Pyt_H"
"581",580,0.16445,0.023,0.04195,0.7706,"Python_2","Pyt_H"
"582",581,0.1642,0.0218,0.0433,0.7707,"Python_2","Pyt_H"
"583",582,0.16425,0.0227,0.04335,0.7697,"Python_2","Pyt_H"
"584",583,0.1625,0.0231,0.04365,0.77075,"Python_2","Pyt_H"
"585",584,0.163,0.0235,0.04335,0.77015,"Python_2","Pyt_H"
"586",585,0.1617,0.02435,0.0439,0.77005,"Python_2","Pyt_H"
"587",586,0.16085,0.02505,0.0435,0.7706,"Python_2","Pyt_H"
"588",587,0.16025,0.02515,0.04315,0.77145,"Python_2","Pyt_H"
"589",588,0.1605,0.0246,0.044,0.7709,"Python_2","Pyt_H"
"590",589,0.15965,0.02515,0.0436,0.7716,"Python_2","Pyt_H"
"591",590,0.1602,0.0241,0.0448,0.7709,"Python_2","Pyt_H"
"592",591,0.1604,0.02305,0.0449,0.77165,"Python_2","Pyt_H"
"593",592,0.1588,0.02475,0.04405,0.7724,"Python_2","Pyt_H"
"594",593,0.1574,0.0246,0.0441,0.7739,"Python_2","Pyt_H"
"595",594,0.1572,0.0239,0.04455,0.77435,"Python_2","Pyt_H"
"596",595,0.15725,0.02355,0.04525,0.77395,"Python_2","Pyt_H"
"597",596,0.15665,0.0246,0.0449,0.77385,"Python_2","Pyt_H"
"598",597,0.15675,0.0251,0.04415,0.774,"Python_2","Pyt_H"
"599",598,0.15725,0.0242,0.04435,0.7742,"Python_2","Pyt_H"
"600",599,0.15815,0.0238,0.0431,0.77495,"Python_2","Pyt_H"
"601",600,0.1572,0.0235,0.04365,0.77565,"Python_2","Pyt_H"
"602",601,0.1574,0.02305,0.0438,0.77575,"Python_2","Pyt_H"
"603",602,0.1563,0.0233,0.0438,0.7766,"Python_2","Pyt_H"
"604",603,0.1566,0.02375,0.04255,0.7771,"Python_2","Pyt_H"
"605",604,0.15725,0.02315,0.04305,0.77655,"Python_2","Pyt_H"
"606",605,0.1563,0.02375,0.04295,0.777,"Python_2","Pyt_H"
"607",606,0.156,0.02315,0.0431,0.77775,"Python_2","Pyt_H"
"608",607,0.1565,0.0226,0.0436,0.7773,"Python_2","Pyt_H"
"609",608,0.15745,0.0217,0.04405,0.7768,"Python_2","Pyt_H"
"610",609,0.1571,0.0223,0.0431,0.7775,"Python_2","Pyt_H"
"611",610,0.1568,0.0227,0.04375,0.77675,"Python_2","Pyt_H"
"612",611,0.15635,0.02325,0.043,0.7774,"Python_2","Pyt_H"
"613",612,0.1564,0.02345,0.043,0.77715,"Python_2","Pyt_H"
"614",613,0.156,0.02315,0.0422,0.77865,"Python_2","Pyt_H"
"615",614,0.1567,0.0228,0.0425,0.778,"Python_2","Pyt_H"
"616",615,0.15755,0.0235,0.0415,0.77745,"Python_2","Pyt_H"
"617",616,0.15775,0.02295,0.04185,0.77745,"Python_2","Pyt_H"
"618",617,0.15885,0.022,0.04215,0.777,"Python_2","Pyt_H"
"619",618,0.15915,0.02255,0.04175,0.77655,"Python_2","Pyt_H"
"620",619,0.159,0.0221,0.04135,0.77755,"Python_2","Pyt_H"
"621",620,0.15895,0.0227,0.0417,0.77665,"Python_2","Pyt_H"
"622",621,0.1591,0.0221,0.04145,0.77735,"Python_2","Pyt_H"
"623",622,0.1596,0.02215,0.0412,0.77705,"Python_2","Pyt_H"
"624",623,0.15935,0.02235,0.04135,0.77695,"Python_2","Pyt_H"
"625",624,0.16,0.02255,0.03985,0.7776,"Python_2","Pyt_H"
"626",625,0.16055,0.0218,0.04085,0.7768,"Python_2","Pyt_H"
"627",626,0.16015,0.02285,0.0407,0.7763,"Python_2","Pyt_H"
"628",627,0.15955,0.024,0.04045,0.776,"Python_2","Pyt_H"
"629",628,0.15895,0.0243,0.04085,0.7759,"Python_2","Pyt_H"
"630",629,0.15825,0.0257,0.0413,0.77475,"Python_2","Pyt_H"
"631",630,0.15845,0.02435,0.04245,0.77475,"Python_2","Pyt_H"
"632",631,0.15885,0.02295,0.0432,0.775,"Python_2","Pyt_H"
"633",632,0.15795,0.0229,0.0443,0.77485,"Python_2","Pyt_H"
"634",633,0.15815,0.0224,0.0441,0.77535,"Python_2","Pyt_H"
"635",634,0.1579,0.0222,0.04405,0.77585,"Python_2","Pyt_H"
"636",635,0.15695,0.023,0.0434,0.77665,"Python_2","Pyt_H"
"637",636,0.1568,0.02225,0.04315,0.7778,"Python_2","Pyt_H"
"638",637,0.15815,0.0222,0.0429,0.77675,"Python_2","Pyt_H"
"639",638,0.15745,0.02215,0.0431,0.7773,"Python_2","Pyt_H"
"640",639,0.1578,0.02225,0.0428,0.77715,"Python_2","Pyt_H"
"641",640,0.15785,0.02235,0.0423,0.7775,"Python_2","Pyt_H"
"642",641,0.1581,0.02265,0.0419,0.77735,"Python_2","Pyt_H"
"643",642,0.1572,0.0229,0.04215,0.77775,"Python_2","Pyt_H"
"644",643,0.1577,0.02315,0.04235,0.7768,"Python_2","Pyt_H"
"645",644,0.15745,0.0226,0.04305,0.7769,"Python_2","Pyt_H"
"646",645,0.15655,0.023,0.0438,0.77665,"Python_2","Pyt_H"
"647",646,0.15635,0.02285,0.0434,0.7774,"Python_2","Pyt_H"
"648",647,0.15635,0.02205,0.04335,0.77825,"Python_2","Pyt_H"
"649",648,0.1557,0.02245,0.04275,0.7791,"Python_2","Pyt_H"
"650",649,0.1561,0.02125,0.04325,0.7794,"Python_2","Pyt_H"
"651",650,0.15645,0.0217,0.04145,0.7804,"Python_2","Pyt_H"
"652",651,0.1565,0.0215,0.041,0.781,"Python_2","Pyt_H"
"653",652,0.15585,0.0213,0.0414,0.78145,"Python_2","Pyt_H"
"654",653,0.1558,0.02175,0.04085,0.7816,"Python_2","Pyt_H"
"655",654,0.15505,0.0216,0.0419,0.78145,"Python_2","Pyt_H"
"656",655,0.15465,0.02135,0.0422,0.7818,"Python_2","Pyt_H"
"657",656,0.15475,0.02135,0.0415,0.7824,"Python_2","Pyt_H"
"658",657,0.15415,0.02225,0.0406,0.783,"Python_2","Pyt_H"
"659",658,0.1551,0.02185,0.04055,0.7825,"Python_2","Pyt_H"
"660",659,0.15525,0.02185,0.0409,0.782,"Python_2","Pyt_H"
"661",660,0.1549,0.02285,0.04015,0.7821,"Python_2","Pyt_H"
"662",661,0.1555,0.02215,0.04005,0.7823,"Python_2","Pyt_H"
"663",662,0.1572,0.0208,0.0401,0.7819,"Python_2","Pyt_H"
"664",663,0.15835,0.02015,0.0407,0.7808,"Python_2","Pyt_H"
"665",664,0.1582,0.0205,0.04135,0.77995,"Python_2","Pyt_H"
"666",665,0.15915,0.02135,0.03985,0.77965,"Python_2","Pyt_H"
"667",666,0.16005,0.02075,0.04,0.7792,"Python_2","Pyt_H"
"668",667,0.1596,0.02,0.03945,0.78095,"Python_2","Pyt_H"
"669",668,0.1593,0.01965,0.0398,0.78125,"Python_2","Pyt_H"
"670",669,0.1597,0.0205,0.03945,0.78035,"Python_2","Pyt_H"
"671",670,0.15995,0.02175,0.03755,0.78075,"Python_2","Pyt_H"
"672",671,0.15865,0.0223,0.03775,0.7813,"Python_2","Pyt_H"
