"","step","S","E","I","R","simu","Langage"
"1",0,0.999,0,0.001,0,"Python_15","Pyt_H"
"2",1,0.9982,8e-04,0.001,0,"Python_15","Pyt_H"
"3",2,0.99755,0.00145,0.00095,5e-05,"Python_15","Pyt_H"
"4",3,0.99675,0.00195,0.001,3e-04,"Python_15","Pyt_H"
"5",4,0.99595,0.00235,0.0012,5e-04,"Python_15","Pyt_H"
"6",5,0.99485,0.00275,0.00165,0.00075,"Python_15","Pyt_H"
"7",6,0.9933,0.0038,0.00205,0.00085,"Python_15","Pyt_H"
"8",7,0.99145,0.00505,0.00245,0.00105,"Python_15","Pyt_H"
"9",8,0.9893,0.00605,0.00345,0.0012,"Python_15","Pyt_H"
"10",9,0.9871,0.00725,0.0042,0.00145,"Python_15","Pyt_H"
"11",10,0.98415,0.00915,0.0047,0.002,"Python_15","Pyt_H"
"12",11,0.9804,0.01155,0.0056,0.00245,"Python_15","Pyt_H"
"13",12,0.976,0.0139,0.00705,0.00305,"Python_15","Pyt_H"
"14",13,0.97015,0.01655,0.00945,0.00385,"Python_15","Pyt_H"
"15",14,0.9621,0.0214,0.0119,0.0046,"Python_15","Pyt_H"
"16",15,0.95225,0.0276,0.0147,0.00545,"Python_15","Pyt_H"
"17",16,0.93925,0.03555,0.0184,0.0068,"Python_15","Pyt_H"
"18",17,0.9255,0.04255,0.023,0.00895,"Python_15","Pyt_H"
"19",18,0.9087,0.0511,0.02895,0.01125,"Python_15","Pyt_H"
"20",19,0.88595,0.06455,0.03545,0.01405,"Python_15","Pyt_H"
"21",20,0.85785,0.0807,0.04345,0.018,"Python_15","Pyt_H"
"22",21,0.8254,0.09795,0.05415,0.0225,"Python_15","Pyt_H"
"23",22,0.7877,0.1171,0.0677,0.0275,"Python_15","Pyt_H"
"24",23,0.74325,0.13835,0.08505,0.03335,"Python_15","Pyt_H"
"25",24,0.6895,0.16585,0.1035,0.04115,"Python_15","Pyt_H"
"26",25,0.6292,0.19565,0.1224,0.05275,"Python_15","Pyt_H"
"27",26,0.5664,0.21985,0.14925,0.0645,"Python_15","Pyt_H"
"28",27,0.49795,0.2432,0.1792,0.07965,"Python_15","Pyt_H"
"29",28,0.4252,0.265,0.21335,0.09645,"Python_15","Pyt_H"
"30",29,0.35345,0.28205,0.24715,0.11735,"Python_15","Pyt_H"
"31",30,0.28745,0.28795,0.2794,0.1452,"Python_15","Pyt_H"
"32",31,0.228,0.28445,0.31415,0.1734,"Python_15","Pyt_H"
"33",32,0.17405,0.27515,0.34555,0.20525,"Python_15","Pyt_H"
"34",33,0.13335,0.25585,0.36885,0.24195,"Python_15","Pyt_H"
"35",34,0.0981,0.2308,0.38885,0.28225,"Python_15","Pyt_H"
"36",35,0.07145,0.2046,0.40015,0.3238,"Python_15","Pyt_H"
"37",36,0.05355,0.17325,0.40195,0.37125,"Python_15","Pyt_H"
"38",37,0.04015,0.14245,0.39805,0.41935,"Python_15","Pyt_H"
"39",38,0.03085,0.11415,0.38885,0.46615,"Python_15","Pyt_H"
"40",39,0.0242,0.09095,0.37355,0.5113,"Python_15","Pyt_H"
"41",40,0.02,0.07185,0.35265,0.5555,"Python_15","Pyt_H"
"42",41,0.01695,0.0577,0.3302,0.59515,"Python_15","Pyt_H"
"43",42,0.01505,0.04585,0.30255,0.63655,"Python_15","Pyt_H"
"44",43,0.0137,0.0369,0.2739,0.6755,"Python_15","Pyt_H"
"45",44,0.01355,0.0297,0.24845,0.7083,"Python_15","Pyt_H"
"46",45,0.013,0.02465,0.22265,0.7397,"Python_15","Pyt_H"
"47",46,0.0136,0.02065,0.1994,0.76635,"Python_15","Pyt_H"
"48",47,0.01345,0.01605,0.179,0.7915,"Python_15","Pyt_H"
"49",48,0.0143,0.01345,0.15925,0.813,"Python_15","Pyt_H"
"50",49,0.01515,0.0116,0.1411,0.83215,"Python_15","Pyt_H"
"51",50,0.0167,0.0102,0.1247,0.8484,"Python_15","Pyt_H"
"52",51,0.01755,0.0097,0.10985,0.8629,"Python_15","Pyt_H"
"53",52,0.01935,0.0079,0.09845,0.8743,"Python_15","Pyt_H"
"54",53,0.0202,0.0074,0.0867,0.8857,"Python_15","Pyt_H"
"55",54,0.0219,0.00675,0.0767,0.89465,"Python_15","Pyt_H"
"56",55,0.02365,0.0064,0.0682,0.90175,"Python_15","Pyt_H"
"57",56,0.02565,0.0062,0.0608,0.90735,"Python_15","Pyt_H"
"58",57,0.02745,0.00605,0.05375,0.91275,"Python_15","Pyt_H"
"59",58,0.02965,0.0057,0.04725,0.9174,"Python_15","Pyt_H"
"60",59,0.03135,0.00465,0.04285,0.92115,"Python_15","Pyt_H"
"61",60,0.0332,0.00435,0.03895,0.9235,"Python_15","Pyt_H"
"62",61,0.0361,0.00385,0.03465,0.9254,"Python_15","Pyt_H"
"63",62,0.0389,0.0038,0.03115,0.92615,"Python_15","Pyt_H"
"64",63,0.04185,0.0036,0.0282,0.92635,"Python_15","Pyt_H"
"65",64,0.04425,0.0038,0.02465,0.9273,"Python_15","Pyt_H"
"66",65,0.04665,0.00405,0.02165,0.92765,"Python_15","Pyt_H"
"67",66,0.0499,0.00375,0.01905,0.9273,"Python_15","Pyt_H"
"68",67,0.05275,0.00295,0.01715,0.92715,"Python_15","Pyt_H"
"69",68,0.0561,0.00245,0.01555,0.9259,"Python_15","Pyt_H"
"70",69,0.0591,0.0025,0.0131,0.9253,"Python_15","Pyt_H"
"71",70,0.0614,0.00215,0.01195,0.9245,"Python_15","Pyt_H"
"72",71,0.06375,0.0021,0.01085,0.9233,"Python_15","Pyt_H"
"73",72,0.06655,0.0019,0.0095,0.92205,"Python_15","Pyt_H"
"74",73,0.0695,0.00205,0.0088,0.91965,"Python_15","Pyt_H"
"75",74,0.072,0.00225,0.00765,0.9181,"Python_15","Pyt_H"
"76",75,0.0745,0.0023,0.0072,0.916,"Python_15","Pyt_H"
"77",76,0.0777,0.002,0.0071,0.9132,"Python_15","Pyt_H"
"78",77,0.0807,0.00185,0.00645,0.911,"Python_15","Pyt_H"
"79",78,0.08375,0.0014,0.006,0.90885,"Python_15","Pyt_H"
"80",79,0.0868,0.00145,0.0055,0.90625,"Python_15","Pyt_H"
"81",80,0.0898,0.00105,0.0053,0.90385,"Python_15","Pyt_H"
"82",81,0.0929,0.00115,0.0048,0.90115,"Python_15","Pyt_H"
"83",82,0.0956,0.00115,0.0041,0.89915,"Python_15","Pyt_H"
"84",83,0.0985,0.00125,0.004,0.89625,"Python_15","Pyt_H"
"85",84,0.10115,0.0015,0.0036,0.89375,"Python_15","Pyt_H"
"86",85,0.10365,0.0014,0.00345,0.8915,"Python_15","Pyt_H"
"87",86,0.1064,0.00145,0.0031,0.88905,"Python_15","Pyt_H"
"88",87,0.1095,0.0013,0.003,0.8862,"Python_15","Pyt_H"
"89",88,0.11215,0.00135,0.0028,0.8837,"Python_15","Pyt_H"
"90",89,0.1152,0.001,0.0026,0.8812,"Python_15","Pyt_H"
"91",90,0.11755,0.001,0.00235,0.8791,"Python_15","Pyt_H"
"92",91,0.11955,9e-04,0.0025,0.87705,"Python_15","Pyt_H"
"93",92,0.1216,0.00105,0.0023,0.87505,"Python_15","Pyt_H"
"94",93,0.1244,0.00105,0.00215,0.8724,"Python_15","Pyt_H"
"95",94,0.1268,8e-04,0.002,0.8704,"Python_15","Pyt_H"
"96",95,0.12975,7e-04,0.002,0.86755,"Python_15","Pyt_H"
"97",96,0.13265,0.00065,0.00165,0.86505,"Python_15","Pyt_H"
"98",97,0.135,6e-04,0.00165,0.86275,"Python_15","Pyt_H"
"99",98,0.13795,7e-04,0.00155,0.8598,"Python_15","Pyt_H"
"100",99,0.13995,0.00075,0.0015,0.8578,"Python_15","Pyt_H"
"101",100,0.14255,5e-04,0.00185,0.8551,"Python_15","Pyt_H"
"102",101,0.1448,6e-04,0.0016,0.853,"Python_15","Pyt_H"
"103",102,0.14745,5e-04,0.00175,0.8503,"Python_15","Pyt_H"
"104",103,0.14925,7e-04,0.0017,0.84835,"Python_15","Pyt_H"
"105",104,0.15185,0.00085,0.00175,0.84555,"Python_15","Pyt_H"
"106",105,0.1547,8e-04,0.0014,0.8431,"Python_15","Pyt_H"
"107",106,0.15645,8e-04,0.00125,0.8415,"Python_15","Pyt_H"
"108",107,0.1587,0.00085,0.0014,0.83905,"Python_15","Pyt_H"
"109",108,0.16135,0.00075,0.00145,0.83645,"Python_15","Pyt_H"
"110",109,0.16385,8e-04,0.0015,0.83385,"Python_15","Pyt_H"
"111",110,0.1672,8e-04,0.00155,0.83045,"Python_15","Pyt_H"
"112",111,0.1698,0.00085,0.00115,0.8282,"Python_15","Pyt_H"
"113",112,0.17285,0.00075,0.0011,0.8253,"Python_15","Pyt_H"
"114",113,0.1745,7e-04,0.00105,0.82375,"Python_15","Pyt_H"
"115",114,0.17705,7e-04,0.0011,0.82115,"Python_15","Pyt_H"
"116",115,0.17935,7e-04,0.00105,0.8189,"Python_15","Pyt_H"
"117",116,0.18235,0.00085,0.00105,0.81575,"Python_15","Pyt_H"
"118",117,0.18435,0.00075,0.0011,0.8138,"Python_15","Pyt_H"
"119",118,0.1861,0.00075,0.0011,0.81205,"Python_15","Pyt_H"
"120",119,0.1882,6e-04,0.00125,0.80995,"Python_15","Pyt_H"
"121",120,0.18995,0.00045,0.0013,0.8083,"Python_15","Pyt_H"
"122",121,0.1919,0.00055,0.00115,0.8064,"Python_15","Pyt_H"
"123",122,0.1938,0.00065,0.00105,0.8045,"Python_15","Pyt_H"
"124",123,0.19555,0.00105,0.001,0.8024,"Python_15","Pyt_H"
"125",124,0.1973,0.0011,0.00105,0.80055,"Python_15","Pyt_H"
"126",125,0.1994,0.0012,0.0011,0.7983,"Python_15","Pyt_H"
"127",126,0.20155,0.00115,0.00125,0.79605,"Python_15","Pyt_H"
"128",127,0.2029,0.0013,0.00135,0.79445,"Python_15","Pyt_H"
"129",128,0.2054,0.00125,0.00145,0.7919,"Python_15","Pyt_H"
"130",129,0.20735,0.00135,0.0015,0.7898,"Python_15","Pyt_H"
"131",130,0.20985,0.0013,0.00145,0.7874,"Python_15","Pyt_H"
"132",131,0.2118,0.0011,0.00155,0.78555,"Python_15","Pyt_H"
"133",132,0.2138,0.00105,0.00145,0.7837,"Python_15","Pyt_H"
"134",133,0.2155,0.0011,0.0016,0.7818,"Python_15","Pyt_H"
"135",134,0.2173,0.0012,0.00175,0.77975,"Python_15","Pyt_H"
"136",135,0.2191,0.00105,0.00195,0.7779,"Python_15","Pyt_H"
"137",136,0.2208,0.00105,0.0015,0.77665,"Python_15","Pyt_H"
"138",137,0.22375,8e-04,0.0017,0.77375,"Python_15","Pyt_H"
"139",138,0.2258,0.00085,0.00165,0.7717,"Python_15","Pyt_H"
"140",139,0.2281,0.0011,0.0016,0.7692,"Python_15","Pyt_H"
"141",140,0.23015,0.0012,0.0017,0.76695,"Python_15","Pyt_H"
"142",141,0.23205,0.00145,0.0016,0.7649,"Python_15","Pyt_H"
"143",142,0.23425,0.0015,0.0017,0.76255,"Python_15","Pyt_H"
"144",143,0.23585,0.0015,0.0019,0.76075,"Python_15","Pyt_H"
"145",144,0.23755,0.00135,0.0022,0.7589,"Python_15","Pyt_H"
"146",145,0.23875,0.0014,0.0024,0.75745,"Python_15","Pyt_H"
"147",146,0.2405,0.00195,0.00215,0.7554,"Python_15","Pyt_H"
"148",147,0.242,0.0021,0.00215,0.75375,"Python_15","Pyt_H"
"149",148,0.2436,0.0019,0.0025,0.752,"Python_15","Pyt_H"
"150",149,0.24535,0.0022,0.0025,0.74995,"Python_15","Pyt_H"
"151",150,0.2473,0.0024,0.0026,0.7477,"Python_15","Pyt_H"
"152",151,0.24905,0.0023,0.00285,0.7458,"Python_15","Pyt_H"
"153",152,0.25075,0.0025,0.00275,0.744,"Python_15","Pyt_H"
"154",153,0.25215,0.00235,0.00275,0.74275,"Python_15","Pyt_H"
"155",154,0.2538,0.00235,0.00315,0.7407,"Python_15","Pyt_H"
"156",155,0.25475,0.00265,0.00335,0.73925,"Python_15","Pyt_H"
"157",156,0.25655,0.0027,0.00345,0.7373,"Python_15","Pyt_H"
"158",157,0.25835,0.0025,0.0039,0.73525,"Python_15","Pyt_H"
"159",158,0.2594,0.00285,0.0036,0.73415,"Python_15","Pyt_H"
"160",159,0.26085,0.00305,0.00365,0.73245,"Python_15","Pyt_H"
"161",160,0.26195,0.0031,0.00395,0.731,"Python_15","Pyt_H"
"162",161,0.2627,0.0036,0.0041,0.7296,"Python_15","Pyt_H"
"163",162,0.26405,0.00365,0.00435,0.72795,"Python_15","Pyt_H"
"164",163,0.2655,0.00395,0.0046,0.72595,"Python_15","Pyt_H"
"165",164,0.26665,0.00445,0.0049,0.724,"Python_15","Pyt_H"
"166",165,0.26775,0.00455,0.0056,0.7221,"Python_15","Pyt_H"
"167",166,0.2686,0.0048,0.00595,0.72065,"Python_15","Pyt_H"
"168",167,0.2695,0.00475,0.00635,0.7194,"Python_15","Pyt_H"
"169",168,0.26985,0.00545,0.00635,0.71835,"Python_15","Pyt_H"
"170",169,0.27085,0.0054,0.00705,0.7167,"Python_15","Pyt_H"
"171",170,0.2718,0.00595,0.00715,0.7151,"Python_15","Pyt_H"
"172",171,0.2725,0.00595,0.0077,0.71385,"Python_15","Pyt_H"
"173",172,0.2731,0.0064,0.00765,0.71285,"Python_15","Pyt_H"
"174",173,0.27365,0.00665,0.0079,0.7118,"Python_15","Pyt_H"
"175",174,0.27405,0.00715,0.00835,0.71045,"Python_15","Pyt_H"
"176",175,0.2752,0.00735,0.00885,0.7086,"Python_15","Pyt_H"
"177",176,0.27435,0.00765,0.00965,0.70835,"Python_15","Pyt_H"
"178",177,0.2743,0.00765,0.0103,0.70775,"Python_15","Pyt_H"
"179",178,0.27435,0.0082,0.01055,0.7069,"Python_15","Pyt_H"
"180",179,0.27405,0.0091,0.0106,0.70625,"Python_15","Pyt_H"
"181",180,0.2731,0.00955,0.0112,0.70615,"Python_15","Pyt_H"
"182",181,0.27285,0.0099,0.0122,0.70505,"Python_15","Pyt_H"
"183",182,0.27285,0.0098,0.01295,0.7044,"Python_15","Pyt_H"
"184",183,0.2717,0.0107,0.0136,0.704,"Python_15","Pyt_H"
"185",184,0.27115,0.01175,0.0142,0.7029,"Python_15","Pyt_H"
"186",185,0.26995,0.0122,0.01495,0.7029,"Python_15","Pyt_H"
"187",186,0.26815,0.0138,0.01545,0.7026,"Python_15","Pyt_H"
"188",187,0.2671,0.01435,0.01595,0.7026,"Python_15","Pyt_H"
"189",188,0.266,0.0145,0.0166,0.7029,"Python_15","Pyt_H"
"190",189,0.2653,0.0142,0.01815,0.70235,"Python_15","Pyt_H"
"191",190,0.26385,0.01515,0.01885,0.70215,"Python_15","Pyt_H"
"192",191,0.26175,0.0165,0.0196,0.70215,"Python_15","Pyt_H"
"193",192,0.26015,0.0172,0.02005,0.7026,"Python_15","Pyt_H"
"194",193,0.2581,0.0167,0.0227,0.7025,"Python_15","Pyt_H"
"195",194,0.2564,0.0172,0.0238,0.7026,"Python_15","Pyt_H"
"196",195,0.25465,0.0175,0.0249,0.70295,"Python_15","Pyt_H"
"197",196,0.2525,0.01825,0.02555,0.7037,"Python_15","Pyt_H"
"198",197,0.24985,0.0186,0.02615,0.7054,"Python_15","Pyt_H"
"199",198,0.24795,0.01955,0.0279,0.7046,"Python_15","Pyt_H"
"200",199,0.24385,0.0215,0.0288,0.70585,"Python_15","Pyt_H"
"201",200,0.24075,0.0221,0.03015,0.707,"Python_15","Pyt_H"
"202",201,0.2377,0.0217,0.03285,0.70775,"Python_15","Pyt_H"
"203",202,0.2336,0.0236,0.0339,0.7089,"Python_15","Pyt_H"
"204",203,0.2297,0.02455,0.03515,0.7106,"Python_15","Pyt_H"
"205",204,0.22655,0.0254,0.03675,0.7113,"Python_15","Pyt_H"
"206",205,0.22155,0.02695,0.0385,0.713,"Python_15","Pyt_H"
"207",206,0.21755,0.0276,0.04075,0.7141,"Python_15","Pyt_H"
"208",207,0.2127,0.02885,0.04125,0.7172,"Python_15","Pyt_H"
"209",208,0.20875,0.0295,0.0428,0.71895,"Python_15","Pyt_H"
"210",209,0.2043,0.02955,0.04515,0.721,"Python_15","Pyt_H"
"211",210,0.19945,0.0303,0.047,0.72325,"Python_15","Pyt_H"
"212",211,0.19635,0.0301,0.04765,0.7259,"Python_15","Pyt_H"
"213",212,0.1907,0.03145,0.04755,0.7303,"Python_15","Pyt_H"
"214",213,0.18595,0.032,0.0481,0.73395,"Python_15","Pyt_H"
"215",214,0.18185,0.03195,0.0491,0.7371,"Python_15","Pyt_H"
"216",215,0.1768,0.03195,0.05025,0.741,"Python_15","Pyt_H"
"217",216,0.1726,0.03225,0.05145,0.7437,"Python_15","Pyt_H"
"218",217,0.16785,0.0325,0.05165,0.748,"Python_15","Pyt_H"
"219",218,0.1651,0.0322,0.05275,0.74995,"Python_15","Pyt_H"
"220",219,0.16245,0.0304,0.0539,0.75325,"Python_15","Pyt_H"
"221",220,0.1575,0.0303,0.0552,0.757,"Python_15","Pyt_H"
"222",221,0.15365,0.03045,0.0546,0.7613,"Python_15","Pyt_H"
"223",222,0.15075,0.0299,0.0543,0.76505,"Python_15","Pyt_H"
"224",223,0.14785,0.0297,0.05445,0.768,"Python_15","Pyt_H"
"225",224,0.1449,0.03,0.0521,0.773,"Python_15","Pyt_H"
"226",225,0.1421,0.02925,0.05265,0.776,"Python_15","Pyt_H"
"227",226,0.13945,0.02845,0.05295,0.77915,"Python_15","Pyt_H"
"228",227,0.1375,0.02725,0.05165,0.7836,"Python_15","Pyt_H"
"229",228,0.1364,0.02635,0.05055,0.7867,"Python_15","Pyt_H"
"230",229,0.13505,0.0266,0.04885,0.7895,"Python_15","Pyt_H"
"231",230,0.13305,0.0257,0.04855,0.7927,"Python_15","Pyt_H"
"232",231,0.13185,0.0241,0.04935,0.7947,"Python_15","Pyt_H"
"233",232,0.13085,0.0238,0.04875,0.7966,"Python_15","Pyt_H"
"234",233,0.12915,0.0237,0.04865,0.7985,"Python_15","Pyt_H"
"235",234,0.1283,0.0236,0.04885,0.79925,"Python_15","Pyt_H"
"236",235,0.12685,0.02225,0.04795,0.80295,"Python_15","Pyt_H"
"237",236,0.12575,0.02285,0.0475,0.8039,"Python_15","Pyt_H"
"238",237,0.12475,0.02215,0.04745,0.80565,"Python_15","Pyt_H"
"239",238,0.1241,0.0213,0.04685,0.80775,"Python_15","Pyt_H"
"240",239,0.12345,0.021,0.04495,0.8106,"Python_15","Pyt_H"
"241",240,0.12375,0.02015,0.04375,0.81235,"Python_15","Pyt_H"
"242",241,0.12415,0.0188,0.04265,0.8144,"Python_15","Pyt_H"
"243",242,0.12445,0.0183,0.04165,0.8156,"Python_15","Pyt_H"
"244",243,0.1249,0.01745,0.0402,0.81745,"Python_15","Pyt_H"
"245",244,0.1254,0.0174,0.0393,0.8179,"Python_15","Pyt_H"
"246",245,0.12515,0.0167,0.0383,0.81985,"Python_15","Pyt_H"
"247",246,0.12585,0.01695,0.0364,0.8208,"Python_15","Pyt_H"
"248",247,0.1275,0.01605,0.03565,0.8208,"Python_15","Pyt_H"
"249",248,0.12765,0.0162,0.03375,0.8224,"Python_15","Pyt_H"
"250",249,0.1275,0.017,0.03355,0.82195,"Python_15","Pyt_H"
"251",250,0.1287,0.0159,0.0328,0.8226,"Python_15","Pyt_H"
"252",251,0.1283,0.0163,0.03335,0.82205,"Python_15","Pyt_H"
"253",252,0.12955,0.0161,0.03315,0.8212,"Python_15","Pyt_H"
"254",253,0.13005,0.01585,0.03245,0.82165,"Python_15","Pyt_H"
"255",254,0.1304,0.0161,0.03185,0.82165,"Python_15","Pyt_H"
"256",255,0.13145,0.0163,0.03205,0.8202,"Python_15","Pyt_H"
"257",256,0.13265,0.01595,0.0308,0.8206,"Python_15","Pyt_H"
"258",257,0.13465,0.0155,0.02935,0.8205,"Python_15","Pyt_H"
"259",258,0.1361,0.01405,0.029,0.82085,"Python_15","Pyt_H"
"260",259,0.13745,0.01365,0.02845,0.82045,"Python_15","Pyt_H"
"261",260,0.13885,0.01395,0.02815,0.81905,"Python_15","Pyt_H"
"262",261,0.13945,0.01405,0.0283,0.8182,"Python_15","Pyt_H"
"263",262,0.1408,0.0135,0.02805,0.81765,"Python_15","Pyt_H"
"264",263,0.14305,0.01325,0.028,0.8157,"Python_15","Pyt_H"
"265",264,0.14385,0.0139,0.02705,0.8152,"Python_15","Pyt_H"
"266",265,0.1453,0.014,0.026,0.8147,"Python_15","Pyt_H"
"267",266,0.1458,0.0143,0.0255,0.8144,"Python_15","Pyt_H"
"268",267,0.14755,0.01345,0.0256,0.8134,"Python_15","Pyt_H"
"269",268,0.15,0.01315,0.0249,0.81195,"Python_15","Pyt_H"
"270",269,0.15095,0.01325,0.02485,0.81095,"Python_15","Pyt_H"
"271",270,0.1512,0.01325,0.02515,0.8104,"Python_15","Pyt_H"
"272",271,0.15285,0.0127,0.0255,0.80895,"Python_15","Pyt_H"
"273",272,0.15465,0.01215,0.0249,0.8083,"Python_15","Pyt_H"
"274",273,0.15685,0.012,0.02505,0.8061,"Python_15","Pyt_H"
"275",274,0.15825,0.0125,0.0243,0.80495,"Python_15","Pyt_H"
"276",275,0.1611,0.0118,0.02425,0.80285,"Python_15","Pyt_H"
"277",276,0.16225,0.012,0.0239,0.80185,"Python_15","Pyt_H"
"278",277,0.16395,0.0124,0.0236,0.80005,"Python_15","Pyt_H"
"279",278,0.16585,0.01165,0.02405,0.79845,"Python_15","Pyt_H"
"280",279,0.16715,0.01225,0.0241,0.7965,"Python_15","Pyt_H"
"281",280,0.16905,0.0132,0.02315,0.7946,"Python_15","Pyt_H"
"282",281,0.16935,0.0135,0.02415,0.793,"Python_15","Pyt_H"
"283",282,0.17135,0.01385,0.0244,0.7904,"Python_15","Pyt_H"
"284",283,0.1726,0.01365,0.0241,0.78965,"Python_15","Pyt_H"
"285",284,0.17405,0.0132,0.02445,0.7883,"Python_15","Pyt_H"
"286",285,0.17575,0.0133,0.02525,0.7857,"Python_15","Pyt_H"
"287",286,0.1766,0.01495,0.0246,0.78385,"Python_15","Pyt_H"
"288",287,0.17565,0.01635,0.0236,0.7844,"Python_15","Pyt_H"
"289",288,0.17705,0.0158,0.02415,0.783,"Python_15","Pyt_H"
"290",289,0.17805,0.0153,0.02465,0.782,"Python_15","Pyt_H"
"291",290,0.1799,0.01535,0.0239,0.78085,"Python_15","Pyt_H"
"292",291,0.18055,0.01525,0.02535,0.77885,"Python_15","Pyt_H"
"293",292,0.1818,0.0149,0.02575,0.77755,"Python_15","Pyt_H"
"294",293,0.18295,0.01535,0.0251,0.7766,"Python_15","Pyt_H"
"295",294,0.1837,0.01475,0.0256,0.77595,"Python_15","Pyt_H"
"296",295,0.18475,0.01495,0.02575,0.77455,"Python_15","Pyt_H"
"297",296,0.18535,0.01575,0.02605,0.77285,"Python_15","Pyt_H"
"298",297,0.1859,0.01585,0.0262,0.77205,"Python_15","Pyt_H"
"299",298,0.1858,0.0165,0.02665,0.77105,"Python_15","Pyt_H"
"300",299,0.1861,0.01745,0.02675,0.7697,"Python_15","Pyt_H"
"301",300,0.1866,0.0179,0.02675,0.76875,"Python_15","Pyt_H"
"302",301,0.187,0.01805,0.0274,0.76755,"Python_15","Pyt_H"
"303",302,0.18735,0.01795,0.0281,0.7666,"Python_15","Pyt_H"
"304",303,0.18725,0.01855,0.0284,0.7658,"Python_15","Pyt_H"
"305",304,0.1884,0.0187,0.02885,0.76405,"Python_15","Pyt_H"
"306",305,0.18765,0.019,0.0297,0.76365,"Python_15","Pyt_H"
"307",306,0.1881,0.01915,0.03015,0.7626,"Python_15","Pyt_H"
"308",307,0.188,0.0191,0.0308,0.7621,"Python_15","Pyt_H"
"309",308,0.18875,0.01895,0.0325,0.7598,"Python_15","Pyt_H"
"310",309,0.1891,0.01915,0.03185,0.7599,"Python_15","Pyt_H"
"311",310,0.1883,0.02015,0.03215,0.7594,"Python_15","Pyt_H"
"312",311,0.18785,0.0211,0.03225,0.7588,"Python_15","Pyt_H"
"313",312,0.18715,0.0215,0.0327,0.75865,"Python_15","Pyt_H"
"314",313,0.18615,0.0215,0.03385,0.7585,"Python_15","Pyt_H"
"315",314,0.18545,0.0216,0.03485,0.7581,"Python_15","Pyt_H"
"316",315,0.18515,0.0215,0.03535,0.758,"Python_15","Pyt_H"
"317",316,0.1851,0.0218,0.03605,0.75705,"Python_15","Pyt_H"
"318",317,0.1846,0.0219,0.0368,0.7567,"Python_15","Pyt_H"
"319",318,0.1838,0.02275,0.03705,0.7564,"Python_15","Pyt_H"
"320",319,0.18405,0.02235,0.0363,0.7573,"Python_15","Pyt_H"
"321",320,0.18275,0.0232,0.0371,0.75695,"Python_15","Pyt_H"
"322",321,0.18285,0.0241,0.03755,0.7555,"Python_15","Pyt_H"
"323",322,0.1815,0.0252,0.0374,0.7559,"Python_15","Pyt_H"
"324",323,0.18105,0.02505,0.03815,0.75575,"Python_15","Pyt_H"
"325",324,0.1797,0.02525,0.0397,0.75535,"Python_15","Pyt_H"
"326",325,0.17905,0.0242,0.04045,0.7563,"Python_15","Pyt_H"
"327",326,0.1788,0.02365,0.04055,0.757,"Python_15","Pyt_H"
"328",327,0.17765,0.02385,0.042,0.7565,"Python_15","Pyt_H"
"329",328,0.17595,0.02555,0.0425,0.756,"Python_15","Pyt_H"
"330",329,0.1739,0.02665,0.0423,0.75715,"Python_15","Pyt_H"
"331",330,0.17165,0.0264,0.0429,0.75905,"Python_15","Pyt_H"
"332",331,0.17095,0.02625,0.04315,0.75965,"Python_15","Pyt_H"
"333",332,0.16965,0.0256,0.0445,0.76025,"Python_15","Pyt_H"
"334",333,0.16905,0.0258,0.04455,0.7606,"Python_15","Pyt_H"
"335",334,0.1664,0.02795,0.04285,0.7628,"Python_15","Pyt_H"
"336",335,0.1647,0.0268,0.0437,0.7648,"Python_15","Pyt_H"
"337",336,0.16355,0.02555,0.04565,0.76525,"Python_15","Pyt_H"
"338",337,0.1639,0.02415,0.0466,0.76535,"Python_15","Pyt_H"
"339",338,0.16205,0.02415,0.0456,0.7682,"Python_15","Pyt_H"
"340",339,0.16225,0.02375,0.046,0.768,"Python_15","Pyt_H"
"341",340,0.16155,0.02505,0.04415,0.76925,"Python_15","Pyt_H"
"342",341,0.16045,0.0261,0.04365,0.7698,"Python_15","Pyt_H"
"343",342,0.15945,0.02595,0.0449,0.7697,"Python_15","Pyt_H"
"344",343,0.15895,0.02575,0.0452,0.7701,"Python_15","Pyt_H"
"345",344,0.1583,0.02425,0.04675,0.7707,"Python_15","Pyt_H"
"346",345,0.1579,0.024,0.0464,0.7717,"Python_15","Pyt_H"
"347",346,0.15605,0.0252,0.0459,0.77285,"Python_15","Pyt_H"
"348",347,0.1554,0.02545,0.04525,0.7739,"Python_15","Pyt_H"
"349",348,0.1563,0.02405,0.0454,0.77425,"Python_15","Pyt_H"
"350",349,0.1568,0.02435,0.0442,0.77465,"Python_15","Pyt_H"
"351",350,0.1547,0.0247,0.0444,0.7762,"Python_15","Pyt_H"
"352",351,0.1543,0.0252,0.0444,0.7761,"Python_15","Pyt_H"
"353",352,0.15435,0.02495,0.04375,0.77695,"Python_15","Pyt_H"
"354",353,0.1541,0.024,0.04395,0.77795,"Python_15","Pyt_H"
"355",354,0.15315,0.025,0.04385,0.778,"Python_15","Pyt_H"
"356",355,0.1531,0.0246,0.0434,0.7789,"Python_15","Pyt_H"
"357",356,0.15345,0.0249,0.04175,0.7799,"Python_15","Pyt_H"
"358",357,0.15385,0.02375,0.04205,0.78035,"Python_15","Pyt_H"
"359",358,0.15415,0.02245,0.04215,0.78125,"Python_15","Pyt_H"
"360",359,0.15305,0.02265,0.0415,0.7828,"Python_15","Pyt_H"
"361",360,0.1528,0.0233,0.04045,0.78345,"Python_15","Pyt_H"
"362",361,0.1528,0.0234,0.04025,0.78355,"Python_15","Pyt_H"
"363",362,0.15295,0.02245,0.0408,0.7838,"Python_15","Pyt_H"
"364",363,0.15215,0.0209,0.04305,0.7839,"Python_15","Pyt_H"
"365",364,0.1523,0.02075,0.04285,0.7841,"Python_15","Pyt_H"
"366",365,0.15215,0.02145,0.042,0.7844,"Python_15","Pyt_H"
"367",366,0.15165,0.0217,0.04145,0.7852,"Python_15","Pyt_H"
"368",367,0.1511,0.02175,0.0409,0.78625,"Python_15","Pyt_H"
"369",368,0.15105,0.02235,0.04045,0.78615,"Python_15","Pyt_H"
"370",369,0.15245,0.02205,0.03935,0.78615,"Python_15","Pyt_H"
"371",370,0.1524,0.02185,0.0397,0.78605,"Python_15","Pyt_H"
"372",371,0.15135,0.02275,0.03925,0.78665,"Python_15","Pyt_H"
"373",372,0.15135,0.0224,0.0389,0.78735,"Python_15","Pyt_H"
"374",373,0.1527,0.0215,0.0395,0.7863,"Python_15","Pyt_H"
"375",374,0.1538,0.0207,0.03965,0.78585,"Python_15","Pyt_H"
"376",375,0.1541,0.0211,0.04,0.7848,"Python_15","Pyt_H"
"377",376,0.1554,0.0215,0.0391,0.784,"Python_15","Pyt_H"
"378",377,0.15555,0.0209,0.03845,0.7851,"Python_15","Pyt_H"
"379",378,0.1553,0.0212,0.0385,0.785,"Python_15","Pyt_H"
"380",379,0.15555,0.0207,0.03865,0.7851,"Python_15","Pyt_H"
"381",380,0.15735,0.0203,0.03805,0.7843,"Python_15","Pyt_H"
"382",381,0.159,0.01955,0.03805,0.7834,"Python_15","Pyt_H"
"383",382,0.15985,0.01965,0.03785,0.78265,"Python_15","Pyt_H"
"384",383,0.1601,0.01985,0.0376,0.78245,"Python_15","Pyt_H"
"385",384,0.16015,0.02055,0.03665,0.78265,"Python_15","Pyt_H"
"386",385,0.16075,0.0212,0.0355,0.78255,"Python_15","Pyt_H"
"387",386,0.16155,0.0202,0.037,0.78125,"Python_15","Pyt_H"
"388",387,0.16335,0.01965,0.03675,0.78025,"Python_15","Pyt_H"
"389",388,0.16285,0.01995,0.0374,0.7798,"Python_15","Pyt_H"
"390",389,0.1624,0.0201,0.0377,0.7798,"Python_15","Pyt_H"
"391",390,0.16255,0.0201,0.0364,0.78095,"Python_15","Pyt_H"
"392",391,0.16325,0.0202,0.03655,0.78,"Python_15","Pyt_H"
"393",392,0.16485,0.0202,0.03655,0.7784,"Python_15","Pyt_H"
"394",393,0.16685,0.0192,0.03655,0.7774,"Python_15","Pyt_H"
"395",394,0.16755,0.0178,0.0382,0.77645,"Python_15","Pyt_H"
"396",395,0.1674,0.0195,0.0369,0.7762,"Python_15","Pyt_H"
"397",396,0.1686,0.0203,0.0361,0.775,"Python_15","Pyt_H"
"398",397,0.1687,0.02065,0.0357,0.77495,"Python_15","Pyt_H"
"399",398,0.1688,0.0213,0.0355,0.7744,"Python_15","Pyt_H"
"400",399,0.16955,0.0206,0.03655,0.7733,"Python_15","Pyt_H"
"401",400,0.17015,0.02,0.03695,0.7729,"Python_15","Pyt_H"
"402",401,0.17125,0.0198,0.03705,0.7719,"Python_15","Pyt_H"
"403",402,0.17285,0.02005,0.03665,0.77045,"Python_15","Pyt_H"
"404",403,0.173,0.02035,0.03695,0.7697,"Python_15","Pyt_H"
"405",404,0.17385,0.02095,0.03585,0.76935,"Python_15","Pyt_H"
"406",405,0.1749,0.0209,0.0357,0.7685,"Python_15","Pyt_H"
"407",406,0.17545,0.0208,0.03665,0.7671,"Python_15","Pyt_H"
"408",407,0.17505,0.0221,0.03585,0.767,"Python_15","Pyt_H"
"409",408,0.17545,0.0211,0.03695,0.7665,"Python_15","Pyt_H"
"410",409,0.17615,0.0209,0.03785,0.7651,"Python_15","Pyt_H"
"411",410,0.1759,0.02135,0.0377,0.76505,"Python_15","Pyt_H"
"412",411,0.1751,0.0216,0.03835,0.76495,"Python_15","Pyt_H"
"413",412,0.17425,0.02215,0.0384,0.7652,"Python_15","Pyt_H"
"414",413,0.17435,0.02095,0.0391,0.7656,"Python_15","Pyt_H"
"415",414,0.17365,0.02125,0.0394,0.7657,"Python_15","Pyt_H"
"416",415,0.17265,0.0221,0.0391,0.76615,"Python_15","Pyt_H"
"417",416,0.1717,0.0227,0.03855,0.76705,"Python_15","Pyt_H"
"418",417,0.1716,0.02225,0.03955,0.7666,"Python_15","Pyt_H"
"419",418,0.17115,0.02255,0.03995,0.76635,"Python_15","Pyt_H"
"420",419,0.17125,0.0223,0.0402,0.76625,"Python_15","Pyt_H"
"421",420,0.17115,0.02265,0.04005,0.76615,"Python_15","Pyt_H"
"422",421,0.1697,0.02355,0.0401,0.76665,"Python_15","Pyt_H"
"423",422,0.16965,0.02355,0.03975,0.76705,"Python_15","Pyt_H"
"424",423,0.16755,0.02395,0.04035,0.76815,"Python_15","Pyt_H"
"425",424,0.1675,0.02475,0.0408,0.76695,"Python_15","Pyt_H"
"426",425,0.16705,0.0245,0.04105,0.7674,"Python_15","Pyt_H"
"427",426,0.1666,0.0244,0.04065,0.76835,"Python_15","Pyt_H"
"428",427,0.16605,0.02405,0.04135,0.76855,"Python_15","Pyt_H"
"429",428,0.1652,0.0231,0.04305,0.76865,"Python_15","Pyt_H"
"430",429,0.1659,0.0225,0.0435,0.7681,"Python_15","Pyt_H"
"431",430,0.16575,0.02225,0.04325,0.76875,"Python_15","Pyt_H"
"432",431,0.1649,0.02315,0.04205,0.7699,"Python_15","Pyt_H"
"433",432,0.1639,0.0245,0.04205,0.76955,"Python_15","Pyt_H"
"434",433,0.16235,0.0247,0.04145,0.7715,"Python_15","Pyt_H"
"435",434,0.1627,0.02435,0.0425,0.77045,"Python_15","Pyt_H"
"436",435,0.16125,0.02535,0.04135,0.77205,"Python_15","Pyt_H"
"437",436,0.1605,0.02515,0.0412,0.77315,"Python_15","Pyt_H"
"438",437,0.15995,0.025,0.04105,0.774,"Python_15","Pyt_H"
"439",438,0.15975,0.02455,0.0411,0.7746,"Python_15","Pyt_H"
"440",439,0.15805,0.02515,0.04205,0.77475,"Python_15","Pyt_H"
"441",440,0.15905,0.02345,0.04285,0.77465,"Python_15","Pyt_H"
"442",441,0.15875,0.0222,0.04305,0.776,"Python_15","Pyt_H"
"443",442,0.1584,0.02225,0.04385,0.7755,"Python_15","Pyt_H"
"444",443,0.159,0.02205,0.0426,0.77635,"Python_15","Pyt_H"
"445",444,0.15855,0.0219,0.04225,0.7773,"Python_15","Pyt_H"
"446",445,0.15745,0.0229,0.0421,0.77755,"Python_15","Pyt_H"
"447",446,0.1578,0.0227,0.04205,0.77745,"Python_15","Pyt_H"
"448",447,0.1585,0.02145,0.04275,0.7773,"Python_15","Pyt_H"
"449",448,0.1588,0.02175,0.0426,0.77685,"Python_15","Pyt_H"
"450",449,0.15775,0.02285,0.04185,0.77755,"Python_15","Pyt_H"
"451",450,0.15685,0.02325,0.0405,0.7794,"Python_15","Pyt_H"
"452",451,0.15605,0.0233,0.04055,0.7801,"Python_15","Pyt_H"
"453",452,0.15545,0.0232,0.04115,0.7802,"Python_15","Pyt_H"
"454",453,0.15605,0.02305,0.04075,0.78015,"Python_15","Pyt_H"
"455",454,0.1562,0.02255,0.0404,0.78085,"Python_15","Pyt_H"
"456",455,0.15765,0.02085,0.0414,0.7801,"Python_15","Pyt_H"
"457",456,0.155,0.02195,0.0415,0.78155,"Python_15","Pyt_H"
"458",457,0.1547,0.02245,0.0414,0.78145,"Python_15","Pyt_H"
"459",458,0.156,0.02205,0.0417,0.78025,"Python_15","Pyt_H"
"460",459,0.15645,0.022,0.04125,0.7803,"Python_15","Pyt_H"
"461",460,0.15785,0.02255,0.04015,0.77945,"Python_15","Pyt_H"
"462",461,0.15855,0.02245,0.0395,0.7795,"Python_15","Pyt_H"
"463",462,0.15855,0.02215,0.03975,0.77955,"Python_15","Pyt_H"
"464",463,0.15885,0.02195,0.0387,0.7805,"Python_15","Pyt_H"
"465",464,0.15895,0.0217,0.0396,0.77975,"Python_15","Pyt_H"
"466",465,0.15965,0.0216,0.03925,0.7795,"Python_15","Pyt_H"
"467",466,0.1602,0.021,0.04005,0.77875,"Python_15","Pyt_H"
"468",467,0.1601,0.02105,0.0396,0.77925,"Python_15","Pyt_H"
"469",468,0.16125,0.0208,0.0393,0.77865,"Python_15","Pyt_H"
"470",469,0.16175,0.0203,0.03885,0.7791,"Python_15","Pyt_H"
"471",470,0.1601,0.0212,0.03955,0.77915,"Python_15","Pyt_H"
"472",471,0.15935,0.02175,0.03865,0.78025,"Python_15","Pyt_H"
"473",472,0.15955,0.02125,0.03835,0.78085,"Python_15","Pyt_H"
"474",473,0.15915,0.02085,0.0381,0.7819,"Python_15","Pyt_H"
"475",474,0.15875,0.0213,0.0371,0.78285,"Python_15","Pyt_H"
"476",475,0.1596,0.02075,0.03695,0.7827,"Python_15","Pyt_H"
"477",476,0.1598,0.02005,0.0371,0.78305,"Python_15","Pyt_H"
"478",477,0.1596,0.0196,0.03775,0.78305,"Python_15","Pyt_H"
"479",478,0.1594,0.02035,0.037,0.78325,"Python_15","Pyt_H"
"480",479,0.16065,0.0202,0.03695,0.7822,"Python_15","Pyt_H"
"481",480,0.1603,0.02,0.03755,0.78215,"Python_15","Pyt_H"
"482",481,0.16035,0.02025,0.03735,0.78205,"Python_15","Pyt_H"
"483",482,0.161,0.01985,0.03645,0.7827,"Python_15","Pyt_H"
"484",483,0.16125,0.01965,0.03685,0.78225,"Python_15","Pyt_H"
"485",484,0.16205,0.0192,0.03665,0.7821,"Python_15","Pyt_H"
"486",485,0.1621,0.0196,0.0366,0.7817,"Python_15","Pyt_H"
"487",486,0.16275,0.02005,0.0353,0.7819,"Python_15","Pyt_H"
"488",487,0.16355,0.01905,0.03505,0.78235,"Python_15","Pyt_H"
"489",488,0.1627,0.01915,0.0364,0.78175,"Python_15","Pyt_H"
"490",489,0.1635,0.0197,0.03625,0.78055,"Python_15","Pyt_H"
"491",490,0.16385,0.01975,0.03535,0.78105,"Python_15","Pyt_H"
"492",491,0.16445,0.0202,0.03505,0.7803,"Python_15","Pyt_H"
"493",492,0.16505,0.02045,0.03525,0.77925,"Python_15","Pyt_H"
"494",493,0.16365,0.0222,0.03505,0.7791,"Python_15","Pyt_H"
"495",494,0.1647,0.02135,0.03565,0.7783,"Python_15","Pyt_H"
"496",495,0.1649,0.02115,0.0368,0.77715,"Python_15","Pyt_H"
"497",496,0.16535,0.0211,0.0377,0.77585,"Python_15","Pyt_H"
"498",497,0.16515,0.0201,0.0384,0.77635,"Python_15","Pyt_H"
"499",498,0.1656,0.0193,0.03805,0.77705,"Python_15","Pyt_H"
"500",499,0.16515,0.0205,0.03765,0.7767,"Python_15","Pyt_H"
"501",500,0.1649,0.02155,0.03715,0.7764,"Python_15","Pyt_H"
"502",501,0.1652,0.02055,0.03705,0.7772,"Python_15","Pyt_H"
"503",502,0.16565,0.0195,0.03725,0.7776,"Python_15","Pyt_H"
"504",503,0.1659,0.02,0.037,0.7771,"Python_15","Pyt_H"
"505",504,0.16495,0.0204,0.03725,0.7774,"Python_15","Pyt_H"
"506",505,0.1643,0.02085,0.03665,0.7782,"Python_15","Pyt_H"
"507",506,0.16485,0.0207,0.0366,0.77785,"Python_15","Pyt_H"
"508",507,0.1656,0.021,0.03635,0.77705,"Python_15","Pyt_H"
"509",508,0.16555,0.0212,0.0367,0.77655,"Python_15","Pyt_H"
"510",509,0.1667,0.0203,0.03685,0.77615,"Python_15","Pyt_H"
"511",510,0.1662,0.021,0.0361,0.7767,"Python_15","Pyt_H"
"512",511,0.16625,0.02075,0.0362,0.7768,"Python_15","Pyt_H"
"513",512,0.16675,0.0202,0.03665,0.7764,"Python_15","Pyt_H"
"514",513,0.1658,0.02095,0.0358,0.77745,"Python_15","Pyt_H"
"515",514,0.16675,0.02085,0.03545,0.77695,"Python_15","Pyt_H"
"516",515,0.16755,0.02145,0.03445,0.77655,"Python_15","Pyt_H"
"517",516,0.16825,0.0209,0.03505,0.7758,"Python_15","Pyt_H"
"518",517,0.1686,0.02095,0.03435,0.7761,"Python_15","Pyt_H"
"519",518,0.1692,0.02085,0.0346,0.77535,"Python_15","Pyt_H"
"520",519,0.16905,0.0208,0.03575,0.7744,"Python_15","Pyt_H"
"521",520,0.17,0.0209,0.03635,0.77275,"Python_15","Pyt_H"
"522",521,0.1697,0.02065,0.0363,0.77335,"Python_15","Pyt_H"
"523",522,0.16945,0.0209,0.036,0.77365,"Python_15","Pyt_H"
"524",523,0.17035,0.01975,0.038,0.7719,"Python_15","Pyt_H"
"525",524,0.1716,0.01965,0.03905,0.7697,"Python_15","Pyt_H"
"526",525,0.17165,0.01975,0.03835,0.77025,"Python_15","Pyt_H"
"527",526,0.17195,0.0205,0.037,0.77055,"Python_15","Pyt_H"
"528",527,0.1722,0.02055,0.0369,0.77035,"Python_15","Pyt_H"
"529",528,0.17125,0.0212,0.03715,0.7704,"Python_15","Pyt_H"
"530",529,0.17125,0.0215,0.03695,0.7703,"Python_15","Pyt_H"
"531",530,0.17085,0.02115,0.03785,0.77015,"Python_15","Pyt_H"
"532",531,0.17045,0.02205,0.0368,0.7707,"Python_15","Pyt_H"
"533",532,0.171,0.02155,0.03855,0.7689,"Python_15","Pyt_H"
"534",533,0.17055,0.0213,0.0391,0.76905,"Python_15","Pyt_H"
"535",534,0.1711,0.0215,0.0388,0.7686,"Python_15","Pyt_H"
"536",535,0.1706,0.0229,0.0389,0.7676,"Python_15","Pyt_H"
"537",536,0.17045,0.0232,0.0382,0.76815,"Python_15","Pyt_H"
"538",537,0.1703,0.0229,0.03835,0.76845,"Python_15","Pyt_H"
"539",538,0.16975,0.024,0.0382,0.76805,"Python_15","Pyt_H"
"540",539,0.1692,0.02415,0.0389,0.76775,"Python_15","Pyt_H"
"541",540,0.169,0.02365,0.0393,0.76805,"Python_15","Pyt_H"
"542",541,0.16815,0.0239,0.03915,0.7688,"Python_15","Pyt_H"
"543",542,0.16625,0.0246,0.0397,0.76945,"Python_15","Pyt_H"
"544",543,0.1677,0.02205,0.04095,0.7693,"Python_15","Pyt_H"
"545",544,0.16735,0.02225,0.04175,0.76865,"Python_15","Pyt_H"
"546",545,0.1668,0.0223,0.0425,0.7684,"Python_15","Pyt_H"
"547",546,0.16665,0.0219,0.04225,0.7692,"Python_15","Pyt_H"
"548",547,0.1655,0.0227,0.04205,0.76975,"Python_15","Pyt_H"
"549",548,0.1652,0.02285,0.0414,0.77055,"Python_15","Pyt_H"
"550",549,0.165,0.0214,0.04235,0.77125,"Python_15","Pyt_H"
"551",550,0.1651,0.0216,0.0424,0.7709,"Python_15","Pyt_H"
"552",551,0.1655,0.02185,0.0425,0.77015,"Python_15","Pyt_H"
"553",552,0.1649,0.0226,0.0423,0.7702,"Python_15","Pyt_H"
"554",553,0.1664,0.02215,0.0415,0.76995,"Python_15","Pyt_H"
"555",554,0.16645,0.0232,0.0408,0.76955,"Python_15","Pyt_H"
"556",555,0.166,0.02325,0.041,0.76975,"Python_15","Pyt_H"
"557",556,0.16505,0.0225,0.0423,0.77015,"Python_15","Pyt_H"
"558",557,0.1648,0.02205,0.0428,0.77035,"Python_15","Pyt_H"
"559",558,0.16565,0.02165,0.04295,0.76975,"Python_15","Pyt_H"
"560",559,0.16475,0.02345,0.0423,0.7695,"Python_15","Pyt_H"
"561",560,0.164,0.02405,0.04165,0.7703,"Python_15","Pyt_H"
"562",561,0.16275,0.0253,0.04155,0.7704,"Python_15","Pyt_H"
"563",562,0.1615,0.025,0.04165,0.77185,"Python_15","Pyt_H"
"564",563,0.1632,0.0238,0.0426,0.7704,"Python_15","Pyt_H"
"565",564,0.1625,0.0235,0.04355,0.77045,"Python_15","Pyt_H"
"566",565,0.1618,0.024,0.04285,0.77135,"Python_15","Pyt_H"
"567",566,0.1615,0.0239,0.04215,0.77245,"Python_15","Pyt_H"
"568",567,0.1619,0.0226,0.04265,0.77285,"Python_15","Pyt_H"
"569",568,0.1613,0.02235,0.0437,0.77265,"Python_15","Pyt_H"
"570",569,0.16015,0.02345,0.04255,0.77385,"Python_15","Pyt_H"
"571",570,0.15945,0.02475,0.04215,0.77365,"Python_15","Pyt_H"
"572",571,0.1594,0.0229,0.04315,0.77455,"Python_15","Pyt_H"
"573",572,0.1586,0.02455,0.04175,0.7751,"Python_15","Pyt_H"
"574",573,0.1584,0.02485,0.04145,0.7753,"Python_15","Pyt_H"
"575",574,0.15765,0.0253,0.0409,0.77615,"Python_15","Pyt_H"
"576",575,0.15815,0.02535,0.03985,0.77665,"Python_15","Pyt_H"
"577",576,0.15835,0.02525,0.03945,0.77695,"Python_15","Pyt_H"
"578",577,0.1598,0.02375,0.0401,0.77635,"Python_15","Pyt_H"
"579",578,0.1596,0.0225,0.0402,0.7777,"Python_15","Pyt_H"
"580",579,0.16005,0.02245,0.04015,0.77735,"Python_15","Pyt_H"
"581",580,0.16045,0.0224,0.0406,0.77655,"Python_15","Pyt_H"
"582",581,0.15985,0.02335,0.03995,0.77685,"Python_15","Pyt_H"
"583",582,0.1582,0.02375,0.0411,0.77695,"Python_15","Pyt_H"
"584",583,0.15795,0.0244,0.04045,0.7772,"Python_15","Pyt_H"
"585",584,0.15805,0.02435,0.0408,0.7768,"Python_15","Pyt_H"
"586",585,0.15865,0.0233,0.0414,0.77665,"Python_15","Pyt_H"
"587",586,0.15785,0.02385,0.042,0.7763,"Python_15","Pyt_H"
"588",587,0.15795,0.02355,0.042,0.7765,"Python_15","Pyt_H"
"589",588,0.1581,0.0237,0.0415,0.7767,"Python_15","Pyt_H"
"590",589,0.15775,0.02375,0.0411,0.7774,"Python_15","Pyt_H"
"591",590,0.1584,0.02175,0.04195,0.7779,"Python_15","Pyt_H"
"592",591,0.1582,0.0221,0.0424,0.7773,"Python_15","Pyt_H"
"593",592,0.158,0.02255,0.0416,0.77785,"Python_15","Pyt_H"
"594",593,0.15775,0.0225,0.04145,0.7783,"Python_15","Pyt_H"
"595",594,0.15875,0.0225,0.04055,0.7782,"Python_15","Pyt_H"
"596",595,0.1599,0.0228,0.03955,0.77775,"Python_15","Pyt_H"
"597",596,0.1595,0.0225,0.0384,0.7796,"Python_15","Pyt_H"
"598",597,0.15995,0.02165,0.0391,0.7793,"Python_15","Pyt_H"
"599",598,0.16095,0.0214,0.0389,0.77875,"Python_15","Pyt_H"
"600",599,0.16075,0.0214,0.0393,0.77855,"Python_15","Pyt_H"
"601",600,0.16,0.0223,0.03955,0.77815,"Python_15","Pyt_H"
"602",601,0.1615,0.0222,0.03945,0.77685,"Python_15","Pyt_H"
"603",602,0.16175,0.02305,0.03935,0.77585,"Python_15","Pyt_H"
"604",603,0.16165,0.0222,0.0395,0.77665,"Python_15","Pyt_H"
"605",604,0.16265,0.0208,0.0407,0.77585,"Python_15","Pyt_H"
"606",605,0.16285,0.02115,0.03995,0.77605,"Python_15","Pyt_H"
"607",606,0.16315,0.02125,0.0401,0.7755,"Python_15","Pyt_H"
"608",607,0.16265,0.02265,0.03975,0.77495,"Python_15","Pyt_H"
"609",608,0.1625,0.023,0.03935,0.77515,"Python_15","Pyt_H"
"610",609,0.1631,0.0219,0.04055,0.77445,"Python_15","Pyt_H"
"611",610,0.16285,0.0215,0.04085,0.7748,"Python_15","Pyt_H"
"612",611,0.1636,0.0225,0.0409,0.773,"Python_15","Pyt_H"
"613",612,0.1637,0.02235,0.04025,0.7737,"Python_15","Pyt_H"
"614",613,0.16315,0.0234,0.0404,0.77305,"Python_15","Pyt_H"
"615",614,0.16335,0.0238,0.04145,0.7714,"Python_15","Pyt_H"
"616",615,0.16345,0.02325,0.0415,0.7718,"Python_15","Pyt_H"
"617",616,0.1628,0.0238,0.0419,0.7715,"Python_15","Pyt_H"
"618",617,0.1622,0.0244,0.0421,0.7713,"Python_15","Pyt_H"
"619",618,0.1622,0.0246,0.0417,0.7715,"Python_15","Pyt_H"
"620",619,0.1627,0.0246,0.0411,0.7716,"Python_15","Pyt_H"
"621",620,0.16165,0.025,0.04095,0.7724,"Python_15","Pyt_H"
"622",621,0.1616,0.02445,0.0425,0.77145,"Python_15","Pyt_H"
"623",622,0.1621,0.0231,0.04195,0.77285,"Python_15","Pyt_H"
"624",623,0.1619,0.0229,0.04235,0.77285,"Python_15","Pyt_H"
"625",624,0.16315,0.02325,0.04135,0.77225,"Python_15","Pyt_H"
"626",625,0.16305,0.0223,0.04275,0.7719,"Python_15","Pyt_H"
"627",626,0.1622,0.0228,0.04325,0.77175,"Python_15","Pyt_H"
"628",627,0.1624,0.0234,0.04335,0.77085,"Python_15","Pyt_H"
"629",628,0.1627,0.02325,0.0439,0.77015,"Python_15","Pyt_H"
"630",629,0.16145,0.02355,0.04425,0.77075,"Python_15","Pyt_H"
"631",630,0.161,0.0238,0.04345,0.77175,"Python_15","Pyt_H"
"632",631,0.1614,0.0224,0.044,0.7722,"Python_15","Pyt_H"
"633",632,0.1614,0.02235,0.04405,0.7722,"Python_15","Pyt_H"
"634",633,0.16085,0.0237,0.0425,0.77295,"Python_15","Pyt_H"
"635",634,0.1613,0.02345,0.0422,0.77305,"Python_15","Pyt_H"
"636",635,0.16015,0.02365,0.0415,0.7747,"Python_15","Pyt_H"
"637",636,0.1612,0.02335,0.04115,0.7743,"Python_15","Pyt_H"
"638",637,0.1614,0.02295,0.0425,0.77315,"Python_15","Pyt_H"
"639",638,0.16265,0.02185,0.04375,0.77175,"Python_15","Pyt_H"
"640",639,0.16195,0.022,0.0426,0.77345,"Python_15","Pyt_H"
"641",640,0.16195,0.02255,0.0417,0.7738,"Python_15","Pyt_H"
"642",641,0.1618,0.0237,0.04045,0.77405,"Python_15","Pyt_H"
"643",642,0.1623,0.02265,0.0405,0.77455,"Python_15","Pyt_H"
"644",643,0.1625,0.02205,0.04075,0.7747,"Python_15","Pyt_H"
"645",644,0.16175,0.02295,0.041,0.7743,"Python_15","Pyt_H"
"646",645,0.1617,0.0231,0.0399,0.7753,"Python_15","Pyt_H"
"647",646,0.16095,0.0227,0.03995,0.7764,"Python_15","Pyt_H"
"648",647,0.16185,0.02205,0.03995,0.77615,"Python_15","Pyt_H"
"649",648,0.1622,0.0207,0.04055,0.77655,"Python_15","Pyt_H"
"650",649,0.16205,0.0202,0.0415,0.77625,"Python_15","Pyt_H"
"651",650,0.16135,0.02035,0.0408,0.7775,"Python_15","Pyt_H"
"652",651,0.1616,0.02085,0.0405,0.77705,"Python_15","Pyt_H"
"653",652,0.1612,0.02075,0.04025,0.7778,"Python_15","Pyt_H"
"654",653,0.1627,0.02065,0.0402,0.77645,"Python_15","Pyt_H"
"655",654,0.162,0.02115,0.0403,0.77655,"Python_15","Pyt_H"
"656",655,0.1621,0.0224,0.0396,0.7759,"Python_15","Pyt_H"
"657",656,0.16275,0.0227,0.0394,0.77515,"Python_15","Pyt_H"
"658",657,0.1648,0.0218,0.03925,0.77415,"Python_15","Pyt_H"
"659",658,0.1639,0.02215,0.03915,0.7748,"Python_15","Pyt_H"
"660",659,0.1629,0.02305,0.03925,0.7748,"Python_15","Pyt_H"
