"","step","S","E","I","R","simu","Langage"
"1",0,0.999,0,0.001,0,"Python_24","Pyt_H"
"2",1,0.9981,9e-04,0.001,0,"Python_24","Pyt_H"
"3",2,0.9974,0.0016,0.00085,0.00015,"Python_24","Pyt_H"
"4",3,0.9966,0.00215,0.00095,3e-04,"Python_24","Pyt_H"
"5",4,0.9958,0.00255,0.00125,4e-04,"Python_24","Pyt_H"
"6",5,0.99475,0.00325,0.00145,0.00055,"Python_24","Pyt_H"
"7",6,0.99325,0.00415,0.0019,7e-04,"Python_24","Pyt_H"
"8",7,0.9918,0.005,0.0024,8e-04,"Python_24","Pyt_H"
"9",8,0.98995,0.0057,0.00315,0.0012,"Python_24","Pyt_H"
"10",9,0.98745,0.00705,0.00405,0.00145,"Python_24","Pyt_H"
"11",10,0.98425,0.0089,0.00485,0.002,"Python_24","Pyt_H"
"12",11,0.9803,0.011,0.00645,0.00225,"Python_24","Pyt_H"
"13",12,0.97415,0.01525,0.0077,0.0029,"Python_24","Pyt_H"
"14",13,0.968,0.019,0.00935,0.00365,"Python_24","Pyt_H"
"15",14,0.9591,0.02485,0.01125,0.0048,"Python_24","Pyt_H"
"16",15,0.9488,0.03015,0.01485,0.0062,"Python_24","Pyt_H"
"17",16,0.93545,0.0389,0.0184,0.00725,"Python_24","Pyt_H"
"18",17,0.91985,0.04795,0.0238,0.0084,"Python_24","Pyt_H"
"19",18,0.89945,0.0583,0.03155,0.0107,"Python_24","Pyt_H"
"20",19,0.8746,0.07225,0.03965,0.0135,"Python_24","Pyt_H"
"21",20,0.8441,0.08785,0.0508,0.01725,"Python_24","Pyt_H"
"22",21,0.8086,0.10735,0.06155,0.0225,"Python_24","Pyt_H"
"23",22,0.7642,0.1311,0.0756,0.0291,"Python_24","Pyt_H"
"24",23,0.71705,0.153,0.0938,0.03615,"Python_24","Pyt_H"
"25",24,0.6626,0.1778,0.11375,0.04585,"Python_24","Pyt_H"
"26",25,0.60205,0.2018,0.13935,0.0568,"Python_24","Pyt_H"
"27",26,0.53495,0.22925,0.1653,0.0705,"Python_24","Pyt_H"
"28",27,0.465,0.2546,0.1951,0.0853,"Python_24","Pyt_H"
"29",28,0.3944,0.27365,0.2273,0.10465,"Python_24","Pyt_H"
"30",29,0.3282,0.28095,0.2647,0.12615,"Python_24","Pyt_H"
"31",30,0.26385,0.2848,0.29665,0.1547,"Python_24","Pyt_H"
"32",31,0.2086,0.27785,0.32845,0.1851,"Python_24","Pyt_H"
"33",32,0.1622,0.2612,0.35505,0.22155,"Python_24","Pyt_H"
"34",33,0.1222,0.23895,0.37935,0.2595,"Python_24","Pyt_H"
"35",34,0.0911,0.21615,0.39255,0.3002,"Python_24","Pyt_H"
"36",35,0.0655,0.1917,0.39755,0.34525,"Python_24","Pyt_H"
"37",36,0.0485,0.16275,0.3983,0.39045,"Python_24","Pyt_H"
"38",37,0.03645,0.13515,0.3912,0.4372,"Python_24","Pyt_H"
"39",38,0.0278,0.109,0.3808,0.4824,"Python_24","Pyt_H"
"40",39,0.0226,0.0867,0.36405,0.52665,"Python_24","Pyt_H"
"41",40,0.01885,0.0692,0.341,0.57095,"Python_24","Pyt_H"
"42",41,0.01565,0.0556,0.31875,0.61,"Python_24","Pyt_H"
"43",42,0.01385,0.0435,0.2936,0.64905,"Python_24","Pyt_H"
"44",43,0.01265,0.0352,0.2677,0.68445,"Python_24","Pyt_H"
"45",44,0.012,0.02795,0.2419,0.71815,"Python_24","Pyt_H"
"46",45,0.0121,0.02315,0.21705,0.7477,"Python_24","Pyt_H"
"47",46,0.0125,0.01885,0.1959,0.77275,"Python_24","Pyt_H"
"48",47,0.0127,0.0153,0.1737,0.7983,"Python_24","Pyt_H"
"49",48,0.0135,0.01295,0.1569,0.81665,"Python_24","Pyt_H"
"50",49,0.01445,0.0112,0.14,0.83435,"Python_24","Pyt_H"
"51",50,0.0152,0.00985,0.12535,0.8496,"Python_24","Pyt_H"
"52",51,0.01695,0.0086,0.11175,0.8627,"Python_24","Pyt_H"
"53",52,0.01795,0.00855,0.10075,0.87275,"Python_24","Pyt_H"
"54",53,0.0201,0.008,0.09025,0.88165,"Python_24","Pyt_H"
"55",54,0.02145,0.00775,0.0806,0.8902,"Python_24","Pyt_H"
"56",55,0.0229,0.00705,0.07215,0.8979,"Python_24","Pyt_H"
"57",56,0.02525,0.00625,0.0648,0.9037,"Python_24","Pyt_H"
"58",57,0.02665,0.00495,0.05875,0.90965,"Python_24","Pyt_H"
"59",58,0.0287,0.0048,0.05215,0.91435,"Python_24","Pyt_H"
"60",59,0.0304,0.0052,0.04585,0.91855,"Python_24","Pyt_H"
"61",60,0.03315,0.0056,0.04165,0.9196,"Python_24","Pyt_H"
"62",61,0.0353,0.0054,0.0375,0.9218,"Python_24","Pyt_H"
"63",62,0.03665,0.0053,0.03345,0.9246,"Python_24","Pyt_H"
"64",63,0.03885,0.00505,0.0297,0.9264,"Python_24","Pyt_H"
"65",64,0.0402,0.00485,0.02645,0.9285,"Python_24","Pyt_H"
"66",65,0.0429,0.0048,0.0244,0.9279,"Python_24","Pyt_H"
"67",66,0.0461,0.0039,0.02255,0.92745,"Python_24","Pyt_H"
"68",67,0.04805,0.0038,0.02,0.92815,"Python_24","Pyt_H"
"69",68,0.05005,0.00365,0.0181,0.9282,"Python_24","Pyt_H"
"70",69,0.05255,0.0028,0.01655,0.9281,"Python_24","Pyt_H"
"71",70,0.05585,0.0028,0.0144,0.92695,"Python_24","Pyt_H"
"72",71,0.05845,0.0028,0.0129,0.92585,"Python_24","Pyt_H"
"73",72,0.06095,0.00295,0.0118,0.9243,"Python_24","Pyt_H"
"74",73,0.06405,0.0027,0.01155,0.9217,"Python_24","Pyt_H"
"75",74,0.06665,0.00225,0.0109,0.9202,"Python_24","Pyt_H"
"76",75,0.0698,0.0022,0.0102,0.9178,"Python_24","Pyt_H"
"77",76,0.07265,0.00245,0.0095,0.9154,"Python_24","Pyt_H"
"78",77,0.07565,0.0024,0.0086,0.91335,"Python_24","Pyt_H"
"79",78,0.07875,0.00215,0.0084,0.9107,"Python_24","Pyt_H"
"80",79,0.08245,0.00215,0.00775,0.90765,"Python_24","Pyt_H"
"81",80,0.08565,0.0024,0.0065,0.90545,"Python_24","Pyt_H"
"82",81,0.0884,0.0021,0.00665,0.90285,"Python_24","Pyt_H"
"83",82,0.09115,0.00165,0.00665,0.90055,"Python_24","Pyt_H"
"84",83,0.0938,0.0017,0.00655,0.89795,"Python_24","Pyt_H"
"85",84,0.09585,0.00195,0.006,0.8962,"Python_24","Pyt_H"
"86",85,0.0982,0.00225,0.00495,0.8946,"Python_24","Pyt_H"
"87",86,0.1002,0.0025,0.00465,0.89265,"Python_24","Pyt_H"
"88",87,0.10285,0.0021,0.0048,0.89025,"Python_24","Pyt_H"
"89",88,0.1059,0.0018,0.00485,0.88745,"Python_24","Pyt_H"
"90",89,0.10825,0.0014,0.0051,0.88525,"Python_24","Pyt_H"
"91",90,0.11165,0.00145,0.0046,0.8823,"Python_24","Pyt_H"
"92",91,0.11365,0.0013,0.0045,0.88055,"Python_24","Pyt_H"
"93",92,0.116,0.00135,0.0043,0.87835,"Python_24","Pyt_H"
"94",93,0.1193,0.0014,0.00395,0.87535,"Python_24","Pyt_H"
"95",94,0.12175,0.0014,0.00365,0.8732,"Python_24","Pyt_H"
"96",95,0.12435,0.00125,0.00325,0.87115,"Python_24","Pyt_H"
"97",96,0.12725,0.00135,0.003,0.8684,"Python_24","Pyt_H"
"98",97,0.1298,0.0014,0.00285,0.86595,"Python_24","Pyt_H"
"99",98,0.133,0.00115,0.00285,0.863,"Python_24","Pyt_H"
"100",99,0.13585,0.00125,0.0028,0.8601,"Python_24","Pyt_H"
"101",100,0.1388,0.00145,0.0027,0.85705,"Python_24","Pyt_H"
"102",101,0.14165,0.0018,0.00225,0.8543,"Python_24","Pyt_H"
"103",102,0.1444,0.0017,0.00245,0.85145,"Python_24","Pyt_H"
"104",103,0.1469,0.0015,0.0027,0.8489,"Python_24","Pyt_H"
"105",104,0.15015,0.00135,0.0027,0.8458,"Python_24","Pyt_H"
"106",105,0.15285,0.0013,0.0028,0.84305,"Python_24","Pyt_H"
"107",106,0.155,0.0013,0.0029,0.8408,"Python_24","Pyt_H"
"108",107,0.15825,0.00115,0.0028,0.8378,"Python_24","Pyt_H"
"109",108,0.16055,0.00095,0.0033,0.8352,"Python_24","Pyt_H"
"110",109,0.16235,0.0012,0.003,0.83345,"Python_24","Pyt_H"
"111",110,0.16435,0.0015,0.00275,0.8314,"Python_24","Pyt_H"
"112",111,0.16625,0.0017,0.0028,0.82925,"Python_24","Pyt_H"
"113",112,0.1682,0.0016,0.00315,0.82705,"Python_24","Pyt_H"
"114",113,0.1702,0.0018,0.0029,0.8251,"Python_24","Pyt_H"
"115",114,0.1729,0.0017,0.00275,0.82265,"Python_24","Pyt_H"
"116",115,0.17555,0.00155,0.003,0.8199,"Python_24","Pyt_H"
"117",116,0.17835,0.0016,0.00285,0.8172,"Python_24","Pyt_H"
"118",117,0.18085,0.0017,0.00265,0.8148,"Python_24","Pyt_H"
"119",118,0.18265,0.0016,0.00285,0.8129,"Python_24","Pyt_H"
"120",119,0.185,0.0016,0.0028,0.8106,"Python_24","Pyt_H"
"121",120,0.18715,0.0016,0.0029,0.80835,"Python_24","Pyt_H"
"122",121,0.18925,0.00155,0.0028,0.8064,"Python_24","Pyt_H"
"123",122,0.1911,0.00175,0.00305,0.8041,"Python_24","Pyt_H"
"124",123,0.1931,0.00145,0.00325,0.8022,"Python_24","Pyt_H"
"125",124,0.19525,0.0015,0.0033,0.79995,"Python_24","Pyt_H"
"126",125,0.19745,0.0016,0.0032,0.79775,"Python_24","Pyt_H"
"127",126,0.2001,0.00155,0.0035,0.79485,"Python_24","Pyt_H"
"128",127,0.20235,0.00185,0.0035,0.7923,"Python_24","Pyt_H"
"129",128,0.20425,0.00185,0.0034,0.7905,"Python_24","Pyt_H"
"130",129,0.20615,0.00215,0.0034,0.7883,"Python_24","Pyt_H"
"131",130,0.20875,0.0022,0.00345,0.7856,"Python_24","Pyt_H"
"132",131,0.21045,0.0022,0.00365,0.7837,"Python_24","Pyt_H"
"133",132,0.21085,0.0025,0.0036,0.78305,"Python_24","Pyt_H"
"134",133,0.21295,0.0022,0.0034,0.78145,"Python_24","Pyt_H"
"135",134,0.2141,0.00185,0.00395,0.7801,"Python_24","Pyt_H"
"136",135,0.2157,0.0025,0.00375,0.77805,"Python_24","Pyt_H"
"137",136,0.21715,0.0026,0.00385,0.7764,"Python_24","Pyt_H"
"138",137,0.219,0.00245,0.0039,0.77465,"Python_24","Pyt_H"
"139",138,0.22035,0.00285,0.00415,0.77265,"Python_24","Pyt_H"
"140",139,0.2229,0.0028,0.0043,0.77,"Python_24","Pyt_H"
"141",140,0.22425,0.00295,0.00445,0.76835,"Python_24","Pyt_H"
"142",141,0.22545,0.00335,0.00465,0.76655,"Python_24","Pyt_H"
"143",142,0.22715,0.0034,0.00485,0.7646,"Python_24","Pyt_H"
"144",143,0.22815,0.0033,0.00525,0.7633,"Python_24","Pyt_H"
"145",144,0.22975,0.00365,0.0054,0.7612,"Python_24","Pyt_H"
"146",145,0.2311,0.00405,0.00515,0.7597,"Python_24","Pyt_H"
"147",146,0.23265,0.00435,0.00545,0.75755,"Python_24","Pyt_H"
"148",147,0.23395,0.00435,0.00575,0.75595,"Python_24","Pyt_H"
"149",148,0.2358,0.00455,0.0058,0.75385,"Python_24","Pyt_H"
"150",149,0.2366,0.0049,0.0061,0.7524,"Python_24","Pyt_H"
"151",150,0.2375,0.0052,0.00625,0.75105,"Python_24","Pyt_H"
"152",151,0.2386,0.0049,0.00685,0.74965,"Python_24","Pyt_H"
"153",152,0.2395,0.0052,0.00725,0.74805,"Python_24","Pyt_H"
"154",153,0.24045,0.0055,0.00765,0.7464,"Python_24","Pyt_H"
"155",154,0.242,0.00535,0.0078,0.74485,"Python_24","Pyt_H"
"156",155,0.2434,0.00535,0.00825,0.743,"Python_24","Pyt_H"
"157",156,0.2432,0.00635,0.00845,0.742,"Python_24","Pyt_H"
"158",157,0.2443,0.00655,0.00845,0.7407,"Python_24","Pyt_H"
"159",158,0.24585,0.00635,0.0087,0.7391,"Python_24","Pyt_H"
"160",159,0.2469,0.0068,0.0085,0.7378,"Python_24","Pyt_H"
"161",160,0.2472,0.0065,0.0094,0.7369,"Python_24","Pyt_H"
"162",161,0.2479,0.00705,0.0098,0.73525,"Python_24","Pyt_H"
"163",162,0.24815,0.0075,0.00965,0.7347,"Python_24","Pyt_H"
"164",163,0.2488,0.00775,0.0106,0.73285,"Python_24","Pyt_H"
"165",164,0.24905,0.0075,0.01085,0.7326,"Python_24","Pyt_H"
"166",165,0.24935,0.0071,0.0118,0.73175,"Python_24","Pyt_H"
"167",166,0.2499,0.00745,0.01235,0.7303,"Python_24","Pyt_H"
"168",167,0.2496,0.0084,0.0124,0.7296,"Python_24","Pyt_H"
"169",168,0.2504,0.0092,0.01265,0.72775,"Python_24","Pyt_H"
"170",169,0.25055,0.0092,0.0131,0.72715,"Python_24","Pyt_H"
"171",170,0.2505,0.00985,0.0128,0.72685,"Python_24","Pyt_H"
"172",171,0.2502,0.01025,0.01345,0.7261,"Python_24","Pyt_H"
"173",172,0.24925,0.0109,0.01445,0.7254,"Python_24","Pyt_H"
"174",173,0.2487,0.01095,0.0155,0.72485,"Python_24","Pyt_H"
"175",174,0.2485,0.01195,0.0161,0.72345,"Python_24","Pyt_H"
"176",175,0.24795,0.01195,0.0171,0.723,"Python_24","Pyt_H"
"177",176,0.24675,0.0131,0.01765,0.7225,"Python_24","Pyt_H"
"178",177,0.24535,0.01435,0.01795,0.72235,"Python_24","Pyt_H"
"179",178,0.24335,0.01555,0.01815,0.72295,"Python_24","Pyt_H"
"180",179,0.2422,0.0146,0.0202,0.723,"Python_24","Pyt_H"
"181",180,0.2403,0.01505,0.0212,0.72345,"Python_24","Pyt_H"
"182",181,0.2386,0.01525,0.02215,0.724,"Python_24","Pyt_H"
"183",182,0.23685,0.0165,0.02345,0.7232,"Python_24","Pyt_H"
"184",183,0.2348,0.0178,0.0237,0.7237,"Python_24","Pyt_H"
"185",184,0.2332,0.0178,0.0248,0.7242,"Python_24","Pyt_H"
"186",185,0.231,0.01845,0.02585,0.7247,"Python_24","Pyt_H"
"187",186,0.2279,0.0195,0.02725,0.72535,"Python_24","Pyt_H"
"188",187,0.225,0.0204,0.02855,0.72605,"Python_24","Pyt_H"
"189",188,0.22135,0.02135,0.03,0.7273,"Python_24","Pyt_H"
"190",189,0.21775,0.02265,0.03045,0.72915,"Python_24","Pyt_H"
"191",190,0.2135,0.0244,0.0315,0.7306,"Python_24","Pyt_H"
"192",191,0.2105,0.02435,0.03345,0.7317,"Python_24","Pyt_H"
"193",192,0.2093,0.0235,0.03565,0.73155,"Python_24","Pyt_H"
"194",193,0.2063,0.02405,0.0366,0.73305,"Python_24","Pyt_H"
"195",194,0.20295,0.0247,0.03755,0.7348,"Python_24","Pyt_H"
"196",195,0.19945,0.02635,0.03765,0.73655,"Python_24","Pyt_H"
"197",196,0.19595,0.02725,0.03775,0.73905,"Python_24","Pyt_H"
"198",197,0.1935,0.02605,0.0405,0.73995,"Python_24","Pyt_H"
"199",198,0.19085,0.02635,0.0415,0.7413,"Python_24","Pyt_H"
"200",199,0.18665,0.02705,0.04265,0.74365,"Python_24","Pyt_H"
"201",200,0.1835,0.0274,0.044,0.7451,"Python_24","Pyt_H"
"202",201,0.18005,0.02775,0.0442,0.748,"Python_24","Pyt_H"
"203",202,0.17635,0.02775,0.0453,0.7506,"Python_24","Pyt_H"
"204",203,0.1739,0.0275,0.04545,0.75315,"Python_24","Pyt_H"
"205",204,0.1703,0.0279,0.0461,0.7557,"Python_24","Pyt_H"
"206",205,0.167,0.0286,0.04775,0.75665,"Python_24","Pyt_H"
"207",206,0.1629,0.02865,0.048,0.76045,"Python_24","Pyt_H"
"208",207,0.158,0.0306,0.04765,0.76375,"Python_24","Pyt_H"
"209",208,0.15595,0.02935,0.0488,0.7659,"Python_24","Pyt_H"
"210",209,0.15265,0.02815,0.0511,0.7681,"Python_24","Pyt_H"
"211",210,0.14975,0.0281,0.05215,0.77,"Python_24","Pyt_H"
"212",211,0.1464,0.0282,0.0515,0.7739,"Python_24","Pyt_H"
"213",212,0.1437,0.027,0.0512,0.7781,"Python_24","Pyt_H"
"214",213,0.14145,0.02635,0.0519,0.7803,"Python_24","Pyt_H"
"215",214,0.138,0.02605,0.0521,0.78385,"Python_24","Pyt_H"
"216",215,0.1358,0.02575,0.0506,0.78785,"Python_24","Pyt_H"
"217",216,0.13355,0.02415,0.0508,0.7915,"Python_24","Pyt_H"
"218",217,0.13135,0.0241,0.0511,0.79345,"Python_24","Pyt_H"
"219",218,0.1295,0.02405,0.05095,0.7955,"Python_24","Pyt_H"
"220",219,0.12815,0.02305,0.04945,0.79935,"Python_24","Pyt_H"
"221",220,0.12645,0.0235,0.048,0.80205,"Python_24","Pyt_H"
"222",221,0.12665,0.0221,0.04795,0.8033,"Python_24","Pyt_H"
"223",222,0.12615,0.0219,0.04765,0.8043,"Python_24","Pyt_H"
"224",223,0.1249,0.0214,0.04705,0.80665,"Python_24","Pyt_H"
"225",224,0.12315,0.0218,0.0461,0.80895,"Python_24","Pyt_H"
"226",225,0.1232,0.01985,0.04545,0.8115,"Python_24","Pyt_H"
"227",226,0.12295,0.01945,0.04405,0.81355,"Python_24","Pyt_H"
"228",227,0.12295,0.01925,0.0429,0.8149,"Python_24","Pyt_H"
"229",228,0.123,0.0187,0.0428,0.8155,"Python_24","Pyt_H"
"230",229,0.1229,0.0187,0.04165,0.81675,"Python_24","Pyt_H"
"231",230,0.12435,0.01765,0.0408,0.8172,"Python_24","Pyt_H"
"232",231,0.12425,0.01765,0.03965,0.81845,"Python_24","Pyt_H"
"233",232,0.124,0.0177,0.0387,0.8196,"Python_24","Pyt_H"
"234",233,0.124,0.0167,0.03845,0.82085,"Python_24","Pyt_H"
"235",234,0.1243,0.0173,0.03755,0.82085,"Python_24","Pyt_H"
"236",235,0.12585,0.0156,0.0368,0.82175,"Python_24","Pyt_H"
"237",236,0.12705,0.01545,0.03525,0.82225,"Python_24","Pyt_H"
"238",237,0.12775,0.0149,0.03505,0.8223,"Python_24","Pyt_H"
"239",238,0.12805,0.01505,0.035,0.8219,"Python_24","Pyt_H"
"240",239,0.12855,0.01555,0.03305,0.82285,"Python_24","Pyt_H"
"241",240,0.1288,0.0158,0.03235,0.82305,"Python_24","Pyt_H"
"242",241,0.1294,0.0158,0.03215,0.82265,"Python_24","Pyt_H"
"243",242,0.13155,0.01535,0.0311,0.822,"Python_24","Pyt_H"
"244",243,0.13265,0.0157,0.031,0.82065,"Python_24","Pyt_H"
"245",244,0.13315,0.01615,0.0311,0.8196,"Python_24","Pyt_H"
"246",245,0.1337,0.01665,0.031,0.81865,"Python_24","Pyt_H"
"247",246,0.13625,0.016,0.03065,0.8171,"Python_24","Pyt_H"
"248",247,0.1376,0.0161,0.03,0.8163,"Python_24","Pyt_H"
"249",248,0.13925,0.01525,0.02995,0.81555,"Python_24","Pyt_H"
"250",249,0.14005,0.0157,0.02945,0.8148,"Python_24","Pyt_H"
"251",250,0.1419,0.01515,0.0293,0.81365,"Python_24","Pyt_H"
"252",251,0.1431,0.0151,0.02905,0.81275,"Python_24","Pyt_H"
"253",252,0.14495,0.0145,0.02845,0.8121,"Python_24","Pyt_H"
"254",253,0.1469,0.01335,0.0283,0.81145,"Python_24","Pyt_H"
"255",254,0.14915,0.01305,0.0285,0.8093,"Python_24","Pyt_H"
"256",255,0.15005,0.0132,0.02735,0.8094,"Python_24","Pyt_H"
"257",256,0.1512,0.01335,0.02635,0.8091,"Python_24","Pyt_H"
"258",257,0.15315,0.0135,0.02615,0.8072,"Python_24","Pyt_H"
"259",258,0.15505,0.0129,0.02625,0.8058,"Python_24","Pyt_H"
"260",259,0.1567,0.01175,0.02565,0.8059,"Python_24","Pyt_H"
"261",260,0.15825,0.0114,0.02565,0.8047,"Python_24","Pyt_H"
"262",261,0.16055,0.01185,0.02465,0.80295,"Python_24","Pyt_H"
"263",262,0.1621,0.0124,0.0245,0.801,"Python_24","Pyt_H"
"264",263,0.16325,0.01345,0.02315,0.80015,"Python_24","Pyt_H"
"265",264,0.1647,0.014,0.0219,0.7994,"Python_24","Pyt_H"
"266",265,0.16665,0.014,0.02285,0.7965,"Python_24","Pyt_H"
"267",266,0.16805,0.014,0.02385,0.7941,"Python_24","Pyt_H"
"268",267,0.16995,0.0141,0.0248,0.79115,"Python_24","Pyt_H"
"269",268,0.17015,0.01445,0.0253,0.7901,"Python_24","Pyt_H"
"270",269,0.17045,0.0156,0.02585,0.7881,"Python_24","Pyt_H"
"271",270,0.1714,0.01565,0.026,0.78695,"Python_24","Pyt_H"
"272",271,0.173,0.01455,0.02615,0.7863,"Python_24","Pyt_H"
"273",272,0.17405,0.0146,0.02575,0.7856,"Python_24","Pyt_H"
"274",273,0.1756,0.01455,0.0256,0.78425,"Python_24","Pyt_H"
"275",274,0.1757,0.01465,0.02525,0.7844,"Python_24","Pyt_H"
"276",275,0.17715,0.015,0.0246,0.78325,"Python_24","Pyt_H"
"277",276,0.1776,0.0156,0.02515,0.78165,"Python_24","Pyt_H"
"278",277,0.1786,0.0159,0.02595,0.77955,"Python_24","Pyt_H"
"279",278,0.1785,0.0159,0.02645,0.77915,"Python_24","Pyt_H"
"280",279,0.17875,0.01645,0.02665,0.77815,"Python_24","Pyt_H"
"281",280,0.1795,0.01675,0.02755,0.7762,"Python_24","Pyt_H"
"282",281,0.1801,0.01735,0.0279,0.77465,"Python_24","Pyt_H"
"283",282,0.18045,0.01675,0.02885,0.77395,"Python_24","Pyt_H"
"284",283,0.1803,0.01725,0.0302,0.77225,"Python_24","Pyt_H"
"285",284,0.18045,0.01765,0.0302,0.7717,"Python_24","Pyt_H"
"286",285,0.18115,0.01705,0.03115,0.77065,"Python_24","Pyt_H"
"287",286,0.18015,0.0185,0.03195,0.7694,"Python_24","Pyt_H"
"288",287,0.18035,0.0193,0.03185,0.7685,"Python_24","Pyt_H"
"289",288,0.1812,0.01925,0.0332,0.76635,"Python_24","Pyt_H"
"290",289,0.1813,0.02005,0.0329,0.76575,"Python_24","Pyt_H"
"291",290,0.18105,0.01985,0.03435,0.76475,"Python_24","Pyt_H"
"292",291,0.18035,0.01975,0.035,0.7649,"Python_24","Pyt_H"
"293",292,0.1796,0.0206,0.03585,0.76395,"Python_24","Pyt_H"
"294",293,0.17895,0.0215,0.0359,0.76365,"Python_24","Pyt_H"
"295",294,0.1793,0.0214,0.03565,0.76365,"Python_24","Pyt_H"
"296",295,0.1788,0.02175,0.0368,0.76265,"Python_24","Pyt_H"
"297",296,0.1783,0.02225,0.0382,0.76125,"Python_24","Pyt_H"
"298",297,0.17765,0.0231,0.03855,0.7607,"Python_24","Pyt_H"
"299",298,0.1758,0.02355,0.03935,0.7613,"Python_24","Pyt_H"
"300",299,0.174,0.0246,0.04055,0.76085,"Python_24","Pyt_H"
"301",300,0.1733,0.0243,0.0416,0.7608,"Python_24","Pyt_H"
"302",301,0.1711,0.02445,0.04305,0.7614,"Python_24","Pyt_H"
"303",302,0.16975,0.02525,0.0436,0.7614,"Python_24","Pyt_H"
"304",303,0.1683,0.0255,0.0439,0.7623,"Python_24","Pyt_H"
"305",304,0.16715,0.02565,0.04445,0.76275,"Python_24","Pyt_H"
"306",305,0.1649,0.02645,0.04405,0.7646,"Python_24","Pyt_H"
"307",306,0.1644,0.0267,0.0439,0.765,"Python_24","Pyt_H"
"308",307,0.16245,0.02695,0.04425,0.76635,"Python_24","Pyt_H"
"309",308,0.16115,0.0265,0.04575,0.7666,"Python_24","Pyt_H"
"310",309,0.15945,0.0272,0.0459,0.76745,"Python_24","Pyt_H"
"311",310,0.1584,0.0265,0.04705,0.76805,"Python_24","Pyt_H"
"312",311,0.15815,0.02695,0.04855,0.76635,"Python_24","Pyt_H"
"313",312,0.1571,0.02675,0.04935,0.7668,"Python_24","Pyt_H"
"314",313,0.15515,0.02675,0.0499,0.7682,"Python_24","Pyt_H"
"315",314,0.1535,0.0275,0.04925,0.76975,"Python_24","Pyt_H"
"316",315,0.15275,0.0286,0.049,0.76965,"Python_24","Pyt_H"
"317",316,0.15105,0.02685,0.0499,0.7722,"Python_24","Pyt_H"
"318",317,0.1504,0.02645,0.04865,0.7745,"Python_24","Pyt_H"
"319",318,0.1497,0.02675,0.04835,0.7752,"Python_24","Pyt_H"
"320",319,0.1492,0.02545,0.04895,0.7764,"Python_24","Pyt_H"
"321",320,0.14805,0.0256,0.04845,0.7779,"Python_24","Pyt_H"
"322",321,0.1464,0.0248,0.0485,0.7803,"Python_24","Pyt_H"
"323",322,0.14625,0.02485,0.0473,0.7816,"Python_24","Pyt_H"
"324",323,0.1458,0.02385,0.0466,0.78375,"Python_24","Pyt_H"
"325",324,0.14425,0.02515,0.0462,0.7844,"Python_24","Pyt_H"
"326",325,0.14355,0.0255,0.0462,0.78475,"Python_24","Pyt_H"
"327",326,0.14345,0.02375,0.0457,0.7871,"Python_24","Pyt_H"
"328",327,0.14395,0.0225,0.0453,0.78825,"Python_24","Pyt_H"
"329",328,0.14435,0.02245,0.04495,0.78825,"Python_24","Pyt_H"
"330",329,0.14445,0.023,0.04485,0.7877,"Python_24","Pyt_H"
"331",330,0.1438,0.0234,0.0434,0.7894,"Python_24","Pyt_H"
"332",331,0.1447,0.02195,0.04425,0.7891,"Python_24","Pyt_H"
"333",332,0.14555,0.0217,0.04375,0.789,"Python_24","Pyt_H"
"334",333,0.1458,0.02175,0.04385,0.7886,"Python_24","Pyt_H"
"335",334,0.1462,0.0222,0.04285,0.78875,"Python_24","Pyt_H"
"336",335,0.1487,0.02075,0.04265,0.7879,"Python_24","Pyt_H"
"337",336,0.14875,0.02125,0.04115,0.78885,"Python_24","Pyt_H"
"338",337,0.1495,0.022,0.03965,0.78885,"Python_24","Pyt_H"
"339",338,0.1495,0.0217,0.0396,0.7892,"Python_24","Pyt_H"
"340",339,0.1503,0.0213,0.0405,0.7879,"Python_24","Pyt_H"
"341",340,0.1516,0.0203,0.0415,0.7866,"Python_24","Pyt_H"
"342",341,0.15085,0.02115,0.0405,0.7875,"Python_24","Pyt_H"
"343",342,0.15265,0.0211,0.03995,0.7863,"Python_24","Pyt_H"
"344",343,0.1523,0.0219,0.03835,0.78745,"Python_24","Pyt_H"
"345",344,0.1516,0.022,0.0391,0.7873,"Python_24","Pyt_H"
"346",345,0.15345,0.0216,0.03845,0.7865,"Python_24","Pyt_H"
"347",346,0.15375,0.0208,0.0391,0.78635,"Python_24","Pyt_H"
"348",347,0.154,0.0205,0.0388,0.7867,"Python_24","Pyt_H"
"349",348,0.15465,0.01965,0.04015,0.78555,"Python_24","Pyt_H"
"350",349,0.15385,0.02105,0.0387,0.7864,"Python_24","Pyt_H"
"351",350,0.1544,0.02085,0.03865,0.7861,"Python_24","Pyt_H"
"352",351,0.15425,0.02085,0.03775,0.78715,"Python_24","Pyt_H"
"353",352,0.15505,0.0204,0.0371,0.78745,"Python_24","Pyt_H"
"354",353,0.15425,0.0213,0.03735,0.7871,"Python_24","Pyt_H"
"355",354,0.15495,0.0211,0.0372,0.78675,"Python_24","Pyt_H"
"356",355,0.15565,0.02105,0.038,0.7853,"Python_24","Pyt_H"
"357",356,0.15665,0.02045,0.0381,0.7848,"Python_24","Pyt_H"
"358",357,0.156,0.0218,0.0384,0.7838,"Python_24","Pyt_H"
"359",358,0.15715,0.0208,0.0382,0.78385,"Python_24","Pyt_H"
"360",359,0.15855,0.01905,0.03915,0.78325,"Python_24","Pyt_H"
"361",360,0.15775,0.0204,0.03865,0.7832,"Python_24","Pyt_H"
"362",361,0.1577,0.0202,0.03825,0.78385,"Python_24","Pyt_H"
"363",362,0.15725,0.01995,0.0389,0.7839,"Python_24","Pyt_H"
"364",363,0.1584,0.02005,0.0378,0.78375,"Python_24","Pyt_H"
"365",364,0.15705,0.02065,0.03835,0.78395,"Python_24","Pyt_H"
"366",365,0.1565,0.0208,0.03765,0.78505,"Python_24","Pyt_H"
"367",366,0.15745,0.0206,0.03725,0.7847,"Python_24","Pyt_H"
"368",367,0.1582,0.0204,0.03735,0.78405,"Python_24","Pyt_H"
"369",368,0.15925,0.01925,0.0379,0.7836,"Python_24","Pyt_H"
"370",369,0.15905,0.01945,0.038,0.7835,"Python_24","Pyt_H"
"371",370,0.15995,0.0186,0.03815,0.7833,"Python_24","Pyt_H"
"372",371,0.1606,0.0188,0.03725,0.78335,"Python_24","Pyt_H"
"373",372,0.1614,0.01905,0.0364,0.78315,"Python_24","Pyt_H"
"374",373,0.1617,0.01915,0.0365,0.78265,"Python_24","Pyt_H"
"375",374,0.16305,0.01955,0.0366,0.7808,"Python_24","Pyt_H"
"376",375,0.16285,0.01965,0.03775,0.77975,"Python_24","Pyt_H"
"377",376,0.16235,0.0198,0.0369,0.78095,"Python_24","Pyt_H"
"378",377,0.16315,0.01995,0.0365,0.7804,"Python_24","Pyt_H"
"379",378,0.1626,0.02095,0.0366,0.77985,"Python_24","Pyt_H"
"380",379,0.1636,0.02035,0.0369,0.77915,"Python_24","Pyt_H"
"381",380,0.1637,0.02015,0.03745,0.7787,"Python_24","Pyt_H"
"382",381,0.16305,0.02095,0.03765,0.77835,"Python_24","Pyt_H"
"383",382,0.1634,0.0218,0.0365,0.7783,"Python_24","Pyt_H"
"384",383,0.1653,0.02065,0.0369,0.77715,"Python_24","Pyt_H"
"385",384,0.1657,0.02125,0.03755,0.7755,"Python_24","Pyt_H"
"386",385,0.1662,0.02015,0.0378,0.77585,"Python_24","Pyt_H"
"387",386,0.1655,0.01975,0.03915,0.7756,"Python_24","Pyt_H"
"388",387,0.16545,0.0205,0.0385,0.77555,"Python_24","Pyt_H"
"389",388,0.16645,0.0207,0.03785,0.775,"Python_24","Pyt_H"
"390",389,0.16715,0.02125,0.0379,0.7737,"Python_24","Pyt_H"
"391",390,0.1678,0.02145,0.0382,0.77255,"Python_24","Pyt_H"
"392",391,0.1679,0.0209,0.0393,0.7719,"Python_24","Pyt_H"
"393",392,0.16805,0.02145,0.0391,0.7714,"Python_24","Pyt_H"
"394",393,0.1684,0.02145,0.0393,0.77085,"Python_24","Pyt_H"
"395",394,0.1688,0.0218,0.0395,0.7699,"Python_24","Pyt_H"
"396",395,0.1688,0.02265,0.03975,0.7688,"Python_24","Pyt_H"
"397",396,0.16925,0.02225,0.04055,0.76795,"Python_24","Pyt_H"
"398",397,0.1689,0.0226,0.04,0.7685,"Python_24","Pyt_H"
"399",398,0.16925,0.0229,0.0403,0.76755,"Python_24","Pyt_H"
"400",399,0.1683,0.0227,0.0404,0.7686,"Python_24","Pyt_H"
"401",400,0.1684,0.02295,0.0401,0.76855,"Python_24","Pyt_H"
"402",401,0.16935,0.02265,0.04,0.768,"Python_24","Pyt_H"
"403",402,0.16905,0.022,0.0401,0.76885,"Python_24","Pyt_H"
"404",403,0.1697,0.0221,0.04075,0.76745,"Python_24","Pyt_H"
"405",404,0.1696,0.021,0.04095,0.76845,"Python_24","Pyt_H"
"406",405,0.16755,0.022,0.04065,0.7698,"Python_24","Pyt_H"
"407",406,0.16785,0.0211,0.04065,0.7704,"Python_24","Pyt_H"
"408",407,0.1683,0.0205,0.04055,0.77065,"Python_24","Pyt_H"
"409",408,0.1676,0.02065,0.0411,0.77065,"Python_24","Pyt_H"
"410",409,0.16575,0.02305,0.03975,0.77145,"Python_24","Pyt_H"
"411",410,0.16555,0.02345,0.03955,0.77145,"Python_24","Pyt_H"
"412",411,0.16555,0.0218,0.04205,0.7706,"Python_24","Pyt_H"
"413",412,0.1655,0.02315,0.04135,0.77,"Python_24","Pyt_H"
"414",413,0.1644,0.0241,0.0407,0.7708,"Python_24","Pyt_H"
"415",414,0.16345,0.02355,0.04115,0.77185,"Python_24","Pyt_H"
"416",415,0.1641,0.0223,0.04175,0.77185,"Python_24","Pyt_H"
"417",416,0.1634,0.02115,0.0429,0.77255,"Python_24","Pyt_H"
"418",417,0.1627,0.02095,0.0438,0.77255,"Python_24","Pyt_H"
"419",418,0.16075,0.02245,0.0428,0.774,"Python_24","Pyt_H"
"420",419,0.1602,0.02295,0.0422,0.77465,"Python_24","Pyt_H"
"421",420,0.15965,0.0235,0.04155,0.7753,"Python_24","Pyt_H"
"422",421,0.1595,0.02285,0.04175,0.7759,"Python_24","Pyt_H"
"423",422,0.16025,0.02365,0.0415,0.7746,"Python_24","Pyt_H"
"424",423,0.1593,0.02335,0.0418,0.77555,"Python_24","Pyt_H"
"425",424,0.1585,0.02305,0.04215,0.7763,"Python_24","Pyt_H"
"426",425,0.15835,0.0241,0.04125,0.7763,"Python_24","Pyt_H"
"427",426,0.1575,0.02385,0.041,0.77765,"Python_24","Pyt_H"
"428",427,0.1572,0.023,0.04255,0.77725,"Python_24","Pyt_H"
"429",428,0.15825,0.0212,0.04315,0.7774,"Python_24","Pyt_H"
"430",429,0.15845,0.02005,0.04385,0.77765,"Python_24","Pyt_H"
"431",430,0.1572,0.02175,0.04325,0.7778,"Python_24","Pyt_H"
"432",431,0.1566,0.0218,0.04315,0.77845,"Python_24","Pyt_H"
"433",432,0.15505,0.02325,0.04275,0.77895,"Python_24","Pyt_H"
"434",433,0.156,0.02265,0.0421,0.77925,"Python_24","Pyt_H"
"435",434,0.15515,0.0228,0.04245,0.7796,"Python_24","Pyt_H"
"436",435,0.1549,0.02315,0.0422,0.77975,"Python_24","Pyt_H"
"437",436,0.155,0.0231,0.04165,0.78025,"Python_24","Pyt_H"
"438",437,0.15515,0.02275,0.0423,0.7798,"Python_24","Pyt_H"
"439",438,0.15405,0.0237,0.0417,0.78055,"Python_24","Pyt_H"
"440",439,0.15345,0.0228,0.04235,0.7814,"Python_24","Pyt_H"
"441",440,0.1531,0.0236,0.0417,0.7816,"Python_24","Pyt_H"
"442",441,0.1537,0.02295,0.04175,0.7816,"Python_24","Pyt_H"
"443",442,0.15475,0.02315,0.0417,0.7804,"Python_24","Pyt_H"
"444",443,0.15475,0.0227,0.0419,0.78065,"Python_24","Pyt_H"
"445",444,0.15475,0.02235,0.04155,0.78135,"Python_24","Pyt_H"
"446",445,0.1543,0.02245,0.04075,0.7825,"Python_24","Pyt_H"
"447",446,0.1546,0.02285,0.04115,0.7814,"Python_24","Pyt_H"
"448",447,0.1556,0.02225,0.0411,0.78105,"Python_24","Pyt_H"
"449",448,0.15565,0.022,0.04225,0.7801,"Python_24","Pyt_H"
"450",449,0.15555,0.0224,0.04105,0.781,"Python_24","Pyt_H"
"451",450,0.1555,0.02145,0.0409,0.78215,"Python_24","Pyt_H"
"452",451,0.15425,0.02295,0.0406,0.7822,"Python_24","Pyt_H"
"453",452,0.15485,0.02215,0.0401,0.7829,"Python_24","Pyt_H"
"454",453,0.1541,0.02255,0.04115,0.7822,"Python_24","Pyt_H"
"455",454,0.15355,0.02295,0.0415,0.782,"Python_24","Pyt_H"
"456",455,0.152,0.0233,0.04185,0.78285,"Python_24","Pyt_H"
"457",456,0.15175,0.0235,0.04315,0.7816,"Python_24","Pyt_H"
"458",457,0.15085,0.0233,0.0443,0.78155,"Python_24","Pyt_H"
"459",458,0.15115,0.02295,0.0431,0.7828,"Python_24","Pyt_H"
"460",459,0.15085,0.02335,0.04265,0.78315,"Python_24","Pyt_H"
"461",460,0.14985,0.02325,0.0422,0.7847,"Python_24","Pyt_H"
"462",461,0.1505,0.0231,0.04195,0.78445,"Python_24","Pyt_H"
"463",462,0.1501,0.02275,0.0425,0.78465,"Python_24","Pyt_H"
"464",463,0.14995,0.0224,0.04255,0.7851,"Python_24","Pyt_H"
"465",464,0.15,0.0225,0.0419,0.7856,"Python_24","Pyt_H"
"466",465,0.1503,0.0216,0.04165,0.78645,"Python_24","Pyt_H"
"467",466,0.14975,0.02165,0.04125,0.78735,"Python_24","Pyt_H"
"468",467,0.14915,0.02195,0.04145,0.78745,"Python_24","Pyt_H"
"469",468,0.14925,0.0225,0.04155,0.7867,"Python_24","Pyt_H"
"470",469,0.149,0.02255,0.04105,0.7874,"Python_24","Pyt_H"
"471",470,0.1489,0.02195,0.0416,0.78755,"Python_24","Pyt_H"
"472",471,0.14995,0.02115,0.0418,0.7871,"Python_24","Pyt_H"
"473",472,0.1497,0.02125,0.0415,0.78755,"Python_24","Pyt_H"
"474",473,0.14985,0.02175,0.0419,0.7865,"Python_24","Pyt_H"
"475",474,0.15005,0.02195,0.041,0.787,"Python_24","Pyt_H"
"476",475,0.14885,0.0228,0.0396,0.78875,"Python_24","Pyt_H"
"477",476,0.14915,0.0229,0.04,0.78795,"Python_24","Pyt_H"
"478",477,0.14955,0.02325,0.03985,0.78735,"Python_24","Pyt_H"
"479",478,0.14975,0.0219,0.0406,0.78775,"Python_24","Pyt_H"
"480",479,0.1499,0.02215,0.0404,0.78755,"Python_24","Pyt_H"
"481",480,0.15075,0.02245,0.04065,0.78615,"Python_24","Pyt_H"
"482",481,0.15195,0.02215,0.0407,0.7852,"Python_24","Pyt_H"
"483",482,0.15145,0.02095,0.04215,0.78545,"Python_24","Pyt_H"
"484",483,0.15195,0.0202,0.0423,0.78555,"Python_24","Pyt_H"
"485",484,0.1521,0.02135,0.04075,0.7858,"Python_24","Pyt_H"
"486",485,0.1517,0.02155,0.04025,0.7865,"Python_24","Pyt_H"
"487",486,0.1529,0.0205,0.03975,0.78685,"Python_24","Pyt_H"
"488",487,0.1553,0.0193,0.03985,0.78555,"Python_24","Pyt_H"
"489",488,0.15575,0.0196,0.03965,0.785,"Python_24","Pyt_H"
"490",489,0.15575,0.01945,0.0399,0.7849,"Python_24","Pyt_H"
"491",490,0.1562,0.0199,0.0395,0.7844,"Python_24","Pyt_H"
"492",491,0.1557,0.02115,0.0377,0.78545,"Python_24","Pyt_H"
"493",492,0.15615,0.0201,0.03735,0.7864,"Python_24","Pyt_H"
"494",493,0.158,0.01965,0.03825,0.7841,"Python_24","Pyt_H"
"495",494,0.1572,0.0203,0.03965,0.78285,"Python_24","Pyt_H"
"496",495,0.1576,0.02035,0.03905,0.783,"Python_24","Pyt_H"
"497",496,0.1586,0.0193,0.03965,0.78245,"Python_24","Pyt_H"
"498",497,0.15735,0.0204,0.0391,0.78315,"Python_24","Pyt_H"
"499",498,0.15845,0.0204,0.0389,0.78225,"Python_24","Pyt_H"
"500",499,0.1592,0.0204,0.0373,0.7831,"Python_24","Pyt_H"
"501",500,0.15985,0.0212,0.0373,0.78165,"Python_24","Pyt_H"
"502",501,0.16,0.0209,0.038,0.7811,"Python_24","Pyt_H"
"503",502,0.1607,0.02015,0.0384,0.78075,"Python_24","Pyt_H"
"504",503,0.1617,0.0204,0.0379,0.78,"Python_24","Pyt_H"
"505",504,0.16155,0.02085,0.0377,0.7799,"Python_24","Pyt_H"
"506",505,0.1613,0.02195,0.03655,0.7802,"Python_24","Pyt_H"
"507",506,0.16085,0.02255,0.0372,0.7794,"Python_24","Pyt_H"
"508",507,0.16145,0.0225,0.03795,0.7781,"Python_24","Pyt_H"
"509",508,0.1621,0.0214,0.03955,0.77695,"Python_24","Pyt_H"
"510",509,0.16165,0.0223,0.0401,0.77595,"Python_24","Pyt_H"
"511",510,0.161,0.0233,0.0399,0.7758,"Python_24","Pyt_H"
"512",511,0.16015,0.0241,0.0405,0.77525,"Python_24","Pyt_H"
"513",512,0.1605,0.0236,0.0423,0.7736,"Python_24","Pyt_H"
"514",513,0.161,0.0232,0.0422,0.7736,"Python_24","Pyt_H"
"515",514,0.1602,0.02335,0.04235,0.7741,"Python_24","Pyt_H"
"516",515,0.1614,0.02215,0.043,0.77345,"Python_24","Pyt_H"
"517",516,0.1616,0.02215,0.04295,0.7733,"Python_24","Pyt_H"
"518",517,0.1619,0.0218,0.042,0.7743,"Python_24","Pyt_H"
"519",518,0.16105,0.0212,0.04185,0.7759,"Python_24","Pyt_H"
"520",519,0.16105,0.02115,0.04255,0.77525,"Python_24","Pyt_H"
"521",520,0.16005,0.0231,0.0418,0.77505,"Python_24","Pyt_H"
"522",521,0.15965,0.0236,0.04105,0.7757,"Python_24","Pyt_H"
"523",522,0.15915,0.0239,0.0413,0.77565,"Python_24","Pyt_H"
"524",523,0.15925,0.0242,0.04165,0.7749,"Python_24","Pyt_H"
"525",524,0.15935,0.0239,0.04215,0.7746,"Python_24","Pyt_H"
"526",525,0.1592,0.0236,0.0422,0.775,"Python_24","Pyt_H"
"527",526,0.15885,0.0233,0.04325,0.7746,"Python_24","Pyt_H"
"528",527,0.15785,0.024,0.04365,0.7745,"Python_24","Pyt_H"
"529",528,0.1571,0.02485,0.04255,0.7755,"Python_24","Pyt_H"
"530",529,0.15805,0.02445,0.0424,0.7751,"Python_24","Pyt_H"
"531",530,0.15795,0.0241,0.0426,0.77535,"Python_24","Pyt_H"
"532",531,0.1575,0.024,0.0432,0.7753,"Python_24","Pyt_H"
"533",532,0.1571,0.02445,0.04435,0.7741,"Python_24","Pyt_H"
"534",533,0.1559,0.0249,0.0441,0.7751,"Python_24","Pyt_H"
"535",534,0.15715,0.0235,0.0452,0.77415,"Python_24","Pyt_H"
"536",535,0.1575,0.0238,0.04535,0.77335,"Python_24","Pyt_H"
"537",536,0.15575,0.0251,0.04465,0.7745,"Python_24","Pyt_H"
"538",537,0.15645,0.02495,0.04335,0.77525,"Python_24","Pyt_H"
"539",538,0.1551,0.02495,0.04355,0.7764,"Python_24","Pyt_H"
"540",539,0.15465,0.02515,0.0438,0.7764,"Python_24","Pyt_H"
"541",540,0.1564,0.0228,0.0439,0.7769,"Python_24","Pyt_H"
"542",541,0.15705,0.02285,0.04305,0.77705,"Python_24","Pyt_H"
"543",542,0.15665,0.0237,0.04215,0.7775,"Python_24","Pyt_H"
"544",543,0.1561,0.0236,0.04335,0.77695,"Python_24","Pyt_H"
"545",544,0.1562,0.02365,0.0429,0.77725,"Python_24","Pyt_H"
"546",545,0.15635,0.02375,0.043,0.7769,"Python_24","Pyt_H"
"547",546,0.155,0.02415,0.04325,0.7776,"Python_24","Pyt_H"
"548",547,0.1546,0.02455,0.04355,0.7773,"Python_24","Pyt_H"
"549",548,0.155,0.02405,0.04395,0.777,"Python_24","Pyt_H"
"550",549,0.1543,0.0229,0.04455,0.77825,"Python_24","Pyt_H"
"551",550,0.1531,0.02275,0.0456,0.77855,"Python_24","Pyt_H"
"552",551,0.1539,0.0236,0.0447,0.7778,"Python_24","Pyt_H"
"553",552,0.1542,0.0237,0.045,0.7771,"Python_24","Pyt_H"
"554",553,0.1543,0.0231,0.04465,0.77795,"Python_24","Pyt_H"
"555",554,0.15405,0.0236,0.04415,0.7782,"Python_24","Pyt_H"
"556",555,0.1536,0.0248,0.0438,0.7778,"Python_24","Pyt_H"
"557",556,0.1539,0.0256,0.04375,0.77675,"Python_24","Pyt_H"
"558",557,0.15335,0.0264,0.04345,0.7768,"Python_24","Pyt_H"
"559",558,0.15325,0.0254,0.04495,0.7764,"Python_24","Pyt_H"
"560",559,0.1538,0.0239,0.04585,0.77645,"Python_24","Pyt_H"
"561",560,0.1534,0.0236,0.04695,0.77605,"Python_24","Pyt_H"
"562",561,0.1524,0.0246,0.04685,0.77615,"Python_24","Pyt_H"
"563",562,0.152,0.0244,0.0469,0.7767,"Python_24","Pyt_H"
"564",563,0.15155,0.02395,0.0468,0.7777,"Python_24","Pyt_H"
"565",564,0.1523,0.0238,0.04615,0.77775,"Python_24","Pyt_H"
"566",565,0.15165,0.02345,0.04615,0.77875,"Python_24","Pyt_H"
"567",566,0.15145,0.02325,0.04685,0.77845,"Python_24","Pyt_H"
"568",567,0.1503,0.02385,0.04715,0.7787,"Python_24","Pyt_H"
"569",568,0.1494,0.0252,0.0455,0.7799,"Python_24","Pyt_H"
"570",569,0.14945,0.0248,0.04485,0.7809,"Python_24","Pyt_H"
"571",570,0.14965,0.02345,0.04565,0.78125,"Python_24","Pyt_H"
"572",571,0.14985,0.0239,0.0452,0.78105,"Python_24","Pyt_H"
"573",572,0.15005,0.0251,0.04335,0.7815,"Python_24","Pyt_H"
"574",573,0.15,0.0246,0.04385,0.78155,"Python_24","Pyt_H"
"575",574,0.15,0.0252,0.04365,0.78115,"Python_24","Pyt_H"
"576",575,0.1488,0.025,0.04385,0.78235,"Python_24","Pyt_H"
"577",576,0.1477,0.0248,0.0444,0.7831,"Python_24","Pyt_H"
"578",577,0.1474,0.02395,0.04565,0.783,"Python_24","Pyt_H"
"579",578,0.148,0.0245,0.0453,0.7822,"Python_24","Pyt_H"
"580",579,0.1477,0.023,0.04485,0.78445,"Python_24","Pyt_H"
"581",580,0.14835,0.02225,0.0454,0.784,"Python_24","Pyt_H"
"582",581,0.14845,0.02295,0.04525,0.78335,"Python_24","Pyt_H"
"583",582,0.1488,0.0236,0.04485,0.78275,"Python_24","Pyt_H"
"584",583,0.1487,0.02365,0.0444,0.78325,"Python_24","Pyt_H"
"585",584,0.14825,0.02445,0.0435,0.7838,"Python_24","Pyt_H"
"586",585,0.14875,0.02405,0.0443,0.7829,"Python_24","Pyt_H"
"587",586,0.1494,0.02425,0.04335,0.783,"Python_24","Pyt_H"
"588",587,0.15155,0.02205,0.04325,0.78315,"Python_24","Pyt_H"
"589",588,0.1535,0.0203,0.0442,0.782,"Python_24","Pyt_H"
"590",589,0.1541,0.0202,0.04395,0.78175,"Python_24","Pyt_H"
"591",590,0.15435,0.0202,0.0433,0.78215,"Python_24","Pyt_H"
"592",591,0.1555,0.01995,0.0432,0.78135,"Python_24","Pyt_H"
"593",592,0.1554,0.02055,0.04195,0.7821,"Python_24","Pyt_H"
"594",593,0.15635,0.021,0.0409,0.78175,"Python_24","Pyt_H"
"595",594,0.15705,0.0211,0.03995,0.7819,"Python_24","Pyt_H"
"596",595,0.1585,0.02025,0.03915,0.7821,"Python_24","Pyt_H"
"597",596,0.1578,0.02145,0.0389,0.78185,"Python_24","Pyt_H"
"598",597,0.15905,0.0201,0.0404,0.78045,"Python_24","Pyt_H"
"599",598,0.15965,0.0198,0.0402,0.78035,"Python_24","Pyt_H"
"600",599,0.15825,0.02075,0.03955,0.78145,"Python_24","Pyt_H"
"601",600,0.1583,0.02125,0.039,0.78145,"Python_24","Pyt_H"
"602",601,0.15945,0.0208,0.0388,0.78095,"Python_24","Pyt_H"
"603",602,0.15945,0.0217,0.03835,0.7805,"Python_24","Pyt_H"
"604",603,0.1604,0.0216,0.03775,0.78025,"Python_24","Pyt_H"
"605",604,0.16045,0.0217,0.03705,0.7808,"Python_24","Pyt_H"
"606",605,0.1618,0.0207,0.03805,0.77945,"Python_24","Pyt_H"
"607",606,0.16305,0.0193,0.03865,0.779,"Python_24","Pyt_H"
"608",607,0.16345,0.0216,0.0377,0.77725,"Python_24","Pyt_H"
"609",608,0.164,0.0212,0.0384,0.7764,"Python_24","Pyt_H"
"610",609,0.16525,0.0206,0.039,0.77515,"Python_24","Pyt_H"
"611",610,0.165,0.02105,0.03825,0.7757,"Python_24","Pyt_H"
"612",611,0.1654,0.0205,0.0389,0.7752,"Python_24","Pyt_H"
"613",612,0.16455,0.02155,0.03845,0.77545,"Python_24","Pyt_H"
"614",613,0.1651,0.02165,0.03755,0.7757,"Python_24","Pyt_H"
"615",614,0.1643,0.0226,0.03705,0.77605,"Python_24","Pyt_H"
"616",615,0.16445,0.02175,0.03815,0.77565,"Python_24","Pyt_H"
"617",616,0.1645,0.0214,0.03875,0.77535,"Python_24","Pyt_H"
"618",617,0.16395,0.02115,0.0394,0.7755,"Python_24","Pyt_H"
"619",618,0.16485,0.01935,0.0402,0.7756,"Python_24","Pyt_H"
"620",619,0.16635,0.01915,0.0398,0.7747,"Python_24","Pyt_H"
"621",620,0.16575,0.02035,0.03865,0.77525,"Python_24","Pyt_H"
"622",621,0.1652,0.02225,0.03695,0.7756,"Python_24","Pyt_H"
"623",622,0.16575,0.02185,0.0379,0.7745,"Python_24","Pyt_H"
"624",623,0.16595,0.0218,0.0384,0.77385,"Python_24","Pyt_H"
"625",624,0.1655,0.02135,0.0393,0.77385,"Python_24","Pyt_H"
"626",625,0.16555,0.02225,0.0395,0.7727,"Python_24","Pyt_H"
"627",626,0.1663,0.02215,0.03925,0.7723,"Python_24","Pyt_H"
"628",627,0.16565,0.0231,0.0392,0.77205,"Python_24","Pyt_H"
"629",628,0.1655,0.0238,0.03945,0.77125,"Python_24","Pyt_H"
"630",629,0.1667,0.0224,0.0407,0.7702,"Python_24","Pyt_H"
"631",630,0.1663,0.02275,0.03975,0.7712,"Python_24","Pyt_H"
"632",631,0.16805,0.0208,0.041,0.77015,"Python_24","Pyt_H"
"633",632,0.16775,0.02115,0.0413,0.7698,"Python_24","Pyt_H"
"634",633,0.16775,0.0212,0.0408,0.77025,"Python_24","Pyt_H"
"635",634,0.16825,0.01985,0.04095,0.77095,"Python_24","Pyt_H"
"636",635,0.1689,0.01985,0.04055,0.7707,"Python_24","Pyt_H"
"637",636,0.1693,0.02085,0.0401,0.76975,"Python_24","Pyt_H"
"638",637,0.16875,0.0205,0.04035,0.7704,"Python_24","Pyt_H"
"639",638,0.1683,0.0215,0.0404,0.7698,"Python_24","Pyt_H"
"640",639,0.1681,0.0224,0.0393,0.7702,"Python_24","Pyt_H"
"641",640,0.1681,0.02335,0.039,0.76955,"Python_24","Pyt_H"
"642",641,0.1688,0.02255,0.03905,0.7696,"Python_24","Pyt_H"
"643",642,0.1678,0.02295,0.04045,0.7688,"Python_24","Pyt_H"
"644",643,0.16835,0.0227,0.0407,0.76825,"Python_24","Pyt_H"
"645",644,0.16755,0.02315,0.04065,0.76865,"Python_24","Pyt_H"
"646",645,0.1675,0.0227,0.04165,0.76815,"Python_24","Pyt_H"
"647",646,0.1662,0.0239,0.0411,0.7688,"Python_24","Pyt_H"
"648",647,0.16525,0.02395,0.0418,0.769,"Python_24","Pyt_H"
"649",648,0.16545,0.02355,0.0424,0.7686,"Python_24","Pyt_H"
"650",649,0.16455,0.0242,0.0433,0.76795,"Python_24","Pyt_H"
"651",650,0.1624,0.02515,0.04355,0.7689,"Python_24","Pyt_H"
"652",651,0.1614,0.025,0.04455,0.76905,"Python_24","Pyt_H"
"653",652,0.1614,0.0243,0.0451,0.7692,"Python_24","Pyt_H"
"654",653,0.161,0.02295,0.04585,0.7702,"Python_24","Pyt_H"
"655",654,0.1584,0.02415,0.0458,0.77165,"Python_24","Pyt_H"
"656",655,0.157,0.02435,0.04525,0.7734,"Python_24","Pyt_H"
"657",656,0.15625,0.02415,0.0457,0.7739,"Python_24","Pyt_H"
"658",657,0.15555,0.0253,0.0449,0.77425,"Python_24","Pyt_H"
"659",658,0.1557,0.025,0.044,0.7753,"Python_24","Pyt_H"
"660",659,0.15515,0.02435,0.04485,0.77565,"Python_24","Pyt_H"
"661",660,0.1545,0.02365,0.045,0.77685,"Python_24","Pyt_H"
