"","step","S","E","I","R","simu","Langage"
"1",0,0.999,0,0.001,0,"Python_22","Pyt_H"
"2",1,0.9982,8e-04,0.001,0,"Python_22","Pyt_H"
"3",2,0.9976,0.0014,0.00095,5e-05,"Python_22","Pyt_H"
"4",3,0.9967,0.0021,0.0011,1e-04,"Python_22","Pyt_H"
"5",4,0.9957,0.0027,0.00125,0.00035,"Python_22","Pyt_H"
"6",5,0.99435,0.00355,0.0016,5e-04,"Python_22","Pyt_H"
"7",6,0.9928,0.0046,0.00205,0.00055,"Python_22","Pyt_H"
"8",7,0.99105,0.00545,0.00265,0.00085,"Python_22","Pyt_H"
"9",8,0.98825,0.0072,0.00355,0.001,"Python_22","Pyt_H"
"10",9,0.98505,0.0091,0.0044,0.00145,"Python_22","Pyt_H"
"11",10,0.9809,0.0112,0.00615,0.00175,"Python_22","Pyt_H"
"12",11,0.97525,0.0151,0.0076,0.00205,"Python_22","Pyt_H"
"13",12,0.969,0.0187,0.00965,0.00265,"Python_22","Pyt_H"
"14",13,0.9605,0.0234,0.0124,0.0037,"Python_22","Pyt_H"
"15",14,0.94815,0.0312,0.01555,0.0051,"Python_22","Pyt_H"
"16",15,0.9361,0.0381,0.0196,0.0062,"Python_22","Pyt_H"
"17",16,0.9196,0.04635,0.02575,0.0083,"Python_22","Pyt_H"
"18",17,0.89775,0.059,0.03205,0.0112,"Python_22","Pyt_H"
"19",18,0.8737,0.0722,0.04025,0.01385,"Python_22","Pyt_H"
"20",19,0.8445,0.0874,0.0506,0.0175,"Python_22","Pyt_H"
"21",20,0.80765,0.1067,0.06385,0.0218,"Python_22","Pyt_H"
"22",21,0.7656,0.12995,0.07625,0.0282,"Python_22","Pyt_H"
"23",22,0.7165,0.15535,0.0915,0.03665,"Python_22","Pyt_H"
"24",23,0.6637,0.1788,0.11185,0.04565,"Python_22","Pyt_H"
"25",24,0.60495,0.2009,0.1375,0.05665,"Python_22","Pyt_H"
"26",25,0.535,0.2317,0.16355,0.06975,"Python_22","Pyt_H"
"27",26,0.46485,0.25915,0.1889,0.0871,"Python_22","Pyt_H"
"28",27,0.40005,0.26985,0.222,0.1081,"Python_22","Pyt_H"
"29",28,0.33065,0.28225,0.25585,0.13125,"Python_22","Pyt_H"
"30",29,0.2664,0.2859,0.28995,0.15775,"Python_22","Pyt_H"
"31",30,0.20815,0.28305,0.32065,0.18815,"Python_22","Pyt_H"
"32",31,0.1595,0.26915,0.34875,0.2226,"Python_22","Pyt_H"
"33",32,0.1188,0.2472,0.37365,0.26035,"Python_22","Pyt_H"
"34",33,0.0867,0.21915,0.392,0.30215,"Python_22","Pyt_H"
"35",34,0.0637,0.1878,0.4006,0.3479,"Python_22","Pyt_H"
"36",35,0.0467,0.1586,0.4009,0.3938,"Python_22","Pyt_H"
"37",36,0.03575,0.13065,0.39455,0.43905,"Python_22","Pyt_H"
"38",37,0.0269,0.10545,0.38355,0.4841,"Python_22","Pyt_H"
"39",38,0.022,0.0836,0.36585,0.52855,"Python_22","Pyt_H"
"40",39,0.0175,0.06795,0.3431,0.57145,"Python_22","Pyt_H"
"41",40,0.0155,0.05505,0.31685,0.6126,"Python_22","Pyt_H"
"42",41,0.01355,0.0449,0.29165,0.6499,"Python_22","Pyt_H"
"43",42,0.0115,0.0363,0.2638,0.6884,"Python_22","Pyt_H"
"44",43,0.012,0.0292,0.2396,0.7192,"Python_22","Pyt_H"
"45",44,0.01215,0.0234,0.21865,0.7458,"Python_22","Pyt_H"
"46",45,0.01265,0.01865,0.19535,0.77335,"Python_22","Pyt_H"
"47",46,0.01415,0.0151,0.1748,0.79595,"Python_22","Pyt_H"
"48",47,0.0156,0.0121,0.156,0.8163,"Python_22","Pyt_H"
"49",48,0.0161,0.01025,0.138,0.83565,"Python_22","Pyt_H"
"50",49,0.01675,0.00905,0.12355,0.85065,"Python_22","Pyt_H"
"51",50,0.01865,0.0074,0.10955,0.8644,"Python_22","Pyt_H"
"52",51,0.0201,0.00685,0.09635,0.8767,"Python_22","Pyt_H"
"53",52,0.022,0.0066,0.08555,0.88585,"Python_22","Pyt_H"
"54",53,0.0234,0.00635,0.07625,0.894,"Python_22","Pyt_H"
"55",54,0.0255,0.00635,0.06725,0.9009,"Python_22","Pyt_H"
"56",55,0.02745,0.00585,0.05995,0.90675,"Python_22","Pyt_H"
"57",56,0.02925,0.00515,0.0535,0.9121,"Python_22","Pyt_H"
"58",57,0.0313,0.0051,0.0476,0.916,"Python_22","Pyt_H"
"59",58,0.034,0.00485,0.0423,0.91885,"Python_22","Pyt_H"
"60",59,0.03615,0.0053,0.0382,0.92035,"Python_22","Pyt_H"
"61",60,0.0382,0.00525,0.0339,0.92265,"Python_22","Pyt_H"
"62",61,0.0399,0.0047,0.03025,0.92515,"Python_22","Pyt_H"
"63",62,0.04295,0.00445,0.02655,0.92605,"Python_22","Pyt_H"
"64",63,0.04565,0.0037,0.02425,0.9264,"Python_22","Pyt_H"
"65",64,0.04805,0.00345,0.02195,0.92655,"Python_22","Pyt_H"
"66",65,0.0508,0.0034,0.0195,0.9263,"Python_22","Pyt_H"
"67",66,0.05335,0.0029,0.01745,0.9263,"Python_22","Pyt_H"
"68",67,0.0559,0.0029,0.0156,0.9256,"Python_22","Pyt_H"
"69",68,0.059,0.0028,0.01395,0.92425,"Python_22","Pyt_H"
"70",69,0.06175,0.00245,0.0126,0.9232,"Python_22","Pyt_H"
"71",70,0.06445,0.00255,0.0113,0.9217,"Python_22","Pyt_H"
"72",71,0.06745,0.00245,0.01,0.9201,"Python_22","Pyt_H"
"73",72,0.07,0.00225,0.009,0.91875,"Python_22","Pyt_H"
"74",73,0.0728,0.0021,0.0083,0.9168,"Python_22","Pyt_H"
"75",74,0.0756,0.0021,0.0075,0.9148,"Python_22","Pyt_H"
"76",75,0.0777,0.00225,0.007,0.91305,"Python_22","Pyt_H"
"77",76,0.08,0.00215,0.0066,0.91125,"Python_22","Pyt_H"
"78",77,0.08225,0.00215,0.00625,0.90935,"Python_22","Pyt_H"
"79",78,0.0854,0.0018,0.0059,0.9069,"Python_22","Pyt_H"
"80",79,0.08775,0.0019,0.00545,0.9049,"Python_22","Pyt_H"
"81",80,0.09115,0.0016,0.0053,0.90195,"Python_22","Pyt_H"
"82",81,0.09355,0.00155,0.00465,0.90025,"Python_22","Pyt_H"
"83",82,0.0965,0.00165,0.0043,0.89755,"Python_22","Pyt_H"
"84",83,0.0997,0.0015,0.0038,0.895,"Python_22","Pyt_H"
"85",84,0.1027,0.0012,0.00385,0.89225,"Python_22","Pyt_H"
"86",85,0.10545,0.0016,0.0037,0.88925,"Python_22","Pyt_H"
"87",86,0.10855,0.00145,0.00355,0.88645,"Python_22","Pyt_H"
"88",87,0.1114,0.0015,0.00325,0.88385,"Python_22","Pyt_H"
"89",88,0.1129,0.0014,0.00315,0.88255,"Python_22","Pyt_H"
"90",89,0.1158,0.00135,0.0032,0.87965,"Python_22","Pyt_H"
"91",90,0.1186,0.0013,0.0029,0.8772,"Python_22","Pyt_H"
"92",91,0.12085,0.0014,0.00265,0.8751,"Python_22","Pyt_H"
"93",92,0.1233,0.00125,0.00255,0.8729,"Python_22","Pyt_H"
"94",93,0.12565,0.00105,0.0025,0.8708,"Python_22","Pyt_H"
"95",94,0.12825,0.00095,0.0021,0.8687,"Python_22","Pyt_H"
"96",95,0.1313,0.00075,0.00215,0.8658,"Python_22","Pyt_H"
"97",96,0.13365,8e-04,0.0019,0.86365,"Python_22","Pyt_H"
"98",97,0.1362,8e-04,0.0018,0.8612,"Python_22","Pyt_H"
"99",98,0.13915,9e-04,0.0017,0.85825,"Python_22","Pyt_H"
"100",99,0.14165,0.00085,0.00165,0.85585,"Python_22","Pyt_H"
"101",100,0.1439,0.00095,0.0013,0.85385,"Python_22","Pyt_H"
"102",101,0.1467,0.001,0.0013,0.851,"Python_22","Pyt_H"
"103",102,0.1498,7e-04,0.0015,0.848,"Python_22","Pyt_H"
"104",103,0.1528,7e-04,0.0014,0.8451,"Python_22","Pyt_H"
"105",104,0.1551,0.00075,0.0014,0.84275,"Python_22","Pyt_H"
"106",105,0.1575,8e-04,0.0014,0.8403,"Python_22","Pyt_H"
"107",106,0.15985,0.00095,0.00115,0.83805,"Python_22","Pyt_H"
"108",107,0.1622,9e-04,0.00125,0.83565,"Python_22","Pyt_H"
"109",108,0.16495,9e-04,0.00125,0.8329,"Python_22","Pyt_H"
"110",109,0.1669,7e-04,0.00135,0.83105,"Python_22","Pyt_H"
"111",110,0.1692,7e-04,0.0014,0.8287,"Python_22","Pyt_H"
"112",111,0.17125,0.00065,0.0013,0.8268,"Python_22","Pyt_H"
"113",112,0.1743,6e-04,0.00145,0.82365,"Python_22","Pyt_H"
"114",113,0.1773,6e-04,0.00125,0.82085,"Python_22","Pyt_H"
"115",114,0.17895,0.00075,0.00115,0.81915,"Python_22","Pyt_H"
"116",115,0.18135,0.00095,0.0011,0.8166,"Python_22","Pyt_H"
"117",116,0.18385,0.001,0.0012,0.81395,"Python_22","Pyt_H"
"118",117,0.1867,0.00095,0.00135,0.811,"Python_22","Pyt_H"
"119",118,0.1886,0.00095,0.0015,0.80895,"Python_22","Pyt_H"
"120",119,0.1912,9e-04,0.00155,0.80635,"Python_22","Pyt_H"
"121",120,0.1932,0.00105,0.00155,0.8042,"Python_22","Pyt_H"
"122",121,0.1956,0.00125,0.0013,0.80185,"Python_22","Pyt_H"
"123",122,0.19785,0.0012,0.00125,0.7997,"Python_22","Pyt_H"
"124",123,0.19935,0.00125,0.00115,0.79825,"Python_22","Pyt_H"
"125",124,0.2015,0.00095,0.00135,0.7962,"Python_22","Pyt_H"
"126",125,0.2036,0.0013,0.00135,0.79375,"Python_22","Pyt_H"
"127",126,0.2062,0.00115,0.00135,0.7913,"Python_22","Pyt_H"
"128",127,0.20845,0.001,0.0014,0.78915,"Python_22","Pyt_H"
"129",128,0.21005,0.00105,0.00145,0.78745,"Python_22","Pyt_H"
"130",129,0.2119,0.0011,0.00155,0.78545,"Python_22","Pyt_H"
"131",130,0.2144,0.00105,0.00175,0.7828,"Python_22","Pyt_H"
"132",131,0.2165,0.0013,0.00175,0.78045,"Python_22","Pyt_H"
"133",132,0.21835,0.00125,0.0018,0.7786,"Python_22","Pyt_H"
"134",133,0.2205,0.001,0.0019,0.7766,"Python_22","Pyt_H"
"135",134,0.2225,0.00115,0.00205,0.7743,"Python_22","Pyt_H"
"136",135,0.225,0.0012,0.002,0.7718,"Python_22","Pyt_H"
"137",136,0.22675,0.0014,0.00205,0.7698,"Python_22","Pyt_H"
"138",137,0.22935,0.00155,0.0021,0.767,"Python_22","Pyt_H"
"139",138,0.23145,0.0015,0.0024,0.76465,"Python_22","Pyt_H"
"140",139,0.2335,0.00145,0.0025,0.76255,"Python_22","Pyt_H"
"141",140,0.2355,0.0015,0.00255,0.76045,"Python_22","Pyt_H"
"142",141,0.2376,0.00175,0.0027,0.75795,"Python_22","Pyt_H"
"143",142,0.2398,0.0021,0.00265,0.75545,"Python_22","Pyt_H"
"144",143,0.24145,0.0022,0.00265,0.7537,"Python_22","Pyt_H"
"145",144,0.24285,0.00225,0.00285,0.75205,"Python_22","Pyt_H"
"146",145,0.24415,0.00245,0.00305,0.75035,"Python_22","Pyt_H"
"147",146,0.24615,0.00205,0.0034,0.7484,"Python_22","Pyt_H"
"148",147,0.2476,0.00245,0.0032,0.74675,"Python_22","Pyt_H"
"149",148,0.24945,0.0026,0.00315,0.7448,"Python_22","Pyt_H"
"150",149,0.2512,0.0026,0.0036,0.7426,"Python_22","Pyt_H"
"151",150,0.25245,0.003,0.00385,0.7407,"Python_22","Pyt_H"
"152",151,0.2539,0.003,0.0037,0.7394,"Python_22","Pyt_H"
"153",152,0.2557,0.00305,0.00435,0.7369,"Python_22","Pyt_H"
"154",153,0.2569,0.00305,0.0045,0.73555,"Python_22","Pyt_H"
"155",154,0.2579,0.0036,0.0049,0.7336,"Python_22","Pyt_H"
"156",155,0.2587,0.00415,0.0052,0.73195,"Python_22","Pyt_H"
"157",156,0.2596,0.0044,0.0053,0.7307,"Python_22","Pyt_H"
"158",157,0.26135,0.0043,0.00595,0.7284,"Python_22","Pyt_H"
"159",158,0.26215,0.00465,0.00605,0.72715,"Python_22","Pyt_H"
"160",159,0.26295,0.00525,0.00655,0.72525,"Python_22","Pyt_H"
"161",160,0.2632,0.00575,0.007,0.72405,"Python_22","Pyt_H"
"162",161,0.26345,0.00575,0.00725,0.72355,"Python_22","Pyt_H"
"163",162,0.2642,0.00605,0.0078,0.72195,"Python_22","Pyt_H"
"164",163,0.26495,0.00595,0.00805,0.72105,"Python_22","Pyt_H"
"165",164,0.2651,0.0063,0.00885,0.71975,"Python_22","Pyt_H"
"166",165,0.2649,0.00775,0.00885,0.7185,"Python_22","Pyt_H"
"167",166,0.26595,0.00725,0.0096,0.7172,"Python_22","Pyt_H"
"168",167,0.26575,0.00715,0.0106,0.7165,"Python_22","Pyt_H"
"169",168,0.2657,0.0081,0.01005,0.71615,"Python_22","Pyt_H"
"170",169,0.2657,0.0089,0.01055,0.71485,"Python_22","Pyt_H"
"171",170,0.26455,0.00915,0.011,0.7153,"Python_22","Pyt_H"
"172",171,0.264,0.00995,0.01165,0.7144,"Python_22","Pyt_H"
"173",172,0.26345,0.01065,0.012,0.7139,"Python_22","Pyt_H"
"174",173,0.262,0.01185,0.01285,0.7133,"Python_22","Pyt_H"
"175",174,0.2614,0.01215,0.0134,0.71305,"Python_22","Pyt_H"
"176",175,0.26,0.01275,0.01465,0.7126,"Python_22","Pyt_H"
"177",176,0.25965,0.0131,0.01525,0.712,"Python_22","Pyt_H"
"178",177,0.2582,0.01285,0.01665,0.7123,"Python_22","Pyt_H"
"179",178,0.25645,0.01395,0.01685,0.71275,"Python_22","Pyt_H"
"180",179,0.2558,0.01445,0.0172,0.71255,"Python_22","Pyt_H"
"181",180,0.25545,0.0143,0.01795,0.7123,"Python_22","Pyt_H"
"182",181,0.25435,0.01515,0.01865,0.71185,"Python_22","Pyt_H"
"183",182,0.2525,0.01555,0.02025,0.7117,"Python_22","Pyt_H"
"184",183,0.25115,0.0162,0.02115,0.7115,"Python_22","Pyt_H"
"185",184,0.2494,0.0163,0.02315,0.71115,"Python_22","Pyt_H"
"186",185,0.2472,0.0171,0.02405,0.71165,"Python_22","Pyt_H"
"187",186,0.24455,0.0187,0.02425,0.7125,"Python_22","Pyt_H"
"188",187,0.24195,0.0196,0.0255,0.71295,"Python_22","Pyt_H"
"189",188,0.2403,0.02005,0.02625,0.7134,"Python_22","Pyt_H"
"190",189,0.2377,0.02065,0.0272,0.71445,"Python_22","Pyt_H"
"191",190,0.2348,0.02175,0.0285,0.71495,"Python_22","Pyt_H"
"192",191,0.2321,0.02265,0.02955,0.7157,"Python_22","Pyt_H"
"193",192,0.22795,0.02475,0.03095,0.71635,"Python_22","Pyt_H"
"194",193,0.22575,0.02445,0.0328,0.717,"Python_22","Pyt_H"
"195",194,0.22115,0.02535,0.03365,0.71985,"Python_22","Pyt_H"
"196",195,0.21815,0.025,0.03585,0.721,"Python_22","Pyt_H"
"197",196,0.21465,0.02625,0.03615,0.72295,"Python_22","Pyt_H"
"198",197,0.21145,0.02645,0.03855,0.72355,"Python_22","Pyt_H"
"199",198,0.2077,0.02625,0.04055,0.7255,"Python_22","Pyt_H"
"200",199,0.20135,0.02795,0.04265,0.72805,"Python_22","Pyt_H"
"201",200,0.1974,0.02905,0.04285,0.7307,"Python_22","Pyt_H"
"202",201,0.19415,0.03,0.04305,0.7328,"Python_22","Pyt_H"
"203",202,0.19075,0.02935,0.04445,0.73545,"Python_22","Pyt_H"
"204",203,0.1866,0.02965,0.04615,0.7376,"Python_22","Pyt_H"
"205",204,0.18265,0.0312,0.0463,0.73985,"Python_22","Pyt_H"
"206",205,0.17955,0.0307,0.0474,0.74235,"Python_22","Pyt_H"
"207",206,0.1769,0.02985,0.04835,0.7449,"Python_22","Pyt_H"
"208",207,0.1731,0.02935,0.0497,0.74785,"Python_22","Pyt_H"
"209",208,0.1699,0.02995,0.04875,0.7514,"Python_22","Pyt_H"
"210",209,0.1667,0.02845,0.0493,0.75555,"Python_22","Pyt_H"
"211",210,0.1634,0.0281,0.0505,0.758,"Python_22","Pyt_H"
"212",211,0.15875,0.0281,0.05165,0.7615,"Python_22","Pyt_H"
"213",212,0.15685,0.0279,0.0524,0.76285,"Python_22","Pyt_H"
"214",213,0.15345,0.02815,0.05085,0.76755,"Python_22","Pyt_H"
"215",214,0.1513,0.0268,0.0511,0.7708,"Python_22","Pyt_H"
"216",215,0.148,0.0267,0.05095,0.77435,"Python_22","Pyt_H"
"217",216,0.1471,0.02515,0.05,0.77775,"Python_22","Pyt_H"
"218",217,0.145,0.0241,0.05075,0.78015,"Python_22","Pyt_H"
"219",218,0.14305,0.0235,0.04915,0.7843,"Python_22","Pyt_H"
"220",219,0.14145,0.0238,0.04725,0.7875,"Python_22","Pyt_H"
"221",220,0.14015,0.02365,0.0461,0.7901,"Python_22","Pyt_H"
"222",221,0.13785,0.0226,0.04685,0.7927,"Python_22","Pyt_H"
"223",222,0.136,0.02255,0.04655,0.7949,"Python_22","Pyt_H"
"224",223,0.13515,0.02365,0.04455,0.79665,"Python_22","Pyt_H"
"225",224,0.1337,0.0226,0.0445,0.7992,"Python_22","Pyt_H"
"226",225,0.1332,0.02145,0.044,0.80135,"Python_22","Pyt_H"
"227",226,0.13195,0.02085,0.0436,0.8036,"Python_22","Pyt_H"
"228",227,0.13075,0.021,0.0424,0.80585,"Python_22","Pyt_H"
"229",228,0.13005,0.0197,0.042,0.80825,"Python_22","Pyt_H"
"230",229,0.1295,0.0195,0.04195,0.80905,"Python_22","Pyt_H"
"231",230,0.12885,0.01985,0.04165,0.80965,"Python_22","Pyt_H"
"232",231,0.1294,0.0188,0.0418,0.81,"Python_22","Pyt_H"
"233",232,0.12795,0.01935,0.04065,0.81205,"Python_22","Pyt_H"
"234",233,0.12755,0.01975,0.03875,0.81395,"Python_22","Pyt_H"
"235",234,0.1277,0.01885,0.0385,0.81495,"Python_22","Pyt_H"
"236",235,0.12785,0.01835,0.0384,0.8154,"Python_22","Pyt_H"
"237",236,0.129,0.01795,0.0377,0.81535,"Python_22","Pyt_H"
"238",237,0.1294,0.01675,0.03715,0.8167,"Python_22","Pyt_H"
"239",238,0.12915,0.01785,0.0349,0.8181,"Python_22","Pyt_H"
"240",239,0.13115,0.01695,0.0346,0.8173,"Python_22","Pyt_H"
"241",240,0.13175,0.0163,0.0349,0.81705,"Python_22","Pyt_H"
"242",241,0.1318,0.0158,0.03515,0.81725,"Python_22","Pyt_H"
"243",242,0.13245,0.0163,0.03425,0.817,"Python_22","Pyt_H"
"244",243,0.13165,0.0168,0.03295,0.8186,"Python_22","Pyt_H"
"245",244,0.13285,0.0168,0.03205,0.8183,"Python_22","Pyt_H"
"246",245,0.13485,0.01515,0.03175,0.81825,"Python_22","Pyt_H"
"247",246,0.13475,0.0153,0.0309,0.81905,"Python_22","Pyt_H"
"248",247,0.13545,0.01525,0.03135,0.81795,"Python_22","Pyt_H"
"249",248,0.13695,0.015,0.03115,0.8169,"Python_22","Pyt_H"
"250",249,0.1378,0.0143,0.03065,0.81725,"Python_22","Pyt_H"
"251",250,0.1389,0.0142,0.03015,0.81675,"Python_22","Pyt_H"
"252",251,0.13915,0.01485,0.0291,0.8169,"Python_22","Pyt_H"
"253",252,0.1411,0.0141,0.02915,0.81565,"Python_22","Pyt_H"
"254",253,0.1433,0.0139,0.02705,0.81575,"Python_22","Pyt_H"
"255",254,0.1455,0.01285,0.0268,0.81485,"Python_22","Pyt_H"
"256",255,0.14695,0.0118,0.0266,0.81465,"Python_22","Pyt_H"
"257",256,0.1472,0.01255,0.0263,0.81395,"Python_22","Pyt_H"
"258",257,0.14915,0.0129,0.02615,0.8118,"Python_22","Pyt_H"
"259",258,0.15055,0.01355,0.0251,0.8108,"Python_22","Pyt_H"
"260",259,0.15275,0.0139,0.0249,0.80845,"Python_22","Pyt_H"
"261",260,0.153,0.01435,0.02485,0.8078,"Python_22","Pyt_H"
"262",261,0.15495,0.01365,0.0254,0.806,"Python_22","Pyt_H"
"263",262,0.15655,0.01345,0.0246,0.8054,"Python_22","Pyt_H"
"264",263,0.1582,0.0128,0.0251,0.8039,"Python_22","Pyt_H"
"265",264,0.15995,0.0124,0.0251,0.80255,"Python_22","Pyt_H"
"266",265,0.16145,0.01335,0.0245,0.8007,"Python_22","Pyt_H"
"267",266,0.16315,0.01385,0.0238,0.7992,"Python_22","Pyt_H"
"268",267,0.165,0.01375,0.024,0.79725,"Python_22","Pyt_H"
"269",268,0.16575,0.01365,0.0249,0.7957,"Python_22","Pyt_H"
"270",269,0.1682,0.01355,0.0248,0.79345,"Python_22","Pyt_H"
"271",270,0.1696,0.0138,0.02525,0.79135,"Python_22","Pyt_H"
"272",271,0.1712,0.01395,0.02555,0.7893,"Python_22","Pyt_H"
"273",272,0.17315,0.0142,0.0248,0.78785,"Python_22","Pyt_H"
"274",273,0.174,0.01445,0.02515,0.7864,"Python_22","Pyt_H"
"275",274,0.17495,0.0147,0.02475,0.7856,"Python_22","Pyt_H"
"276",275,0.17565,0.0156,0.02465,0.7841,"Python_22","Pyt_H"
"277",276,0.17695,0.01555,0.02465,0.78285,"Python_22","Pyt_H"
"278",277,0.17825,0.0161,0.0244,0.78125,"Python_22","Pyt_H"
"279",278,0.1791,0.0159,0.0259,0.7791,"Python_22","Pyt_H"
"280",279,0.17975,0.01585,0.02665,0.77775,"Python_22","Pyt_H"
"281",280,0.1809,0.0162,0.02735,0.77555,"Python_22","Pyt_H"
"282",281,0.1815,0.01645,0.0277,0.77435,"Python_22","Pyt_H"
"283",282,0.18215,0.01675,0.02815,0.77295,"Python_22","Pyt_H"
"284",283,0.1827,0.01615,0.0284,0.77275,"Python_22","Pyt_H"
"285",284,0.18305,0.01645,0.02855,0.77195,"Python_22","Pyt_H"
"286",285,0.18345,0.017,0.0288,0.77075,"Python_22","Pyt_H"
"287",286,0.18405,0.0176,0.029,0.76935,"Python_22","Pyt_H"
"288",287,0.18225,0.01765,0.0302,0.7699,"Python_22","Pyt_H"
"289",288,0.1826,0.01725,0.0309,0.76925,"Python_22","Pyt_H"
"290",289,0.18435,0.0163,0.03145,0.7679,"Python_22","Pyt_H"
"291",290,0.18485,0.01685,0.0317,0.7666,"Python_22","Pyt_H"
"292",291,0.1856,0.0181,0.0301,0.7662,"Python_22","Pyt_H"
"293",292,0.1853,0.01915,0.0303,0.76525,"Python_22","Pyt_H"
"294",293,0.18565,0.02045,0.03045,0.76345,"Python_22","Pyt_H"
"295",294,0.1864,0.02005,0.0314,0.76215,"Python_22","Pyt_H"
"296",295,0.1861,0.02175,0.0315,0.76065,"Python_22","Pyt_H"
"297",296,0.1862,0.02105,0.0322,0.76055,"Python_22","Pyt_H"
"298",297,0.1857,0.0206,0.03345,0.76025,"Python_22","Pyt_H"
"299",298,0.1861,0.02105,0.03365,0.7592,"Python_22","Pyt_H"
"300",299,0.18585,0.0211,0.0351,0.75795,"Python_22","Pyt_H"
"301",300,0.18565,0.0208,0.03505,0.7585,"Python_22","Pyt_H"
"302",301,0.1848,0.02215,0.03555,0.7575,"Python_22","Pyt_H"
"303",302,0.18375,0.02345,0.03515,0.75765,"Python_22","Pyt_H"
"304",303,0.18285,0.02265,0.0365,0.758,"Python_22","Pyt_H"
"305",304,0.18225,0.02165,0.0371,0.759,"Python_22","Pyt_H"
"306",305,0.18205,0.02185,0.03705,0.75905,"Python_22","Pyt_H"
"307",306,0.1821,0.02265,0.03795,0.7573,"Python_22","Pyt_H"
"308",307,0.1807,0.0227,0.039,0.7576,"Python_22","Pyt_H"
"309",308,0.17885,0.02335,0.03915,0.75865,"Python_22","Pyt_H"
"310",309,0.17865,0.0231,0.0398,0.75845,"Python_22","Pyt_H"
"311",310,0.1777,0.02395,0.03955,0.7588,"Python_22","Pyt_H"
"312",311,0.1759,0.02555,0.03875,0.7598,"Python_22","Pyt_H"
"313",312,0.1758,0.0253,0.038,0.7609,"Python_22","Pyt_H"
"314",313,0.1752,0.02435,0.03875,0.7617,"Python_22","Pyt_H"
"315",314,0.1746,0.0241,0.0396,0.7617,"Python_22","Pyt_H"
"316",315,0.17415,0.02515,0.0396,0.7611,"Python_22","Pyt_H"
"317",316,0.17425,0.0248,0.0406,0.76035,"Python_22","Pyt_H"
"318",317,0.1736,0.02475,0.0412,0.76045,"Python_22","Pyt_H"
"319",318,0.1722,0.02435,0.043,0.76045,"Python_22","Pyt_H"
"320",319,0.17135,0.02575,0.0426,0.7603,"Python_22","Pyt_H"
"321",320,0.1694,0.0266,0.04295,0.76105,"Python_22","Pyt_H"
"322",321,0.16825,0.0255,0.0447,0.76155,"Python_22","Pyt_H"
"323",322,0.16695,0.02515,0.04505,0.76285,"Python_22","Pyt_H"
"324",323,0.16675,0.02525,0.0449,0.7631,"Python_22","Pyt_H"
"325",324,0.16585,0.0251,0.04455,0.7645,"Python_22","Pyt_H"
"326",325,0.16355,0.02585,0.04415,0.76645,"Python_22","Pyt_H"
"327",326,0.1618,0.0258,0.04485,0.76755,"Python_22","Pyt_H"
"328",327,0.1603,0.0261,0.04515,0.76845,"Python_22","Pyt_H"
"329",328,0.159,0.02635,0.0443,0.77035,"Python_22","Pyt_H"
"330",329,0.15775,0.026,0.0448,0.77145,"Python_22","Pyt_H"
"331",330,0.158,0.02565,0.0454,0.77095,"Python_22","Pyt_H"
"332",331,0.1571,0.02575,0.046,0.77115,"Python_22","Pyt_H"
"333",332,0.15645,0.02575,0.0458,0.772,"Python_22","Pyt_H"
"334",333,0.1566,0.02565,0.0461,0.77165,"Python_22","Pyt_H"
"335",334,0.1552,0.0253,0.0469,0.7726,"Python_22","Pyt_H"
"336",335,0.1537,0.0246,0.0477,0.774,"Python_22","Pyt_H"
"337",336,0.1532,0.0246,0.04785,0.77435,"Python_22","Pyt_H"
"338",337,0.1528,0.0245,0.0473,0.7754,"Python_22","Pyt_H"
"339",338,0.1524,0.02295,0.0478,0.77685,"Python_22","Pyt_H"
"340",339,0.15205,0.024,0.0471,0.77685,"Python_22","Pyt_H"
"341",340,0.15135,0.0243,0.04705,0.7773,"Python_22","Pyt_H"
"342",341,0.1509,0.025,0.04565,0.77845,"Python_22","Pyt_H"
"343",342,0.1516,0.02425,0.04545,0.7787,"Python_22","Pyt_H"
"344",343,0.15095,0.024,0.0441,0.78095,"Python_22","Pyt_H"
"345",344,0.15115,0.02445,0.0442,0.7802,"Python_22","Pyt_H"
"346",345,0.1499,0.02505,0.044,0.78105,"Python_22","Pyt_H"
"347",346,0.1501,0.02375,0.04465,0.7815,"Python_22","Pyt_H"
"348",347,0.14965,0.02215,0.04595,0.78225,"Python_22","Pyt_H"
"349",348,0.1485,0.0237,0.0448,0.783,"Python_22","Pyt_H"
"350",349,0.148,0.0239,0.04485,0.78325,"Python_22","Pyt_H"
"351",350,0.1478,0.0237,0.04575,0.78275,"Python_22","Pyt_H"
"352",351,0.14875,0.0223,0.0452,0.78375,"Python_22","Pyt_H"
"353",352,0.1483,0.0228,0.04525,0.78365,"Python_22","Pyt_H"
"354",353,0.14745,0.024,0.0447,0.78385,"Python_22","Pyt_H"
"355",354,0.1474,0.02365,0.0446,0.78435,"Python_22","Pyt_H"
"356",355,0.1476,0.0234,0.045,0.784,"Python_22","Pyt_H"
"357",356,0.14775,0.024,0.044,0.78425,"Python_22","Pyt_H"
"358",357,0.14655,0.0244,0.0445,0.78455,"Python_22","Pyt_H"
"359",358,0.1466,0.0236,0.04445,0.78535,"Python_22","Pyt_H"
"360",359,0.14725,0.02275,0.0451,0.7849,"Python_22","Pyt_H"
"361",360,0.14705,0.02145,0.0461,0.7854,"Python_22","Pyt_H"
"362",361,0.14675,0.0217,0.0455,0.78605,"Python_22","Pyt_H"
"363",362,0.1478,0.02205,0.04435,0.7858,"Python_22","Pyt_H"
"364",363,0.1474,0.0214,0.04435,0.78685,"Python_22","Pyt_H"
"365",364,0.14715,0.02235,0.0434,0.7871,"Python_22","Pyt_H"
"366",365,0.14725,0.02145,0.04335,0.78795,"Python_22","Pyt_H"
"367",366,0.14705,0.02145,0.0426,0.7889,"Python_22","Pyt_H"
"368",367,0.14825,0.02115,0.0416,0.789,"Python_22","Pyt_H"
"369",368,0.1477,0.02135,0.04105,0.7899,"Python_22","Pyt_H"
"370",369,0.14885,0.0207,0.0407,0.78975,"Python_22","Pyt_H"
"371",370,0.15005,0.02075,0.0395,0.7897,"Python_22","Pyt_H"
"372",371,0.15105,0.0211,0.03845,0.7894,"Python_22","Pyt_H"
"373",372,0.15185,0.02055,0.03845,0.78915,"Python_22","Pyt_H"
"374",373,0.1532,0.02015,0.0391,0.78755,"Python_22","Pyt_H"
"375",374,0.15375,0.02005,0.0397,0.7865,"Python_22","Pyt_H"
"376",375,0.15355,0.0208,0.03835,0.7873,"Python_22","Pyt_H"
"377",376,0.15405,0.0207,0.0385,0.78675,"Python_22","Pyt_H"
"378",377,0.1535,0.02105,0.0396,0.78585,"Python_22","Pyt_H"
"379",378,0.15285,0.021,0.0396,0.78655,"Python_22","Pyt_H"
"380",379,0.1541,0.02055,0.0391,0.78625,"Python_22","Pyt_H"
"381",380,0.1545,0.02055,0.0395,0.78545,"Python_22","Pyt_H"
"382",381,0.1539,0.02175,0.0394,0.78495,"Python_22","Pyt_H"
"383",382,0.15365,0.02165,0.03845,0.78625,"Python_22","Pyt_H"
"384",383,0.15435,0.021,0.03885,0.7858,"Python_22","Pyt_H"
"385",384,0.15505,0.02075,0.03925,0.78495,"Python_22","Pyt_H"
"386",385,0.1565,0.02055,0.039,0.78395,"Python_22","Pyt_H"
"387",386,0.15685,0.02055,0.03865,0.78395,"Python_22","Pyt_H"
"388",387,0.1568,0.0213,0.03705,0.78485,"Python_22","Pyt_H"
"389",388,0.1576,0.0215,0.0373,0.7836,"Python_22","Pyt_H"
"390",389,0.15975,0.0192,0.03795,0.7831,"Python_22","Pyt_H"
"391",390,0.1604,0.0192,0.0374,0.783,"Python_22","Pyt_H"
"392",391,0.1612,0.0196,0.0365,0.7827,"Python_22","Pyt_H"
"393",392,0.16275,0.0185,0.0369,0.78185,"Python_22","Pyt_H"
"394",393,0.1631,0.0181,0.0369,0.7819,"Python_22","Pyt_H"
"395",394,0.1632,0.0181,0.0359,0.7828,"Python_22","Pyt_H"
"396",395,0.1636,0.0186,0.03475,0.78305,"Python_22","Pyt_H"
"397",396,0.1649,0.0183,0.03435,0.78245,"Python_22","Pyt_H"
"398",397,0.1646,0.0183,0.0354,0.7817,"Python_22","Pyt_H"
"399",398,0.16485,0.01845,0.03445,0.78225,"Python_22","Pyt_H"
"400",399,0.1651,0.01925,0.03405,0.7816,"Python_22","Pyt_H"
"401",400,0.16605,0.01935,0.03405,0.78055,"Python_22","Pyt_H"
"402",401,0.1661,0.02005,0.03415,0.7797,"Python_22","Pyt_H"
"403",402,0.1664,0.01955,0.03605,0.778,"Python_22","Pyt_H"
"404",403,0.1669,0.0202,0.0353,0.7776,"Python_22","Pyt_H"
"405",404,0.1671,0.02,0.0358,0.7771,"Python_22","Pyt_H"
"406",405,0.1697,0.01915,0.03565,0.7755,"Python_22","Pyt_H"
"407",406,0.1697,0.01985,0.0352,0.77525,"Python_22","Pyt_H"
"408",407,0.1692,0.02065,0.0346,0.77555,"Python_22","Pyt_H"
"409",408,0.17005,0.02025,0.03505,0.77465,"Python_22","Pyt_H"
"410",409,0.1687,0.02095,0.03545,0.7749,"Python_22","Pyt_H"
"411",410,0.16995,0.0211,0.03525,0.7737,"Python_22","Pyt_H"
"412",411,0.1702,0.02115,0.03565,0.773,"Python_22","Pyt_H"
"413",412,0.17015,0.02065,0.03675,0.77245,"Python_22","Pyt_H"
"414",413,0.16865,0.0219,0.0359,0.77355,"Python_22","Pyt_H"
"415",414,0.16975,0.02055,0.03525,0.77445,"Python_22","Pyt_H"
"416",415,0.16995,0.0201,0.03605,0.7739,"Python_22","Pyt_H"
"417",416,0.16955,0.0206,0.03705,0.7728,"Python_22","Pyt_H"
"418",417,0.16875,0.02215,0.0369,0.7722,"Python_22","Pyt_H"
"419",418,0.1694,0.0221,0.03645,0.77205,"Python_22","Pyt_H"
"420",419,0.1702,0.02195,0.0364,0.77145,"Python_22","Pyt_H"
"421",420,0.1706,0.02245,0.03645,0.7705,"Python_22","Pyt_H"
"422",421,0.17045,0.0226,0.0377,0.76925,"Python_22","Pyt_H"
"423",422,0.16975,0.02265,0.03915,0.76845,"Python_22","Pyt_H"
"424",423,0.1709,0.02195,0.04055,0.7666,"Python_22","Pyt_H"
"425",424,0.1708,0.02185,0.04145,0.7659,"Python_22","Pyt_H"
"426",425,0.16865,0.02295,0.0404,0.768,"Python_22","Pyt_H"
"427",426,0.1684,0.02295,0.0402,0.76845,"Python_22","Pyt_H"
"428",427,0.1669,0.0237,0.03965,0.76975,"Python_22","Pyt_H"
"429",428,0.16575,0.0242,0.03985,0.7702,"Python_22","Pyt_H"
"430",429,0.1662,0.023,0.04135,0.76945,"Python_22","Pyt_H"
"431",430,0.16635,0.02255,0.04205,0.76905,"Python_22","Pyt_H"
"432",431,0.16625,0.0237,0.041,0.76905,"Python_22","Pyt_H"
"433",432,0.1672,0.02285,0.0412,0.76875,"Python_22","Pyt_H"
"434",433,0.16605,0.02395,0.04145,0.76855,"Python_22","Pyt_H"
"435",434,0.16605,0.02405,0.04105,0.76885,"Python_22","Pyt_H"
"436",435,0.16555,0.0237,0.04115,0.7696,"Python_22","Pyt_H"
"437",436,0.16635,0.0232,0.04105,0.7694,"Python_22","Pyt_H"
"438",437,0.1648,0.0236,0.04065,0.77095,"Python_22","Pyt_H"
"439",438,0.1639,0.0235,0.04115,0.77145,"Python_22","Pyt_H"
"440",439,0.1637,0.02355,0.0422,0.77055,"Python_22","Pyt_H"
"441",440,0.1639,0.02295,0.04155,0.7716,"Python_22","Pyt_H"
"442",441,0.1629,0.023,0.0419,0.7722,"Python_22","Pyt_H"
"443",442,0.16315,0.02275,0.04155,0.77255,"Python_22","Pyt_H"
"444",443,0.1635,0.02165,0.04105,0.7738,"Python_22","Pyt_H"
"445",444,0.16275,0.0222,0.04075,0.7743,"Python_22","Pyt_H"
"446",445,0.1625,0.0219,0.04025,0.77535,"Python_22","Pyt_H"
"447",446,0.16105,0.02305,0.03965,0.77625,"Python_22","Pyt_H"
"448",447,0.15945,0.02415,0.03945,0.77695,"Python_22","Pyt_H"
"449",448,0.1589,0.02525,0.03885,0.777,"Python_22","Pyt_H"
"450",449,0.1594,0.024,0.03975,0.77685,"Python_22","Pyt_H"
"451",450,0.1589,0.02305,0.04015,0.7779,"Python_22","Pyt_H"
"452",451,0.15905,0.0221,0.04075,0.7781,"Python_22","Pyt_H"
"453",452,0.15855,0.02145,0.0418,0.7782,"Python_22","Pyt_H"
"454",453,0.15915,0.0213,0.04255,0.777,"Python_22","Pyt_H"
"455",454,0.1585,0.022,0.0419,0.7776,"Python_22","Pyt_H"
"456",455,0.15775,0.0224,0.0416,0.77825,"Python_22","Pyt_H"
"457",456,0.157,0.023,0.0419,0.7781,"Python_22","Pyt_H"
"458",457,0.1571,0.0235,0.0421,0.7773,"Python_22","Pyt_H"
"459",458,0.15665,0.0229,0.0427,0.77775,"Python_22","Pyt_H"
"460",459,0.15675,0.02335,0.0423,0.7776,"Python_22","Pyt_H"
"461",460,0.1573,0.02185,0.0426,0.77825,"Python_22","Pyt_H"
"462",461,0.1576,0.0227,0.042,0.7777,"Python_22","Pyt_H"
"463",462,0.15775,0.0223,0.0422,0.77775,"Python_22","Pyt_H"
"464",463,0.15805,0.0226,0.04055,0.7788,"Python_22","Pyt_H"
"465",464,0.15785,0.02205,0.04075,0.77935,"Python_22","Pyt_H"
"466",465,0.15675,0.0234,0.04075,0.7791,"Python_22","Pyt_H"
"467",466,0.1563,0.0241,0.03965,0.77995,"Python_22","Pyt_H"
"468",467,0.1573,0.02215,0.04085,0.7797,"Python_22","Pyt_H"
"469",468,0.15675,0.022,0.04195,0.7793,"Python_22","Pyt_H"
"470",469,0.15635,0.0227,0.04105,0.7799,"Python_22","Pyt_H"
"471",470,0.15585,0.0227,0.0413,0.78015,"Python_22","Pyt_H"
"472",471,0.15605,0.0224,0.0413,0.78025,"Python_22","Pyt_H"
"473",472,0.15595,0.02175,0.04075,0.78155,"Python_22","Pyt_H"
"474",473,0.15575,0.02195,0.04,0.7823,"Python_22","Pyt_H"
"475",474,0.1573,0.02115,0.0407,0.78085,"Python_22","Pyt_H"
"476",475,0.15635,0.0222,0.0401,0.78135,"Python_22","Pyt_H"
"477",476,0.15675,0.0225,0.0384,0.78235,"Python_22","Pyt_H"
"478",477,0.15765,0.02135,0.0385,0.7825,"Python_22","Pyt_H"
"479",478,0.15855,0.02035,0.0389,0.7822,"Python_22","Pyt_H"
"480",479,0.15855,0.0199,0.03865,0.7829,"Python_22","Pyt_H"
"481",480,0.1589,0.0196,0.03935,0.78215,"Python_22","Pyt_H"
"482",481,0.15875,0.01995,0.0388,0.7825,"Python_22","Pyt_H"
"483",482,0.1603,0.0189,0.03895,0.78185,"Python_22","Pyt_H"
"484",483,0.16005,0.02005,0.03805,0.78185,"Python_22","Pyt_H"
"485",484,0.15935,0.0212,0.0378,0.78165,"Python_22","Pyt_H"
"486",485,0.16005,0.021,0.0378,0.78115,"Python_22","Pyt_H"
"487",486,0.16125,0.01965,0.0387,0.7804,"Python_22","Pyt_H"
"488",487,0.16205,0.0206,0.0377,0.77965,"Python_22","Pyt_H"
"489",488,0.16215,0.01995,0.03745,0.78045,"Python_22","Pyt_H"
"490",489,0.16245,0.021,0.03655,0.78,"Python_22","Pyt_H"
"491",490,0.16305,0.0204,0.0366,0.77995,"Python_22","Pyt_H"
"492",491,0.16335,0.02135,0.0356,0.7797,"Python_22","Pyt_H"
"493",492,0.16365,0.021,0.0353,0.78005,"Python_22","Pyt_H"
"494",493,0.16365,0.0203,0.03665,0.7794,"Python_22","Pyt_H"
"495",494,0.16275,0.02065,0.03745,0.77915,"Python_22","Pyt_H"
"496",495,0.1629,0.02015,0.03775,0.7792,"Python_22","Pyt_H"
"497",496,0.16275,0.0211,0.0376,0.77855,"Python_22","Pyt_H"
"498",497,0.1641,0.02095,0.03835,0.7766,"Python_22","Pyt_H"
"499",498,0.1641,0.0223,0.03805,0.77555,"Python_22","Pyt_H"
"500",499,0.16385,0.0219,0.0379,0.77635,"Python_22","Pyt_H"
"501",500,0.1642,0.02095,0.0386,0.77625,"Python_22","Pyt_H"
"502",501,0.16535,0.02095,0.0378,0.7759,"Python_22","Pyt_H"
"503",502,0.1651,0.0211,0.0378,0.776,"Python_22","Pyt_H"
"504",503,0.16385,0.0208,0.0391,0.77625,"Python_22","Pyt_H"
"505",504,0.1638,0.02105,0.0386,0.77655,"Python_22","Pyt_H"
"506",505,0.164,0.02075,0.038,0.77725,"Python_22","Pyt_H"
"507",506,0.1648,0.021,0.03755,0.77665,"Python_22","Pyt_H"
"508",507,0.16575,0.02045,0.03725,0.77655,"Python_22","Pyt_H"
"509",508,0.1666,0.01985,0.03715,0.7764,"Python_22","Pyt_H"
"510",509,0.167,0.0193,0.039,0.7747,"Python_22","Pyt_H"
"511",510,0.1669,0.01975,0.0387,0.77465,"Python_22","Pyt_H"
"512",511,0.1658,0.02105,0.0374,0.77575,"Python_22","Pyt_H"
"513",512,0.1666,0.02115,0.03715,0.7751,"Python_22","Pyt_H"
"514",513,0.1674,0.0207,0.03665,0.77525,"Python_22","Pyt_H"
"515",514,0.1661,0.0223,0.0373,0.7743,"Python_22","Pyt_H"
"516",515,0.16635,0.0227,0.0375,0.77345,"Python_22","Pyt_H"
"517",516,0.16625,0.0223,0.0372,0.77425,"Python_22","Pyt_H"
"518",517,0.1666,0.02195,0.03815,0.7733,"Python_22","Pyt_H"
"519",518,0.1682,0.0221,0.0387,0.771,"Python_22","Pyt_H"
"520",519,0.16975,0.0223,0.0392,0.76875,"Python_22","Pyt_H"
"521",520,0.1699,0.0231,0.03845,0.76855,"Python_22","Pyt_H"
"522",521,0.16935,0.023,0.03935,0.7683,"Python_22","Pyt_H"
"523",522,0.169,0.0225,0.03985,0.76865,"Python_22","Pyt_H"
"524",523,0.1678,0.02315,0.0404,0.76865,"Python_22","Pyt_H"
"525",524,0.1675,0.02325,0.0415,0.76775,"Python_22","Pyt_H"
"526",525,0.1675,0.0229,0.0412,0.7684,"Python_22","Pyt_H"
"527",526,0.1666,0.0236,0.04135,0.76845,"Python_22","Pyt_H"
"528",527,0.1663,0.02255,0.0424,0.76875,"Python_22","Pyt_H"
"529",528,0.1653,0.02345,0.04195,0.7693,"Python_22","Pyt_H"
"530",529,0.16455,0.02455,0.0416,0.7693,"Python_22","Pyt_H"
"531",530,0.16485,0.0251,0.0408,0.76925,"Python_22","Pyt_H"
"532",531,0.16575,0.0246,0.0417,0.76795,"Python_22","Pyt_H"
"533",532,0.16535,0.0242,0.04155,0.7689,"Python_22","Pyt_H"
"534",533,0.1658,0.0234,0.04195,0.76885,"Python_22","Pyt_H"
"535",534,0.1647,0.0237,0.04275,0.76885,"Python_22","Pyt_H"
"536",535,0.16545,0.02375,0.04275,0.76805,"Python_22","Pyt_H"
"537",536,0.1645,0.02385,0.0437,0.76795,"Python_22","Pyt_H"
"538",537,0.165,0.02365,0.0433,0.76805,"Python_22","Pyt_H"
"539",538,0.1638,0.0228,0.0435,0.7699,"Python_22","Pyt_H"
"540",539,0.16375,0.02295,0.0429,0.7704,"Python_22","Pyt_H"
"541",540,0.1631,0.0236,0.0423,0.771,"Python_22","Pyt_H"
"542",541,0.1633,0.02335,0.0421,0.77125,"Python_22","Pyt_H"
"543",542,0.16315,0.02325,0.04225,0.77135,"Python_22","Pyt_H"
"544",543,0.16395,0.0232,0.04205,0.7708,"Python_22","Pyt_H"
"545",544,0.1634,0.02395,0.04195,0.7707,"Python_22","Pyt_H"
"546",545,0.16285,0.02405,0.0416,0.7715,"Python_22","Pyt_H"
"547",546,0.1626,0.0243,0.04145,0.77165,"Python_22","Pyt_H"
"548",547,0.1623,0.02435,0.0416,0.77175,"Python_22","Pyt_H"
"549",548,0.16285,0.02425,0.04215,0.77075,"Python_22","Pyt_H"
"550",549,0.1625,0.0243,0.04255,0.77065,"Python_22","Pyt_H"
"551",550,0.1614,0.02525,0.04345,0.7699,"Python_22","Pyt_H"
"552",551,0.16125,0.0247,0.044,0.77005,"Python_22","Pyt_H"
"553",552,0.1607,0.02535,0.043,0.77095,"Python_22","Pyt_H"
"554",553,0.16065,0.0238,0.04365,0.7719,"Python_22","Pyt_H"
"555",554,0.15995,0.0237,0.04425,0.7721,"Python_22","Pyt_H"
"556",555,0.15885,0.02445,0.0448,0.7719,"Python_22","Pyt_H"
"557",556,0.15935,0.0241,0.0452,0.77135,"Python_22","Pyt_H"
"558",557,0.1588,0.0242,0.046,0.771,"Python_22","Pyt_H"
"559",558,0.16095,0.0225,0.0458,0.77075,"Python_22","Pyt_H"
"560",559,0.15995,0.0228,0.046,0.77125,"Python_22","Pyt_H"
"561",560,0.15905,0.02375,0.04545,0.77175,"Python_22","Pyt_H"
"562",561,0.15915,0.02325,0.04555,0.77205,"Python_22","Pyt_H"
"563",562,0.1587,0.0235,0.04585,0.77195,"Python_22","Pyt_H"
"564",563,0.15835,0.0243,0.045,0.77235,"Python_22","Pyt_H"
"565",564,0.1577,0.02485,0.0445,0.77295,"Python_22","Pyt_H"
"566",565,0.1567,0.0258,0.0429,0.7746,"Python_22","Pyt_H"
"567",566,0.15695,0.0245,0.04325,0.7753,"Python_22","Pyt_H"
"568",567,0.1572,0.02525,0.04315,0.7744,"Python_22","Pyt_H"
"569",568,0.1577,0.024,0.0439,0.7744,"Python_22","Pyt_H"
"570",569,0.15865,0.0233,0.0437,0.77435,"Python_22","Pyt_H"
"571",570,0.1594,0.0234,0.04395,0.77325,"Python_22","Pyt_H"
"572",571,0.1595,0.02265,0.0439,0.77395,"Python_22","Pyt_H"
"573",572,0.16065,0.02195,0.04365,0.77375,"Python_22","Pyt_H"
"574",573,0.1597,0.0225,0.0429,0.7749,"Python_22","Pyt_H"
"575",574,0.16055,0.02215,0.0429,0.7744,"Python_22","Pyt_H"
"576",575,0.15925,0.0228,0.0425,0.77545,"Python_22","Pyt_H"
"577",576,0.1595,0.02265,0.04285,0.775,"Python_22","Pyt_H"
"578",577,0.15885,0.02355,0.043,0.7746,"Python_22","Pyt_H"
"579",578,0.1592,0.0229,0.04295,0.77495,"Python_22","Pyt_H"
"580",579,0.1595,0.02405,0.0418,0.77465,"Python_22","Pyt_H"
"581",580,0.15875,0.02475,0.04065,0.77585,"Python_22","Pyt_H"
"582",581,0.15935,0.02365,0.041,0.776,"Python_22","Pyt_H"
"583",582,0.16055,0.0213,0.0423,0.77585,"Python_22","Pyt_H"
"584",583,0.16055,0.0208,0.04305,0.7756,"Python_22","Pyt_H"
"585",584,0.16035,0.0222,0.0414,0.77605,"Python_22","Pyt_H"
"586",585,0.1602,0.02285,0.0408,0.77615,"Python_22","Pyt_H"
"587",586,0.16035,0.02355,0.0402,0.7759,"Python_22","Pyt_H"
"588",587,0.16025,0.02365,0.0396,0.7765,"Python_22","Pyt_H"
"589",588,0.1596,0.0234,0.0401,0.7769,"Python_22","Pyt_H"
"590",589,0.15915,0.0228,0.0405,0.77755,"Python_22","Pyt_H"
"591",590,0.1591,0.0227,0.04115,0.77705,"Python_22","Pyt_H"
"592",591,0.15875,0.02295,0.04085,0.77745,"Python_22","Pyt_H"
"593",592,0.1587,0.02335,0.0404,0.77755,"Python_22","Pyt_H"
"594",593,0.1587,0.02265,0.04125,0.7774,"Python_22","Pyt_H"
"595",594,0.1589,0.02165,0.04235,0.7771,"Python_22","Pyt_H"
"596",595,0.15915,0.02175,0.0425,0.7766,"Python_22","Pyt_H"
"597",596,0.15985,0.0218,0.04165,0.7767,"Python_22","Pyt_H"
"598",597,0.16,0.02195,0.04245,0.7756,"Python_22","Pyt_H"
"599",598,0.1597,0.0223,0.0419,0.7761,"Python_22","Pyt_H"
"600",599,0.1611,0.02235,0.04095,0.7756,"Python_22","Pyt_H"
"601",600,0.16105,0.02185,0.04055,0.77655,"Python_22","Pyt_H"
"602",601,0.16015,0.02285,0.04165,0.77535,"Python_22","Pyt_H"
"603",602,0.1588,0.0242,0.0421,0.7749,"Python_22","Pyt_H"
"604",603,0.15885,0.0235,0.04225,0.7754,"Python_22","Pyt_H"
"605",604,0.1587,0.0233,0.04265,0.77535,"Python_22","Pyt_H"
"606",605,0.1576,0.0233,0.04295,0.77615,"Python_22","Pyt_H"
"607",606,0.1577,0.0238,0.0427,0.7758,"Python_22","Pyt_H"
"608",607,0.1565,0.02475,0.0424,0.77635,"Python_22","Pyt_H"
"609",608,0.1564,0.0247,0.0422,0.7767,"Python_22","Pyt_H"
"610",609,0.15685,0.02455,0.04275,0.77585,"Python_22","Pyt_H"
"611",610,0.1563,0.0259,0.0415,0.7763,"Python_22","Pyt_H"
"612",611,0.1571,0.0243,0.0416,0.777,"Python_22","Pyt_H"
"613",612,0.1578,0.0222,0.0429,0.7771,"Python_22","Pyt_H"
"614",613,0.15715,0.0223,0.04315,0.7774,"Python_22","Pyt_H"
"615",614,0.1561,0.02305,0.0423,0.77855,"Python_22","Pyt_H"
"616",615,0.15655,0.0227,0.0407,0.78005,"Python_22","Pyt_H"
"617",616,0.1567,0.0232,0.03985,0.78025,"Python_22","Pyt_H"
"618",617,0.1568,0.0228,0.03945,0.78095,"Python_22","Pyt_H"
"619",618,0.15775,0.02255,0.0392,0.7805,"Python_22","Pyt_H"
"620",619,0.1583,0.0213,0.04055,0.77985,"Python_22","Pyt_H"
"621",620,0.1575,0.0215,0.0409,0.7801,"Python_22","Pyt_H"
"622",621,0.1572,0.02185,0.04025,0.7807,"Python_22","Pyt_H"
"623",622,0.1578,0.02105,0.041,0.78015,"Python_22","Pyt_H"
"624",623,0.15815,0.0226,0.03995,0.7793,"Python_22","Pyt_H"
"625",624,0.15765,0.02245,0.03965,0.78025,"Python_22","Pyt_H"
"626",625,0.1583,0.0224,0.03875,0.78055,"Python_22","Pyt_H"
"627",626,0.15885,0.0231,0.03885,0.7792,"Python_22","Pyt_H"
"628",627,0.15795,0.0229,0.0398,0.77935,"Python_22","Pyt_H"
"629",628,0.15745,0.023,0.0402,0.77935,"Python_22","Pyt_H"
"630",629,0.15885,0.0224,0.0403,0.77845,"Python_22","Pyt_H"
"631",630,0.15885,0.02225,0.0415,0.7774,"Python_22","Pyt_H"
"632",631,0.1581,0.0234,0.0411,0.7774,"Python_22","Pyt_H"
"633",632,0.1572,0.02325,0.04085,0.7787,"Python_22","Pyt_H"
"634",633,0.1587,0.02275,0.04015,0.7784,"Python_22","Pyt_H"
"635",634,0.15825,0.02255,0.04035,0.77885,"Python_22","Pyt_H"
"636",635,0.15915,0.0218,0.04185,0.7772,"Python_22","Pyt_H"
"637",636,0.15875,0.02235,0.041,0.7779,"Python_22","Pyt_H"
"638",637,0.16,0.02235,0.0399,0.77775,"Python_22","Pyt_H"
"639",638,0.16015,0.0211,0.04065,0.7781,"Python_22","Pyt_H"
"640",639,0.16065,0.0211,0.04115,0.7771,"Python_22","Pyt_H"
"641",640,0.161,0.0217,0.0405,0.7768,"Python_22","Pyt_H"
"642",641,0.16235,0.0215,0.0403,0.77585,"Python_22","Pyt_H"
"643",642,0.16155,0.0228,0.04,0.77565,"Python_22","Pyt_H"
"644",643,0.1612,0.02405,0.0394,0.77535,"Python_22","Pyt_H"
"645",644,0.1608,0.0244,0.0384,0.7764,"Python_22","Pyt_H"
"646",645,0.1602,0.02375,0.03935,0.7767,"Python_22","Pyt_H"
"647",646,0.15995,0.0236,0.03985,0.7766,"Python_22","Pyt_H"
"648",647,0.16065,0.0237,0.0398,0.77585,"Python_22","Pyt_H"
"649",648,0.1613,0.02315,0.04035,0.7752,"Python_22","Pyt_H"
"650",649,0.1603,0.02265,0.04145,0.7756,"Python_22","Pyt_H"
"651",650,0.1601,0.0227,0.0416,0.7756,"Python_22","Pyt_H"
"652",651,0.15975,0.0236,0.04135,0.7753,"Python_22","Pyt_H"
"653",652,0.1595,0.0225,0.0415,0.7765,"Python_22","Pyt_H"
"654",653,0.1589,0.0228,0.04125,0.77705,"Python_22","Pyt_H"
"655",654,0.15855,0.0225,0.041,0.77795,"Python_22","Pyt_H"
"656",655,0.15905,0.02365,0.04055,0.77675,"Python_22","Pyt_H"
"657",656,0.15795,0.0242,0.04075,0.7771,"Python_22","Pyt_H"
"658",657,0.15895,0.02365,0.0404,0.777,"Python_22","Pyt_H"
"659",658,0.1586,0.02455,0.04045,0.7764,"Python_22","Pyt_H"
"660",659,0.1582,0.0246,0.03985,0.77735,"Python_22","Pyt_H"
"661",660,0.15655,0.02345,0.0419,0.7781,"Python_22","Pyt_H"
