"","step","S","E","I","R","simu","Langage"
"1",0,0.999,0,0.001,0,"Python_14","Pyt_H"
"2",1,0.9978,0.0012,0.001,0,"Python_14","Pyt_H"
"3",2,0.997,0.002,9e-04,1e-04,"Python_14","Pyt_H"
"4",3,0.99605,0.0026,0.00115,2e-04,"Python_14","Pyt_H"
"5",4,0.99495,0.0034,0.00135,3e-04,"Python_14","Pyt_H"
"6",5,0.9937,0.0039,0.0019,5e-04,"Python_14","Pyt_H"
"7",6,0.99205,0.00465,0.00275,0.00055,"Python_14","Pyt_H"
"8",7,0.98955,0.00675,0.00285,0.00085,"Python_14","Pyt_H"
"9",8,0.98725,0.00805,0.00325,0.00145,"Python_14","Pyt_H"
"10",9,0.98395,0.0099,0.00445,0.0017,"Python_14","Pyt_H"
"11",10,0.9805,0.0115,0.00595,0.00205,"Python_14","Pyt_H"
"12",11,0.97585,0.0139,0.0076,0.00265,"Python_14","Pyt_H"
"13",12,0.96895,0.0187,0.0089,0.00345,"Python_14","Pyt_H"
"14",13,0.96045,0.0241,0.0115,0.00395,"Python_14","Pyt_H"
"15",14,0.9518,0.0283,0.01505,0.00485,"Python_14","Pyt_H"
"16",15,0.9375,0.0371,0.019,0.0064,"Python_14","Pyt_H"
"17",16,0.9225,0.0447,0.02485,0.00795,"Python_14","Pyt_H"
"18",17,0.9012,0.05745,0.03085,0.0105,"Python_14","Pyt_H"
"19",18,0.87655,0.0711,0.0388,0.01355,"Python_14","Pyt_H"
"20",19,0.8454,0.0879,0.04905,0.01765,"Python_14","Pyt_H"
"21",20,0.81175,0.10615,0.05905,0.02305,"Python_14","Pyt_H"
"22",21,0.77025,0.12775,0.073,0.029,"Python_14","Pyt_H"
"23",22,0.72375,0.15025,0.09005,0.03595,"Python_14","Pyt_H"
"24",23,0.66885,0.176,0.11,0.04515,"Python_14","Pyt_H"
"25",24,0.6081,0.2027,0.1346,0.0546,"Python_14","Pyt_H"
"26",25,0.54175,0.22745,0.1621,0.0687,"Python_14","Pyt_H"
"27",26,0.4733,0.25135,0.19135,0.084,"Python_14","Pyt_H"
"28",27,0.4037,0.26955,0.22385,0.1029,"Python_14","Pyt_H"
"29",28,0.3347,0.28335,0.2547,0.12725,"Python_14","Pyt_H"
"30",29,0.26905,0.28475,0.29335,0.15285,"Python_14","Pyt_H"
"31",30,0.2116,0.2809,0.323,0.1845,"Python_14","Pyt_H"
"32",31,0.162,0.2671,0.3524,0.2185,"Python_14","Pyt_H"
"33",32,0.1227,0.2443,0.3768,0.2562,"Python_14","Pyt_H"
"34",33,0.0922,0.2191,0.3906,0.2981,"Python_14","Pyt_H"
"35",34,0.06735,0.19015,0.39865,0.34385,"Python_14","Pyt_H"
"36",35,0.04985,0.1628,0.39875,0.3886,"Python_14","Pyt_H"
"37",36,0.0379,0.1356,0.3912,0.4353,"Python_14","Pyt_H"
"38",37,0.02945,0.1085,0.38145,0.4806,"Python_14","Pyt_H"
"39",38,0.024,0.0864,0.36545,0.52415,"Python_14","Pyt_H"
"40",39,0.01945,0.06895,0.34415,0.56745,"Python_14","Pyt_H"
"41",40,0.0161,0.05485,0.321,0.60805,"Python_14","Pyt_H"
"42",41,0.0148,0.04435,0.29455,0.6463,"Python_14","Pyt_H"
"43",42,0.01335,0.03625,0.2672,0.6832,"Python_14","Pyt_H"
"44",43,0.01275,0.02895,0.2432,0.7151,"Python_14","Pyt_H"
"45",44,0.0125,0.02375,0.21995,0.7438,"Python_14","Pyt_H"
"46",45,0.012,0.0198,0.1975,0.7707,"Python_14","Pyt_H"
"47",46,0.01245,0.01525,0.1782,0.7941,"Python_14","Pyt_H"
"48",47,0.01335,0.01165,0.1599,0.8151,"Python_14","Pyt_H"
"49",48,0.01415,0.00935,0.14165,0.83485,"Python_14","Pyt_H"
"50",49,0.01635,0.00795,0.1247,0.851,"Python_14","Pyt_H"
"51",50,0.0174,0.00685,0.1105,0.86525,"Python_14","Pyt_H"
"52",51,0.01845,0.0065,0.09725,0.8778,"Python_14","Pyt_H"
"53",52,0.01975,0.0063,0.0846,0.88935,"Python_14","Pyt_H"
"54",53,0.0209,0.00695,0.07385,0.8983,"Python_14","Pyt_H"
"55",54,0.02305,0.00545,0.06635,0.90515,"Python_14","Pyt_H"
"56",55,0.0248,0.0051,0.05815,0.91195,"Python_14","Pyt_H"
"57",56,0.0272,0.00505,0.0514,0.91635,"Python_14","Pyt_H"
"58",57,0.02965,0.00505,0.0458,0.9195,"Python_14","Pyt_H"
"59",58,0.03235,0.0045,0.0409,0.92225,"Python_14","Pyt_H"
"60",59,0.03495,0.00435,0.0366,0.9241,"Python_14","Pyt_H"
"61",60,0.0373,0.0042,0.03175,0.92675,"Python_14","Pyt_H"
"62",61,0.0405,0.0038,0.0292,0.9265,"Python_14","Pyt_H"
"63",62,0.0422,0.00385,0.02675,0.9272,"Python_14","Pyt_H"
"64",63,0.0444,0.00415,0.02365,0.9278,"Python_14","Pyt_H"
"65",64,0.0462,0.0042,0.0218,0.9278,"Python_14","Pyt_H"
"66",65,0.04835,0.00385,0.02015,0.92765,"Python_14","Pyt_H"
"67",66,0.0509,0.0035,0.01785,0.92775,"Python_14","Pyt_H"
"68",67,0.05285,0.00365,0.0154,0.9281,"Python_14","Pyt_H"
"69",68,0.0548,0.00345,0.0141,0.92765,"Python_14","Pyt_H"
"70",69,0.0577,0.0034,0.01315,0.92575,"Python_14","Pyt_H"
"71",70,0.0598,0.00305,0.01225,0.9249,"Python_14","Pyt_H"
"72",71,0.06195,0.00295,0.01085,0.92425,"Python_14","Pyt_H"
"73",72,0.06455,0.0025,0.0105,0.92245,"Python_14","Pyt_H"
"74",73,0.06705,0.0022,0.0095,0.92125,"Python_14","Pyt_H"
"75",74,0.07,0.00195,0.0085,0.91955,"Python_14","Pyt_H"
"76",75,0.0725,0.0019,0.00745,0.91815,"Python_14","Pyt_H"
"77",76,0.0747,0.0018,0.00675,0.91675,"Python_14","Pyt_H"
"78",77,0.0773,0.00165,0.0064,0.91465,"Python_14","Pyt_H"
"79",78,0.07945,0.0017,0.0061,0.91275,"Python_14","Pyt_H"
"80",79,0.082,0.0017,0.0056,0.9107,"Python_14","Pyt_H"
"81",80,0.08425,0.0017,0.0048,0.90925,"Python_14","Pyt_H"
"82",81,0.0863,0.0017,0.00465,0.90735,"Python_14","Pyt_H"
"83",82,0.0896,0.0017,0.0042,0.9045,"Python_14","Pyt_H"
"84",83,0.0927,0.0012,0.00425,0.90185,"Python_14","Pyt_H"
"85",84,0.0956,0.00125,0.00395,0.8992,"Python_14","Pyt_H"
"86",85,0.0981,0.00145,0.0037,0.89675,"Python_14","Pyt_H"
"87",86,0.10105,0.0014,0.0036,0.89395,"Python_14","Pyt_H"
"88",87,0.1041,0.00115,0.00345,0.8913,"Python_14","Pyt_H"
"89",88,0.10635,0.00115,0.0033,0.8892,"Python_14","Pyt_H"
"90",89,0.1095,0.00105,0.00335,0.8861,"Python_14","Pyt_H"
"91",90,0.11165,0.0015,0.00295,0.8839,"Python_14","Pyt_H"
"92",91,0.1143,0.00125,0.00275,0.8817,"Python_14","Pyt_H"
"93",92,0.1171,0.0011,0.00255,0.87925,"Python_14","Pyt_H"
"94",93,0.12015,0.001,0.00245,0.8764,"Python_14","Pyt_H"
"95",94,0.12275,0.001,0.0024,0.87385,"Python_14","Pyt_H"
"96",95,0.1255,0.00095,0.0021,0.87145,"Python_14","Pyt_H"
"97",96,0.1285,0.0012,0.00195,0.86835,"Python_14","Pyt_H"
"98",97,0.1314,0.00125,0.00195,0.8654,"Python_14","Pyt_H"
"99",98,0.1332,0.00135,0.00165,0.8638,"Python_14","Pyt_H"
"100",99,0.13635,0.0011,0.0018,0.86075,"Python_14","Pyt_H"
"101",100,0.13875,0.00095,0.0018,0.8585,"Python_14","Pyt_H"
"102",101,0.14155,8e-04,0.00155,0.8561,"Python_14","Pyt_H"
"103",102,0.14415,0.00065,0.00175,0.85345,"Python_14","Pyt_H"
"104",103,0.1464,9e-04,0.0018,0.8509,"Python_14","Pyt_H"
"105",104,0.1483,0.00085,0.0018,0.84905,"Python_14","Pyt_H"
"106",105,0.1508,0.00085,0.0019,0.84645,"Python_14","Pyt_H"
"107",106,0.1541,7e-04,0.00185,0.84335,"Python_14","Pyt_H"
"108",107,0.1568,7e-04,0.0019,0.8406,"Python_14","Pyt_H"
"109",108,0.1593,0.00065,0.0018,0.83825,"Python_14","Pyt_H"
"110",109,0.1611,0.00065,0.0018,0.83645,"Python_14","Pyt_H"
"111",110,0.16355,0.00085,0.0018,0.8338,"Python_14","Pyt_H"
"112",111,0.1664,0.00085,0.0017,0.83105,"Python_14","Pyt_H"
"113",112,0.1686,0.00085,0.00165,0.8289,"Python_14","Pyt_H"
"114",113,0.17105,0.00085,0.0015,0.8266,"Python_14","Pyt_H"
"115",114,0.1734,0.00085,0.00145,0.8243,"Python_14","Pyt_H"
"116",115,0.17535,0.00065,0.0015,0.8225,"Python_14","Pyt_H"
"117",116,0.17795,7e-04,0.00145,0.8199,"Python_14","Pyt_H"
"118",117,0.17995,0.00085,0.0011,0.8181,"Python_14","Pyt_H"
"119",118,0.18205,0.00095,0.0011,0.8159,"Python_14","Pyt_H"
"120",119,0.1841,0.00095,0.00105,0.8139,"Python_14","Pyt_H"
"121",120,0.1864,8e-04,0.00105,0.81175,"Python_14","Pyt_H"
"122",121,0.1883,6e-04,0.0014,0.8097,"Python_14","Pyt_H"
"123",122,0.1905,5e-04,0.0014,0.8076,"Python_14","Pyt_H"
"124",123,0.1933,4e-04,0.0015,0.8048,"Python_14","Pyt_H"
"125",124,0.19535,5e-04,0.00135,0.8028,"Python_14","Pyt_H"
"126",125,0.1967,0.00075,0.0012,0.80135,"Python_14","Pyt_H"
"127",126,0.1991,0.00075,0.00125,0.7989,"Python_14","Pyt_H"
"128",127,0.2015,0.00065,0.00125,0.7966,"Python_14","Pyt_H"
"129",128,0.20375,0.00095,0.00115,0.79415,"Python_14","Pyt_H"
"130",129,0.2064,0.00105,0.0012,0.79135,"Python_14","Pyt_H"
"131",130,0.20855,0.001,0.0014,0.78905,"Python_14","Pyt_H"
"132",131,0.21015,0.00115,0.00155,0.78715,"Python_14","Pyt_H"
"133",132,0.2125,0.0011,0.00155,0.78485,"Python_14","Pyt_H"
"134",133,0.2149,0.0011,0.00185,0.78215,"Python_14","Pyt_H"
"135",134,0.21685,0.00115,0.00205,0.77995,"Python_14","Pyt_H"
"136",135,0.21865,0.0012,0.0022,0.77795,"Python_14","Pyt_H"
"137",136,0.21995,0.00135,0.00215,0.77655,"Python_14","Pyt_H"
"138",137,0.22165,0.00145,0.00215,0.77475,"Python_14","Pyt_H"
"139",138,0.2233,0.0014,0.00245,0.77285,"Python_14","Pyt_H"
"140",139,0.22515,0.00155,0.0024,0.7709,"Python_14","Pyt_H"
"141",140,0.22685,0.0017,0.0024,0.76905,"Python_14","Pyt_H"
"142",141,0.2285,0.00185,0.0026,0.76705,"Python_14","Pyt_H"
"143",142,0.23025,0.00225,0.0028,0.7647,"Python_14","Pyt_H"
"144",143,0.2314,0.00225,0.0032,0.76315,"Python_14","Pyt_H"
"145",144,0.2332,0.00245,0.00335,0.761,"Python_14","Pyt_H"
"146",145,0.2347,0.00265,0.00335,0.7593,"Python_14","Pyt_H"
"147",146,0.2356,0.003,0.0036,0.7578,"Python_14","Pyt_H"
"148",147,0.2371,0.0029,0.00355,0.75645,"Python_14","Pyt_H"
"149",148,0.2383,0.00295,0.00365,0.7551,"Python_14","Pyt_H"
"150",149,0.2395,0.0029,0.00415,0.75345,"Python_14","Pyt_H"
"151",150,0.24025,0.00285,0.00445,0.75245,"Python_14","Pyt_H"
"152",151,0.24115,0.00315,0.0046,0.7511,"Python_14","Pyt_H"
"153",152,0.24225,0.00365,0.0047,0.7494,"Python_14","Pyt_H"
"154",153,0.24475,0.00355,0.00495,0.74675,"Python_14","Pyt_H"
"155",154,0.2458,0.0036,0.00535,0.74525,"Python_14","Pyt_H"
"156",155,0.247,0.00385,0.0054,0.74375,"Python_14","Pyt_H"
"157",156,0.24775,0.00415,0.00555,0.74255,"Python_14","Pyt_H"
"158",157,0.24935,0.00435,0.00545,0.74085,"Python_14","Pyt_H"
"159",158,0.2503,0.00475,0.0056,0.73935,"Python_14","Pyt_H"
"160",159,0.25185,0.00505,0.0054,0.7377,"Python_14","Pyt_H"
"161",160,0.25255,0.00495,0.0061,0.7364,"Python_14","Pyt_H"
"162",161,0.25315,0.005,0.0069,0.73495,"Python_14","Pyt_H"
"163",162,0.253,0.0058,0.0071,0.7341,"Python_14","Pyt_H"
"164",163,0.25365,0.0062,0.00685,0.7333,"Python_14","Pyt_H"
"165",164,0.25455,0.0062,0.00695,0.7323,"Python_14","Pyt_H"
"166",165,0.25565,0.00595,0.0071,0.7313,"Python_14","Pyt_H"
"167",166,0.25605,0.00625,0.008,0.7297,"Python_14","Pyt_H"
"168",167,0.25635,0.00655,0.0085,0.7286,"Python_14","Pyt_H"
"169",168,0.2564,0.0068,0.00915,0.72765,"Python_14","Pyt_H"
"170",169,0.25615,0.00745,0.00905,0.72735,"Python_14","Pyt_H"
"171",170,0.25675,0.00795,0.0094,0.7259,"Python_14","Pyt_H"
"172",171,0.25695,0.00815,0.0097,0.7252,"Python_14","Pyt_H"
"173",172,0.25755,0.0081,0.0107,0.72365,"Python_14","Pyt_H"
"174",173,0.25695,0.0082,0.01205,0.7228,"Python_14","Pyt_H"
"175",174,0.2566,0.009,0.01245,0.72195,"Python_14","Pyt_H"
"176",175,0.25655,0.0092,0.0128,0.72145,"Python_14","Pyt_H"
"177",176,0.2565,0.00915,0.01355,0.7208,"Python_14","Pyt_H"
"178",177,0.2563,0.0103,0.01385,0.71955,"Python_14","Pyt_H"
"179",178,0.25545,0.01135,0.0142,0.719,"Python_14","Pyt_H"
"180",179,0.255,0.01195,0.0149,0.71815,"Python_14","Pyt_H"
"181",180,0.2541,0.0121,0.0156,0.7182,"Python_14","Pyt_H"
"182",181,0.2534,0.01235,0.0171,0.71715,"Python_14","Pyt_H"
"183",182,0.25215,0.0125,0.018,0.71735,"Python_14","Pyt_H"
"184",183,0.25145,0.0129,0.0189,0.71675,"Python_14","Pyt_H"
"185",184,0.24945,0.01435,0.01955,0.71665,"Python_14","Pyt_H"
"186",185,0.247,0.01605,0.01985,0.7171,"Python_14","Pyt_H"
"187",186,0.24565,0.0155,0.02185,0.717,"Python_14","Pyt_H"
"188",187,0.2441,0.0164,0.023,0.7165,"Python_14","Pyt_H"
"189",188,0.2416,0.01675,0.0245,0.71715,"Python_14","Pyt_H"
"190",189,0.23885,0.01815,0.02515,0.71785,"Python_14","Pyt_H"
"191",190,0.2362,0.0194,0.02595,0.71845,"Python_14","Pyt_H"
"192",191,0.23365,0.02035,0.02685,0.71915,"Python_14","Pyt_H"
"193",192,0.2307,0.0209,0.02885,0.71955,"Python_14","Pyt_H"
"194",193,0.22735,0.02195,0.0296,0.7211,"Python_14","Pyt_H"
"195",194,0.22455,0.02255,0.0309,0.722,"Python_14","Pyt_H"
"196",195,0.22045,0.02335,0.0327,0.7235,"Python_14","Pyt_H"
"197",196,0.2176,0.02455,0.0343,0.72355,"Python_14","Pyt_H"
"198",197,0.2144,0.0245,0.0345,0.7266,"Python_14","Pyt_H"
"199",198,0.21085,0.0253,0.03585,0.728,"Python_14","Pyt_H"
"200",199,0.2075,0.0261,0.038,0.7284,"Python_14","Pyt_H"
"201",200,0.20295,0.0272,0.0391,0.73075,"Python_14","Pyt_H"
"202",201,0.1996,0.02815,0.04025,0.732,"Python_14","Pyt_H"
"203",202,0.1943,0.02915,0.0411,0.73545,"Python_14","Pyt_H"
"204",203,0.19075,0.02895,0.04325,0.73705,"Python_14","Pyt_H"
"205",204,0.18635,0.0297,0.04495,0.739,"Python_14","Pyt_H"
"206",205,0.1825,0.0292,0.0473,0.741,"Python_14","Pyt_H"
"207",206,0.17795,0.02945,0.04795,0.74465,"Python_14","Pyt_H"
"208",207,0.17335,0.0304,0.04835,0.7479,"Python_14","Pyt_H"
"209",208,0.1712,0.0286,0.0483,0.7519,"Python_14","Pyt_H"
"210",209,0.16735,0.0279,0.0494,0.75535,"Python_14","Pyt_H"
"211",210,0.1641,0.0278,0.0511,0.757,"Python_14","Pyt_H"
"212",211,0.16135,0.02705,0.05065,0.76095,"Python_14","Pyt_H"
"213",212,0.15885,0.0264,0.05035,0.7644,"Python_14","Pyt_H"
"214",213,0.1553,0.02865,0.04905,0.767,"Python_14","Pyt_H"
"215",214,0.15255,0.02835,0.0494,0.7697,"Python_14","Pyt_H"
"216",215,0.14945,0.02775,0.0505,0.7723,"Python_14","Pyt_H"
"217",216,0.1469,0.028,0.049,0.7761,"Python_14","Pyt_H"
"218",217,0.14415,0.02665,0.0499,0.7793,"Python_14","Pyt_H"
"219",218,0.14175,0.0257,0.05105,0.7815,"Python_14","Pyt_H"
"220",219,0.13815,0.02655,0.05085,0.78445,"Python_14","Pyt_H"
"221",220,0.1366,0.02435,0.05035,0.7887,"Python_14","Pyt_H"
"222",221,0.1344,0.0237,0.05155,0.79035,"Python_14","Pyt_H"
"223",222,0.13225,0.0235,0.0512,0.79305,"Python_14","Pyt_H"
"224",223,0.1295,0.02435,0.05055,0.7956,"Python_14","Pyt_H"
"225",224,0.1285,0.0234,0.04955,0.79855,"Python_14","Pyt_H"
"226",225,0.1263,0.02445,0.0481,0.80115,"Python_14","Pyt_H"
"227",226,0.125,0.02465,0.0465,0.80385,"Python_14","Pyt_H"
"228",227,0.1241,0.02335,0.0466,0.80595,"Python_14","Pyt_H"
"229",228,0.12375,0.0218,0.04645,0.808,"Python_14","Pyt_H"
"230",229,0.12355,0.02105,0.04505,0.81035,"Python_14","Pyt_H"
"231",230,0.1231,0.0197,0.04495,0.81225,"Python_14","Pyt_H"
"232",231,0.1232,0.0189,0.0443,0.8136,"Python_14","Pyt_H"
"233",232,0.1235,0.0173,0.04415,0.81505,"Python_14","Pyt_H"
"234",233,0.1235,0.01725,0.0433,0.81595,"Python_14","Pyt_H"
"235",234,0.1243,0.0174,0.04145,0.81685,"Python_14","Pyt_H"
"236",235,0.12485,0.0168,0.0404,0.81795,"Python_14","Pyt_H"
"237",236,0.125,0.01655,0.03805,0.8204,"Python_14","Pyt_H"
"238",237,0.1263,0.01595,0.03745,0.8203,"Python_14","Pyt_H"
"239",238,0.12635,0.0156,0.0375,0.82055,"Python_14","Pyt_H"
"240",239,0.127,0.01665,0.0348,0.82155,"Python_14","Pyt_H"
"241",240,0.1271,0.0161,0.03455,0.82225,"Python_14","Pyt_H"
"242",241,0.1283,0.015,0.0336,0.8231,"Python_14","Pyt_H"
"243",242,0.1296,0.0151,0.0335,0.8218,"Python_14","Pyt_H"
"244",243,0.13025,0.01525,0.03225,0.82225,"Python_14","Pyt_H"
"245",244,0.13145,0.01615,0.0313,0.8211,"Python_14","Pyt_H"
"246",245,0.1318,0.01665,0.0306,0.82095,"Python_14","Pyt_H"
"247",246,0.1331,0.01625,0.0303,0.82035,"Python_14","Pyt_H"
"248",247,0.1339,0.01605,0.03005,0.82,"Python_14","Pyt_H"
"249",248,0.13485,0.0153,0.0302,0.81965,"Python_14","Pyt_H"
"250",249,0.13615,0.0136,0.0302,0.82005,"Python_14","Pyt_H"
"251",250,0.13745,0.01305,0.0301,0.8194,"Python_14","Pyt_H"
"252",251,0.1372,0.01375,0.0296,0.81945,"Python_14","Pyt_H"
"253",252,0.13795,0.0146,0.02865,0.8188,"Python_14","Pyt_H"
"254",253,0.1385,0.01455,0.0282,0.81875,"Python_14","Pyt_H"
"255",254,0.1403,0.0141,0.02765,0.81795,"Python_14","Pyt_H"
"256",255,0.14145,0.0144,0.02735,0.8168,"Python_14","Pyt_H"
"257",256,0.1437,0.0142,0.0259,0.8162,"Python_14","Pyt_H"
"258",257,0.14485,0.01335,0.0267,0.8151,"Python_14","Pyt_H"
"259",258,0.14665,0.01315,0.02705,0.81315,"Python_14","Pyt_H"
"260",259,0.14745,0.01365,0.02675,0.81215,"Python_14","Pyt_H"
"261",260,0.14815,0.0146,0.0263,0.81095,"Python_14","Pyt_H"
"262",261,0.14895,0.01535,0.0266,0.8091,"Python_14","Pyt_H"
"263",262,0.1502,0.0145,0.0269,0.8084,"Python_14","Pyt_H"
"264",263,0.1509,0.01405,0.02785,0.8072,"Python_14","Pyt_H"
"265",264,0.15255,0.01405,0.02775,0.80565,"Python_14","Pyt_H"
"266",265,0.153,0.01435,0.027,0.80565,"Python_14","Pyt_H"
"267",266,0.15405,0.0138,0.02685,0.8053,"Python_14","Pyt_H"
"268",267,0.1543,0.0135,0.0268,0.8054,"Python_14","Pyt_H"
"269",268,0.15535,0.01415,0.02575,0.80475,"Python_14","Pyt_H"
"270",269,0.15715,0.01375,0.0257,0.8034,"Python_14","Pyt_H"
"271",270,0.15785,0.0138,0.02575,0.8026,"Python_14","Pyt_H"
"272",271,0.15925,0.0143,0.02585,0.8006,"Python_14","Pyt_H"
"273",272,0.16,0.0146,0.02555,0.79985,"Python_14","Pyt_H"
"274",273,0.16175,0.0142,0.0254,0.79865,"Python_14","Pyt_H"
"275",274,0.16275,0.0137,0.0262,0.79735,"Python_14","Pyt_H"
"276",275,0.1636,0.0138,0.0269,0.7957,"Python_14","Pyt_H"
"277",276,0.16335,0.01535,0.02665,0.79465,"Python_14","Pyt_H"
"278",277,0.1656,0.01455,0.0266,0.79325,"Python_14","Pyt_H"
"279",278,0.1669,0.01385,0.02715,0.7921,"Python_14","Pyt_H"
"280",279,0.16805,0.0144,0.02705,0.7905,"Python_14","Pyt_H"
"281",280,0.16935,0.0144,0.02695,0.7893,"Python_14","Pyt_H"
"282",281,0.1713,0.0143,0.0272,0.7872,"Python_14","Pyt_H"
"283",282,0.1721,0.0155,0.026,0.7864,"Python_14","Pyt_H"
"284",283,0.17405,0.0159,0.0259,0.78415,"Python_14","Pyt_H"
"285",284,0.1753,0.0167,0.02625,0.78175,"Python_14","Pyt_H"
"286",285,0.1761,0.01735,0.02555,0.781,"Python_14","Pyt_H"
"287",286,0.17705,0.0181,0.0248,0.78005,"Python_14","Pyt_H"
"288",287,0.1778,0.01705,0.0262,0.77895,"Python_14","Pyt_H"
"289",288,0.17855,0.0166,0.0271,0.77775,"Python_14","Pyt_H"
"290",289,0.17935,0.01735,0.02625,0.77705,"Python_14","Pyt_H"
"291",290,0.1812,0.0161,0.027,0.7757,"Python_14","Pyt_H"
"292",291,0.1814,0.01645,0.02665,0.7755,"Python_14","Pyt_H"
"293",292,0.18185,0.01625,0.0274,0.7745,"Python_14","Pyt_H"
"294",293,0.1823,0.0158,0.0293,0.7726,"Python_14","Pyt_H"
"295",294,0.1814,0.0176,0.029,0.772,"Python_14","Pyt_H"
"296",295,0.18085,0.0183,0.0292,0.77165,"Python_14","Pyt_H"
"297",296,0.18105,0.01865,0.02915,0.77115,"Python_14","Pyt_H"
"298",297,0.18125,0.0188,0.0295,0.77045,"Python_14","Pyt_H"
"299",298,0.18155,0.0172,0.0309,0.77035,"Python_14","Pyt_H"
"300",299,0.1813,0.0177,0.03125,0.76975,"Python_14","Pyt_H"
"301",300,0.1806,0.0185,0.03175,0.76915,"Python_14","Pyt_H"
"302",301,0.1798,0.0201,0.03055,0.76955,"Python_14","Pyt_H"
"303",302,0.18085,0.019,0.03195,0.7682,"Python_14","Pyt_H"
"304",303,0.18105,0.0191,0.0324,0.76745,"Python_14","Pyt_H"
"305",304,0.18045,0.0199,0.03235,0.7673,"Python_14","Pyt_H"
"306",305,0.17985,0.02065,0.0324,0.7671,"Python_14","Pyt_H"
"307",306,0.17915,0.02145,0.0326,0.7668,"Python_14","Pyt_H"
"308",307,0.17895,0.0214,0.03405,0.7656,"Python_14","Pyt_H"
"309",308,0.1784,0.02155,0.0342,0.76585,"Python_14","Pyt_H"
"310",309,0.1776,0.0223,0.0346,0.7655,"Python_14","Pyt_H"
"311",310,0.17645,0.02265,0.03595,0.76495,"Python_14","Pyt_H"
"312",311,0.17565,0.0226,0.0364,0.76535,"Python_14","Pyt_H"
"313",312,0.17675,0.0221,0.03555,0.7656,"Python_14","Pyt_H"
"314",313,0.1763,0.02225,0.03625,0.7652,"Python_14","Pyt_H"
"315",314,0.177,0.0211,0.03675,0.76515,"Python_14","Pyt_H"
"316",315,0.177,0.0217,0.0372,0.7641,"Python_14","Pyt_H"
"317",316,0.17605,0.0229,0.0373,0.76375,"Python_14","Pyt_H"
"318",317,0.17575,0.0219,0.0389,0.76345,"Python_14","Pyt_H"
"319",318,0.17555,0.02115,0.04055,0.76275,"Python_14","Pyt_H"
"320",319,0.17445,0.022,0.04025,0.7633,"Python_14","Pyt_H"
"321",320,0.1731,0.0225,0.03965,0.76475,"Python_14","Pyt_H"
"322",321,0.17465,0.0214,0.04085,0.7631,"Python_14","Pyt_H"
"323",322,0.17295,0.02215,0.041,0.7639,"Python_14","Pyt_H"
"324",323,0.1733,0.0227,0.0402,0.7638,"Python_14","Pyt_H"
"325",324,0.1726,0.023,0.0408,0.7636,"Python_14","Pyt_H"
"326",325,0.17295,0.02285,0.0421,0.7621,"Python_14","Pyt_H"
"327",326,0.17155,0.02325,0.042,0.7632,"Python_14","Pyt_H"
"328",327,0.17025,0.0239,0.0419,0.76395,"Python_14","Pyt_H"
"329",328,0.16955,0.0239,0.0412,0.76535,"Python_14","Pyt_H"
"330",329,0.16895,0.0233,0.042,0.76575,"Python_14","Pyt_H"
"331",330,0.16705,0.0237,0.0432,0.76605,"Python_14","Pyt_H"
"332",331,0.1663,0.0236,0.0428,0.7673,"Python_14","Pyt_H"
"333",332,0.1654,0.0234,0.04245,0.76875,"Python_14","Pyt_H"
"334",333,0.164,0.02445,0.04295,0.7686,"Python_14","Pyt_H"
"335",334,0.1637,0.0231,0.04365,0.76955,"Python_14","Pyt_H"
"336",335,0.1634,0.02275,0.04395,0.7699,"Python_14","Pyt_H"
"337",336,0.16285,0.0238,0.04365,0.7697,"Python_14","Pyt_H"
"338",337,0.16155,0.02365,0.0437,0.7711,"Python_14","Pyt_H"
"339",338,0.1608,0.02425,0.04355,0.7714,"Python_14","Pyt_H"
"340",339,0.15965,0.02395,0.0439,0.7725,"Python_14","Pyt_H"
"341",340,0.15905,0.02325,0.04405,0.77365,"Python_14","Pyt_H"
"342",341,0.1576,0.0234,0.04435,0.77465,"Python_14","Pyt_H"
"343",342,0.1576,0.0233,0.04415,0.77495,"Python_14","Pyt_H"
"344",343,0.15655,0.0245,0.0435,0.77545,"Python_14","Pyt_H"
"345",344,0.156,0.02485,0.0434,0.77575,"Python_14","Pyt_H"
"346",345,0.15585,0.0245,0.0436,0.77605,"Python_14","Pyt_H"
"347",346,0.15495,0.02425,0.04385,0.77695,"Python_14","Pyt_H"
"348",347,0.15545,0.02375,0.04505,0.77575,"Python_14","Pyt_H"
"349",348,0.1547,0.02315,0.0449,0.77725,"Python_14","Pyt_H"
"350",349,0.15485,0.02315,0.04475,0.77725,"Python_14","Pyt_H"
"351",350,0.15415,0.02225,0.0465,0.7771,"Python_14","Pyt_H"
"352",351,0.1548,0.02155,0.04645,0.7772,"Python_14","Pyt_H"
"353",352,0.1525,0.02375,0.04575,0.778,"Python_14","Pyt_H"
"354",353,0.15305,0.02325,0.046,0.7777,"Python_14","Pyt_H"
"355",354,0.151,0.02385,0.0465,0.77865,"Python_14","Pyt_H"
"356",355,0.14975,0.02475,0.04655,0.77895,"Python_14","Pyt_H"
"357",356,0.14985,0.024,0.0468,0.77935,"Python_14","Pyt_H"
"358",357,0.1483,0.02425,0.0461,0.78135,"Python_14","Pyt_H"
"359",358,0.1469,0.0241,0.04635,0.78265,"Python_14","Pyt_H"
"360",359,0.1462,0.02395,0.0462,0.78365,"Python_14","Pyt_H"
"361",360,0.14705,0.0238,0.04545,0.7837,"Python_14","Pyt_H"
"362",361,0.1477,0.02285,0.04505,0.7844,"Python_14","Pyt_H"
"363",362,0.14815,0.0223,0.0456,0.78395,"Python_14","Pyt_H"
"364",363,0.1472,0.0234,0.0446,0.7848,"Python_14","Pyt_H"
"365",364,0.148,0.02355,0.0439,0.78455,"Python_14","Pyt_H"
"366",365,0.14785,0.0227,0.0439,0.78555,"Python_14","Pyt_H"
"367",366,0.149,0.02145,0.04445,0.7851,"Python_14","Pyt_H"
"368",367,0.14955,0.02165,0.04405,0.78475,"Python_14","Pyt_H"
"369",368,0.148,0.02245,0.04435,0.7852,"Python_14","Pyt_H"
"370",369,0.14805,0.0219,0.04405,0.786,"Python_14","Pyt_H"
"371",370,0.14725,0.02205,0.04455,0.78615,"Python_14","Pyt_H"
"372",371,0.14685,0.02205,0.04385,0.78725,"Python_14","Pyt_H"
"373",372,0.14715,0.0222,0.04295,0.7877,"Python_14","Pyt_H"
"374",373,0.1476,0.0217,0.04225,0.78845,"Python_14","Pyt_H"
"375",374,0.1482,0.02065,0.04215,0.789,"Python_14","Pyt_H"
"376",375,0.14805,0.02045,0.04195,0.78955,"Python_14","Pyt_H"
"377",376,0.14825,0.0209,0.04075,0.7901,"Python_14","Pyt_H"
"378",377,0.1491,0.02035,0.0403,0.79025,"Python_14","Pyt_H"
"379",378,0.14985,0.0198,0.03925,0.7911,"Python_14","Pyt_H"
"380",379,0.1513,0.01905,0.0391,0.79055,"Python_14","Pyt_H"
"381",380,0.1521,0.01905,0.0389,0.78995,"Python_14","Pyt_H"
"382",381,0.15365,0.01865,0.039,0.7887,"Python_14","Pyt_H"
"383",382,0.15425,0.0188,0.03845,0.7885,"Python_14","Pyt_H"
"384",383,0.1564,0.01885,0.0375,0.78725,"Python_14","Pyt_H"
"385",384,0.1568,0.0202,0.0376,0.7854,"Python_14","Pyt_H"
"386",385,0.1563,0.02035,0.0376,0.78575,"Python_14","Pyt_H"
"387",386,0.15585,0.0212,0.03705,0.7859,"Python_14","Pyt_H"
"388",387,0.1555,0.0212,0.03615,0.78715,"Python_14","Pyt_H"
"389",388,0.1561,0.02,0.03615,0.78775,"Python_14","Pyt_H"
"390",389,0.1565,0.01945,0.0363,0.78775,"Python_14","Pyt_H"
"391",390,0.1573,0.01875,0.03645,0.7875,"Python_14","Pyt_H"
"392",391,0.15765,0.0181,0.0368,0.78745,"Python_14","Pyt_H"
"393",392,0.15895,0.01815,0.0371,0.7858,"Python_14","Pyt_H"
"394",393,0.15995,0.0179,0.0374,0.78475,"Python_14","Pyt_H"
"395",394,0.1604,0.0192,0.0359,0.7845,"Python_14","Pyt_H"
"396",395,0.16035,0.0205,0.0353,0.78385,"Python_14","Pyt_H"
"397",396,0.161,0.02015,0.0354,0.78345,"Python_14","Pyt_H"
"398",397,0.16075,0.02015,0.0349,0.7842,"Python_14","Pyt_H"
"399",398,0.1611,0.0201,0.0345,0.7843,"Python_14","Pyt_H"
"400",399,0.16145,0.0198,0.0348,0.78395,"Python_14","Pyt_H"
"401",400,0.1616,0.01975,0.0355,0.78315,"Python_14","Pyt_H"
"402",401,0.1615,0.0197,0.03495,0.78385,"Python_14","Pyt_H"
"403",402,0.1621,0.0195,0.03515,0.78325,"Python_14","Pyt_H"
"404",403,0.16205,0.0199,0.035,0.78305,"Python_14","Pyt_H"
"405",404,0.16215,0.02075,0.035,0.7821,"Python_14","Pyt_H"
"406",405,0.16225,0.0202,0.0366,0.78095,"Python_14","Pyt_H"
"407",406,0.16245,0.02075,0.03635,0.78045,"Python_14","Pyt_H"
"408",407,0.1628,0.0206,0.03655,0.78005,"Python_14","Pyt_H"
"409",408,0.16305,0.0214,0.0367,0.77885,"Python_14","Pyt_H"
"410",409,0.16335,0.02075,0.0377,0.7782,"Python_14","Pyt_H"
"411",410,0.16315,0.0213,0.03725,0.7783,"Python_14","Pyt_H"
"412",411,0.16275,0.0216,0.0367,0.77895,"Python_14","Pyt_H"
"413",412,0.16215,0.0218,0.03615,0.7799,"Python_14","Pyt_H"
"414",413,0.1618,0.02085,0.03645,0.7809,"Python_14","Pyt_H"
"415",414,0.16345,0.0197,0.0375,0.77935,"Python_14","Pyt_H"
"416",415,0.1617,0.0204,0.03805,0.77985,"Python_14","Pyt_H"
"417",416,0.1626,0.0207,0.03705,0.77965,"Python_14","Pyt_H"
"418",417,0.16215,0.02165,0.03685,0.77935,"Python_14","Pyt_H"
"419",418,0.162,0.02115,0.03815,0.7787,"Python_14","Pyt_H"
"420",419,0.16155,0.0217,0.03755,0.7792,"Python_14","Pyt_H"
"421",420,0.1618,0.02165,0.03735,0.7792,"Python_14","Pyt_H"
"422",421,0.1614,0.0212,0.03755,0.77985,"Python_14","Pyt_H"
"423",422,0.16015,0.0218,0.0384,0.77965,"Python_14","Pyt_H"
"424",423,0.1608,0.02135,0.039,0.77885,"Python_14","Pyt_H"
"425",424,0.16065,0.02095,0.03935,0.77905,"Python_14","Pyt_H"
"426",425,0.1613,0.02135,0.0389,0.77845,"Python_14","Pyt_H"
"427",426,0.16195,0.02095,0.0393,0.7778,"Python_14","Pyt_H"
"428",427,0.16115,0.0218,0.03995,0.7771,"Python_14","Pyt_H"
"429",428,0.1616,0.0215,0.04005,0.77685,"Python_14","Pyt_H"
"430",429,0.16235,0.0216,0.03975,0.7763,"Python_14","Pyt_H"
"431",430,0.16225,0.0222,0.03895,0.7766,"Python_14","Pyt_H"
"432",431,0.16185,0.02225,0.0385,0.7774,"Python_14","Pyt_H"
"433",432,0.16195,0.0212,0.0399,0.77695,"Python_14","Pyt_H"
"434",433,0.16,0.02165,0.0406,0.77775,"Python_14","Pyt_H"
"435",434,0.15965,0.0218,0.0407,0.77785,"Python_14","Pyt_H"
"436",435,0.1587,0.02255,0.0401,0.77865,"Python_14","Pyt_H"
"437",436,0.15835,0.0231,0.03965,0.7789,"Python_14","Pyt_H"
"438",437,0.1584,0.0226,0.0404,0.7786,"Python_14","Pyt_H"
"439",438,0.15865,0.0226,0.0408,0.77795,"Python_14","Pyt_H"
"440",439,0.1578,0.0232,0.041,0.778,"Python_14","Pyt_H"
"441",440,0.15785,0.0228,0.04055,0.7788,"Python_14","Pyt_H"
"442",441,0.15885,0.0212,0.04135,0.7786,"Python_14","Pyt_H"
"443",442,0.15935,0.0214,0.0414,0.77785,"Python_14","Pyt_H"
"444",443,0.158,0.0224,0.04085,0.77875,"Python_14","Pyt_H"
"445",444,0.156,0.0227,0.04255,0.77875,"Python_14","Pyt_H"
"446",445,0.15575,0.02305,0.04245,0.77875,"Python_14","Pyt_H"
"447",446,0.1559,0.0235,0.0427,0.7779,"Python_14","Pyt_H"
"448",447,0.15595,0.02455,0.0418,0.7777,"Python_14","Pyt_H"
"449",448,0.1558,0.02325,0.0433,0.77765,"Python_14","Pyt_H"
"450",449,0.15625,0.02305,0.04225,0.77845,"Python_14","Pyt_H"
"451",450,0.15635,0.02205,0.0432,0.7784,"Python_14","Pyt_H"
"452",451,0.1559,0.02205,0.04305,0.779,"Python_14","Pyt_H"
"453",452,0.1558,0.02155,0.04295,0.7797,"Python_14","Pyt_H"
"454",453,0.15495,0.0214,0.0426,0.78105,"Python_14","Pyt_H"
"455",454,0.156,0.02015,0.04235,0.7815,"Python_14","Pyt_H"
"456",455,0.15565,0.0201,0.04285,0.7814,"Python_14","Pyt_H"
"457",456,0.15605,0.0205,0.0424,0.78105,"Python_14","Pyt_H"
"458",457,0.15595,0.02115,0.04165,0.78125,"Python_14","Pyt_H"
"459",458,0.15545,0.0226,0.04115,0.7808,"Python_14","Pyt_H"
"460",459,0.1545,0.0235,0.04095,0.78105,"Python_14","Pyt_H"
"461",460,0.15425,0.0229,0.04125,0.7816,"Python_14","Pyt_H"
"462",461,0.1541,0.0235,0.0402,0.7822,"Python_14","Pyt_H"
"463",462,0.15365,0.02325,0.0398,0.7833,"Python_14","Pyt_H"
"464",463,0.15495,0.02145,0.0403,0.7833,"Python_14","Pyt_H"
"465",464,0.15505,0.02025,0.0408,0.7839,"Python_14","Pyt_H"
"466",465,0.1542,0.02035,0.0412,0.78425,"Python_14","Pyt_H"
"467",466,0.1554,0.021,0.03985,0.78375,"Python_14","Pyt_H"
"468",467,0.1547,0.0208,0.03945,0.78505,"Python_14","Pyt_H"
"469",468,0.15425,0.021,0.0394,0.78535,"Python_14","Pyt_H"
"470",469,0.15355,0.0212,0.03935,0.7859,"Python_14","Pyt_H"
"471",470,0.1532,0.02105,0.03895,0.7868,"Python_14","Pyt_H"
"472",471,0.15305,0.0211,0.03815,0.7877,"Python_14","Pyt_H"
"473",472,0.15395,0.0204,0.0381,0.78755,"Python_14","Pyt_H"
"474",473,0.155,0.01945,0.03885,0.7867,"Python_14","Pyt_H"
"475",474,0.15525,0.02055,0.03835,0.78585,"Python_14","Pyt_H"
"476",475,0.1546,0.02045,0.0391,0.78585,"Python_14","Pyt_H"
"477",476,0.1555,0.02055,0.03785,0.7861,"Python_14","Pyt_H"
"478",477,0.15515,0.0203,0.03785,0.7867,"Python_14","Pyt_H"
"479",478,0.15645,0.0211,0.0365,0.78595,"Python_14","Pyt_H"
"480",479,0.15565,0.0209,0.0369,0.78655,"Python_14","Pyt_H"
"481",480,0.15615,0.02025,0.0377,0.7859,"Python_14","Pyt_H"
"482",481,0.157,0.01945,0.03805,0.7855,"Python_14","Pyt_H"
"483",482,0.1575,0.0196,0.03795,0.78495,"Python_14","Pyt_H"
"484",483,0.158,0.0194,0.0375,0.7851,"Python_14","Pyt_H"
"485",484,0.15795,0.01965,0.0368,0.7856,"Python_14","Pyt_H"
"486",485,0.1595,0.01975,0.03645,0.7843,"Python_14","Pyt_H"
"487",486,0.16015,0.0195,0.03605,0.7843,"Python_14","Pyt_H"
"488",487,0.1616,0.0194,0.0366,0.7824,"Python_14","Pyt_H"
"489",488,0.1627,0.0197,0.03615,0.78145,"Python_14","Pyt_H"
"490",489,0.1637,0.0191,0.03705,0.78015,"Python_14","Pyt_H"
"491",490,0.16345,0.0201,0.037,0.77945,"Python_14","Pyt_H"
"492",491,0.16455,0.0197,0.03615,0.7796,"Python_14","Pyt_H"
"493",492,0.16575,0.0201,0.03585,0.7783,"Python_14","Pyt_H"
"494",493,0.1652,0.02,0.03645,0.77835,"Python_14","Pyt_H"
"495",494,0.16545,0.0196,0.03715,0.7778,"Python_14","Pyt_H"
"496",495,0.1647,0.0209,0.0368,0.7776,"Python_14","Pyt_H"
"497",496,0.1652,0.0216,0.03705,0.77615,"Python_14","Pyt_H"
"498",497,0.165,0.02205,0.0369,0.77605,"Python_14","Pyt_H"
"499",498,0.16565,0.0222,0.0368,0.77535,"Python_14","Pyt_H"
"500",499,0.1654,0.0219,0.03665,0.77605,"Python_14","Pyt_H"
"501",500,0.16525,0.02205,0.0363,0.7764,"Python_14","Pyt_H"
"502",501,0.1645,0.02235,0.03705,0.7761,"Python_14","Pyt_H"
"503",502,0.16535,0.0228,0.037,0.77485,"Python_14","Pyt_H"
"504",503,0.1654,0.02195,0.038,0.77465,"Python_14","Pyt_H"
"505",504,0.1652,0.02225,0.0379,0.77465,"Python_14","Pyt_H"
"506",505,0.16595,0.02215,0.03895,0.77295,"Python_14","Pyt_H"
"507",506,0.1657,0.0224,0.0396,0.7723,"Python_14","Pyt_H"
"508",507,0.1646,0.0225,0.0401,0.7728,"Python_14","Pyt_H"
"509",508,0.16405,0.02215,0.04105,0.77275,"Python_14","Pyt_H"
"510",509,0.1626,0.0231,0.0414,0.7729,"Python_14","Pyt_H"
"511",510,0.16235,0.02405,0.0421,0.7715,"Python_14","Pyt_H"
"512",511,0.16055,0.0247,0.0427,0.77205,"Python_14","Pyt_H"
"513",512,0.16095,0.02435,0.0425,0.7722,"Python_14","Pyt_H"
"514",513,0.161,0.0233,0.04205,0.77365,"Python_14","Pyt_H"
"515",514,0.15955,0.02415,0.0422,0.7741,"Python_14","Pyt_H"
"516",515,0.15935,0.02365,0.04235,0.77465,"Python_14","Pyt_H"
"517",516,0.15875,0.02335,0.04205,0.77585,"Python_14","Pyt_H"
"518",517,0.15845,0.0235,0.0414,0.77665,"Python_14","Pyt_H"
"519",518,0.15895,0.02165,0.04155,0.77785,"Python_14","Pyt_H"
"520",519,0.15995,0.0209,0.04225,0.7769,"Python_14","Pyt_H"
"521",520,0.15925,0.0206,0.04275,0.7774,"Python_14","Pyt_H"
"522",521,0.1593,0.02115,0.0424,0.77715,"Python_14","Pyt_H"
"523",522,0.1593,0.0227,0.0405,0.7775,"Python_14","Pyt_H"
"524",523,0.1598,0.021,0.04165,0.77755,"Python_14","Pyt_H"
"525",524,0.1601,0.0218,0.04195,0.77615,"Python_14","Pyt_H"
"526",525,0.16035,0.02165,0.042,0.776,"Python_14","Pyt_H"
"527",526,0.1613,0.0204,0.04165,0.77665,"Python_14","Pyt_H"
"528",527,0.15965,0.02085,0.04205,0.77745,"Python_14","Pyt_H"
"529",528,0.1589,0.0215,0.04115,0.77845,"Python_14","Pyt_H"
"530",529,0.15925,0.02195,0.03905,0.77975,"Python_14","Pyt_H"
"531",530,0.158,0.0225,0.03865,0.78085,"Python_14","Pyt_H"
"532",531,0.1584,0.02235,0.03935,0.7799,"Python_14","Pyt_H"
"533",532,0.15895,0.0222,0.03995,0.7789,"Python_14","Pyt_H"
"534",533,0.15805,0.0223,0.0409,0.77875,"Python_14","Pyt_H"
"535",534,0.15825,0.02235,0.04005,0.77935,"Python_14","Pyt_H"
"536",535,0.15745,0.02305,0.039,0.7805,"Python_14","Pyt_H"
"537",536,0.1577,0.02235,0.0393,0.78065,"Python_14","Pyt_H"
"538",537,0.158,0.02175,0.03915,0.7811,"Python_14","Pyt_H"
"539",538,0.15785,0.02045,0.0403,0.7814,"Python_14","Pyt_H"
"540",539,0.15725,0.02125,0.0398,0.7817,"Python_14","Pyt_H"
"541",540,0.15745,0.02145,0.04005,0.78105,"Python_14","Pyt_H"
"542",541,0.15735,0.02135,0.041,0.7803,"Python_14","Pyt_H"
"543",542,0.1575,0.02205,0.04045,0.78,"Python_14","Pyt_H"
"544",543,0.15725,0.02195,0.04055,0.78025,"Python_14","Pyt_H"
"545",544,0.15765,0.0214,0.0403,0.78065,"Python_14","Pyt_H"
"546",545,0.15765,0.0212,0.04025,0.7809,"Python_14","Pyt_H"
"547",546,0.1571,0.02105,0.0405,0.78135,"Python_14","Pyt_H"
"548",547,0.1567,0.02215,0.04035,0.7808,"Python_14","Pyt_H"
"549",548,0.1581,0.02125,0.04105,0.7796,"Python_14","Pyt_H"
"550",549,0.158,0.0209,0.04215,0.77895,"Python_14","Pyt_H"
"551",550,0.15785,0.02125,0.04195,0.77895,"Python_14","Pyt_H"
"552",551,0.15795,0.02125,0.04225,0.77855,"Python_14","Pyt_H"
"553",552,0.1592,0.021,0.041,0.7788,"Python_14","Pyt_H"
"554",553,0.1581,0.02175,0.0414,0.77875,"Python_14","Pyt_H"
"555",554,0.1572,0.02235,0.04085,0.7796,"Python_14","Pyt_H"
"556",555,0.1578,0.0221,0.0406,0.7795,"Python_14","Pyt_H"
"557",556,0.1583,0.02105,0.041,0.77965,"Python_14","Pyt_H"
"558",557,0.1581,0.0216,0.03985,0.78045,"Python_14","Pyt_H"
"559",558,0.15825,0.0208,0.0402,0.78075,"Python_14","Pyt_H"
"560",559,0.15705,0.0218,0.03965,0.7815,"Python_14","Pyt_H"
"561",560,0.1575,0.02175,0.03905,0.7817,"Python_14","Pyt_H"
"562",561,0.1581,0.0211,0.0392,0.7816,"Python_14","Pyt_H"
"563",562,0.15825,0.0209,0.0394,0.78145,"Python_14","Pyt_H"
"564",563,0.1585,0.02035,0.03975,0.7814,"Python_14","Pyt_H"
"565",564,0.15785,0.0211,0.0396,0.78145,"Python_14","Pyt_H"
"566",565,0.15975,0.01985,0.03995,0.78045,"Python_14","Pyt_H"
"567",566,0.16005,0.02,0.04065,0.7793,"Python_14","Pyt_H"
"568",567,0.15955,0.02085,0.0398,0.7798,"Python_14","Pyt_H"
"569",568,0.16085,0.021,0.03915,0.779,"Python_14","Pyt_H"
"570",569,0.16165,0.02055,0.0398,0.778,"Python_14","Pyt_H"
"571",570,0.16145,0.0205,0.0402,0.77785,"Python_14","Pyt_H"
"572",571,0.1606,0.02205,0.0405,0.77685,"Python_14","Pyt_H"
"573",572,0.16125,0.02105,0.0394,0.7783,"Python_14","Pyt_H"
"574",573,0.16065,0.0213,0.0399,0.77815,"Python_14","Pyt_H"
"575",574,0.15985,0.02245,0.03995,0.77775,"Python_14","Pyt_H"
"576",575,0.16065,0.022,0.04005,0.7773,"Python_14","Pyt_H"
"577",576,0.16145,0.01995,0.04145,0.77715,"Python_14","Pyt_H"
"578",577,0.16165,0.01955,0.0418,0.777,"Python_14","Pyt_H"
"579",578,0.16155,0.0202,0.0405,0.77775,"Python_14","Pyt_H"
"580",579,0.16195,0.02,0.0402,0.77785,"Python_14","Pyt_H"
"581",580,0.163,0.01945,0.04025,0.7773,"Python_14","Pyt_H"
"582",581,0.16335,0.0201,0.03955,0.777,"Python_14","Pyt_H"
"583",582,0.1637,0.0211,0.03855,0.77665,"Python_14","Pyt_H"
"584",583,0.16455,0.02065,0.03815,0.77665,"Python_14","Pyt_H"
"585",584,0.16455,0.02015,0.0383,0.777,"Python_14","Pyt_H"
"586",585,0.1657,0.0205,0.0376,0.7762,"Python_14","Pyt_H"
"587",586,0.1655,0.02095,0.0378,0.77575,"Python_14","Pyt_H"
"588",587,0.16555,0.02135,0.0377,0.7754,"Python_14","Pyt_H"
"589",588,0.16675,0.02135,0.0364,0.7755,"Python_14","Pyt_H"
"590",589,0.1667,0.0208,0.0364,0.7761,"Python_14","Pyt_H"
"591",590,0.16785,0.0199,0.03775,0.7745,"Python_14","Pyt_H"
"592",591,0.16885,0.0195,0.03835,0.7733,"Python_14","Pyt_H"
"593",592,0.16815,0.0201,0.0388,0.77295,"Python_14","Pyt_H"
"594",593,0.16965,0.01985,0.0387,0.7718,"Python_14","Pyt_H"
"595",594,0.16875,0.02105,0.0382,0.772,"Python_14","Pyt_H"
"596",595,0.16885,0.02095,0.03865,0.77155,"Python_14","Pyt_H"
"597",596,0.1678,0.02215,0.03905,0.771,"Python_14","Pyt_H"
"598",597,0.16815,0.0222,0.03905,0.7706,"Python_14","Pyt_H"
"599",598,0.1691,0.021,0.0387,0.7712,"Python_14","Pyt_H"
"600",599,0.1689,0.02155,0.0381,0.77145,"Python_14","Pyt_H"
"601",600,0.169,0.0211,0.0373,0.7726,"Python_14","Pyt_H"
"602",601,0.1707,0.02105,0.0376,0.77065,"Python_14","Pyt_H"
"603",602,0.1706,0.02145,0.038,0.76995,"Python_14","Pyt_H"
"604",603,0.171,0.02165,0.0379,0.76945,"Python_14","Pyt_H"
"605",604,0.17025,0.02205,0.0378,0.7699,"Python_14","Pyt_H"
"606",605,0.1701,0.02235,0.03725,0.7703,"Python_14","Pyt_H"
"607",606,0.16965,0.0228,0.0385,0.76905,"Python_14","Pyt_H"
"608",607,0.1681,0.0239,0.0384,0.7696,"Python_14","Pyt_H"
"609",608,0.16725,0.0246,0.0388,0.76935,"Python_14","Pyt_H"
"610",609,0.168,0.0241,0.0394,0.7685,"Python_14","Pyt_H"
"611",610,0.16855,0.02425,0.04035,0.76685,"Python_14","Pyt_H"
"612",611,0.16865,0.0243,0.0403,0.76675,"Python_14","Pyt_H"
"613",612,0.16835,0.0241,0.04165,0.7659,"Python_14","Pyt_H"
"614",613,0.16735,0.02405,0.04215,0.76645,"Python_14","Pyt_H"
"615",614,0.1667,0.02425,0.0425,0.76655,"Python_14","Pyt_H"
"616",615,0.16685,0.02395,0.04265,0.76655,"Python_14","Pyt_H"
"617",616,0.16775,0.02325,0.04295,0.76605,"Python_14","Pyt_H"
"618",617,0.1673,0.0236,0.04295,0.76615,"Python_14","Pyt_H"
"619",618,0.1672,0.02355,0.0427,0.76655,"Python_14","Pyt_H"
"620",619,0.16605,0.02455,0.0416,0.7678,"Python_14","Pyt_H"
"621",620,0.16475,0.0246,0.04205,0.7686,"Python_14","Pyt_H"
"622",621,0.16285,0.02595,0.0424,0.7688,"Python_14","Pyt_H"
"623",622,0.16165,0.02515,0.04235,0.77085,"Python_14","Pyt_H"
"624",623,0.16075,0.02395,0.04335,0.77195,"Python_14","Pyt_H"
"625",624,0.16155,0.02305,0.04375,0.77165,"Python_14","Pyt_H"
"626",625,0.1619,0.02225,0.0432,0.77265,"Python_14","Pyt_H"
"627",626,0.16125,0.0235,0.0428,0.77245,"Python_14","Pyt_H"
"628",627,0.1608,0.024,0.04205,0.77315,"Python_14","Pyt_H"
"629",628,0.1612,0.02275,0.0436,0.77245,"Python_14","Pyt_H"
"630",629,0.1606,0.02315,0.0432,0.77305,"Python_14","Pyt_H"
"631",630,0.1607,0.0229,0.04405,0.77235,"Python_14","Pyt_H"
"632",631,0.15995,0.02305,0.0445,0.7725,"Python_14","Pyt_H"
"633",632,0.1603,0.0226,0.0446,0.7725,"Python_14","Pyt_H"
"634",633,0.1612,0.0226,0.04495,0.77125,"Python_14","Pyt_H"
"635",634,0.1609,0.0228,0.0441,0.7722,"Python_14","Pyt_H"
"636",635,0.16085,0.02295,0.0445,0.7717,"Python_14","Pyt_H"
"637",636,0.1598,0.02325,0.04445,0.7725,"Python_14","Pyt_H"
"638",637,0.1599,0.0233,0.0438,0.773,"Python_14","Pyt_H"
"639",638,0.15965,0.02315,0.0441,0.7731,"Python_14","Pyt_H"
"640",639,0.16055,0.02245,0.04415,0.77285,"Python_14","Pyt_H"
"641",640,0.1601,0.02275,0.04305,0.7741,"Python_14","Pyt_H"
"642",641,0.15885,0.02295,0.04315,0.77505,"Python_14","Pyt_H"
"643",642,0.15745,0.024,0.04335,0.7752,"Python_14","Pyt_H"
"644",643,0.15735,0.0247,0.0438,0.77415,"Python_14","Pyt_H"
"645",644,0.15675,0.02475,0.0432,0.7753,"Python_14","Pyt_H"
"646",645,0.1573,0.0236,0.043,0.7761,"Python_14","Pyt_H"
"647",646,0.15705,0.02395,0.0434,0.7756,"Python_14","Pyt_H"
"648",647,0.15675,0.02265,0.0445,0.7761,"Python_14","Pyt_H"
"649",648,0.15675,0.0235,0.0431,0.77665,"Python_14","Pyt_H"
"650",649,0.15735,0.02225,0.04395,0.77645,"Python_14","Pyt_H"
"651",650,0.1575,0.02205,0.04345,0.777,"Python_14","Pyt_H"
"652",651,0.15745,0.02225,0.0434,0.7769,"Python_14","Pyt_H"
"653",652,0.1573,0.02255,0.0421,0.77805,"Python_14","Pyt_H"
"654",653,0.1569,0.02235,0.04165,0.7791,"Python_14","Pyt_H"
"655",654,0.15695,0.02275,0.0417,0.7786,"Python_14","Pyt_H"
"656",655,0.1572,0.02235,0.0413,0.77915,"Python_14","Pyt_H"
"657",656,0.15695,0.0227,0.0423,0.77805,"Python_14","Pyt_H"
"658",657,0.15655,0.023,0.0426,0.77785,"Python_14","Pyt_H"
"659",658,0.15745,0.02305,0.04215,0.77735,"Python_14","Pyt_H"
"660",659,0.1571,0.0222,0.0427,0.778,"Python_14","Pyt_H"
"661",660,0.1568,0.0222,0.04325,0.77775,"Python_14","Pyt_H"
