"","step","S","E","I","R","simu","Langage"
"1",0,0.999,0,0.001,0,"Python_4","Pyt_H"
"2",1,0.9983,7e-04,0.001,0,"Python_4","Pyt_H"
"3",2,0.9979,0.0011,0.00055,0.00045,"Python_4","Pyt_H"
"4",3,0.9972,0.00175,5e-04,0.00055,"Python_4","Pyt_H"
"5",4,0.99645,0.00205,9e-04,6e-04,"Python_4","Pyt_H"
"6",5,0.99535,0.00295,0.00105,0.00065,"Python_4","Pyt_H"
"7",6,0.9946,0.0033,0.0014,7e-04,"Python_4","Pyt_H"
"8",7,0.9933,0.00385,0.00205,8e-04,"Python_4","Pyt_H"
"9",8,0.9914,0.0049,0.0027,0.001,"Python_4","Pyt_H"
"10",9,0.9891,0.0066,0.00315,0.00115,"Python_4","Pyt_H"
"11",10,0.9868,0.008,0.0035,0.0017,"Python_4","Pyt_H"
"12",11,0.98415,0.0091,0.0046,0.00215,"Python_4","Pyt_H"
"13",12,0.98,0.01115,0.0064,0.00245,"Python_4","Pyt_H"
"14",13,0.9744,0.0147,0.00805,0.00285,"Python_4","Pyt_H"
"15",14,0.9669,0.01915,0.0102,0.00375,"Python_4","Pyt_H"
"16",15,0.9572,0.0251,0.0131,0.0046,"Python_4","Pyt_H"
"17",16,0.94715,0.03115,0.01575,0.00595,"Python_4","Pyt_H"
"18",17,0.93405,0.03795,0.0205,0.0075,"Python_4","Pyt_H"
"19",18,0.9182,0.0465,0.02565,0.00965,"Python_4","Pyt_H"
"20",19,0.8982,0.0579,0.0321,0.0118,"Python_4","Pyt_H"
"21",20,0.8717,0.0734,0.0404,0.0145,"Python_4","Pyt_H"
"22",21,0.8417,0.09055,0.0495,0.01825,"Python_4","Pyt_H"
"23",22,0.8054,0.11015,0.061,0.02345,"Python_4","Pyt_H"
"24",23,0.76365,0.1314,0.07575,0.0292,"Python_4","Pyt_H"
"25",24,0.713,0.15585,0.09575,0.0354,"Python_4","Pyt_H"
"26",25,0.6523,0.1861,0.1173,0.0443,"Python_4","Pyt_H"
"27",26,0.5907,0.21355,0.14045,0.0553,"Python_4","Pyt_H"
"28",27,0.51925,0.2441,0.1676,0.06905,"Python_4","Pyt_H"
"29",28,0.44815,0.2656,0.19885,0.0874,"Python_4","Pyt_H"
"30",29,0.37925,0.28405,0.2306,0.1061,"Python_4","Pyt_H"
"31",30,0.31225,0.29075,0.2661,0.1309,"Python_4","Pyt_H"
"32",31,0.25,0.29255,0.30095,0.1565,"Python_4","Pyt_H"
"33",32,0.19585,0.27965,0.33625,0.18825,"Python_4","Pyt_H"
"34",33,0.1472,0.26355,0.3656,0.22365,"Python_4","Pyt_H"
"35",34,0.11175,0.2375,0.38745,0.2633,"Python_4","Pyt_H"
"36",35,0.0814,0.2112,0.3993,0.3081,"Python_4","Pyt_H"
"37",36,0.0605,0.18005,0.40615,0.3533,"Python_4","Pyt_H"
"38",37,0.0433,0.15235,0.40495,0.3994,"Python_4","Pyt_H"
"39",38,0.03335,0.1245,0.39525,0.4469,"Python_4","Pyt_H"
"40",39,0.02615,0.10195,0.3772,0.4947,"Python_4","Pyt_H"
"41",40,0.0206,0.0821,0.3556,0.5417,"Python_4","Pyt_H"
"42",41,0.0171,0.0659,0.3334,0.5836,"Python_4","Pyt_H"
"43",42,0.01615,0.0507,0.3089,0.62425,"Python_4","Pyt_H"
"44",43,0.01515,0.0405,0.2846,0.65975,"Python_4","Pyt_H"
"45",44,0.01445,0.0334,0.25675,0.6954,"Python_4","Pyt_H"
"46",45,0.0136,0.02595,0.23425,0.7262,"Python_4","Pyt_H"
"47",46,0.01335,0.0213,0.20985,0.7555,"Python_4","Pyt_H"
"48",47,0.01375,0.01735,0.1885,0.7804,"Python_4","Pyt_H"
"49",48,0.0142,0.015,0.16705,0.80375,"Python_4","Pyt_H"
"50",49,0.0143,0.0131,0.1491,0.8235,"Python_4","Pyt_H"
"51",50,0.0158,0.01095,0.1322,0.84105,"Python_4","Pyt_H"
"52",51,0.01615,0.0103,0.11795,0.8556,"Python_4","Pyt_H"
"53",52,0.0173,0.0085,0.1049,0.8693,"Python_4","Pyt_H"
"54",53,0.0189,0.00745,0.0911,0.88255,"Python_4","Pyt_H"
"55",54,0.01995,0.0065,0.08125,0.8923,"Python_4","Pyt_H"
"56",55,0.0221,0.00585,0.0706,0.90145,"Python_4","Pyt_H"
"57",56,0.0246,0.0053,0.06335,0.90675,"Python_4","Pyt_H"
"58",57,0.02555,0.00565,0.056,0.9128,"Python_4","Pyt_H"
"59",58,0.02815,0.00545,0.05035,0.91605,"Python_4","Pyt_H"
"60",59,0.0308,0.0052,0.0447,0.9193,"Python_4","Pyt_H"
"61",60,0.0329,0.0051,0.0392,0.9228,"Python_4","Pyt_H"
"62",61,0.0356,0.0047,0.03525,0.92445,"Python_4","Pyt_H"
"63",62,0.03795,0.0048,0.03135,0.9259,"Python_4","Pyt_H"
"64",63,0.04045,0.00485,0.0281,0.9266,"Python_4","Pyt_H"
"65",64,0.04395,0.0044,0.02565,0.926,"Python_4","Pyt_H"
"66",65,0.0466,0.0041,0.0236,0.9257,"Python_4","Pyt_H"
"67",66,0.04835,0.00405,0.02055,0.92705,"Python_4","Pyt_H"
"68",67,0.0506,0.0038,0.018,0.9276,"Python_4","Pyt_H"
"69",68,0.05285,0.00365,0.016,0.9275,"Python_4","Pyt_H"
"70",69,0.0548,0.00365,0.0149,0.92665,"Python_4","Pyt_H"
"71",70,0.05785,0.00335,0.0137,0.9251,"Python_4","Pyt_H"
"72",71,0.0603,0.0031,0.0123,0.9243,"Python_4","Pyt_H"
"73",72,0.0624,0.003,0.0113,0.9233,"Python_4","Pyt_H"
"74",73,0.06505,0.00295,0.0101,0.9219,"Python_4","Pyt_H"
"75",74,0.06795,0.0028,0.0094,0.91985,"Python_4","Pyt_H"
"76",75,0.0711,0.0026,0.00915,0.91715,"Python_4","Pyt_H"
"77",76,0.07385,0.00255,0.0085,0.9151,"Python_4","Pyt_H"
"78",77,0.0764,0.00265,0.0076,0.91335,"Python_4","Pyt_H"
"79",78,0.0794,0.0024,0.00725,0.91095,"Python_4","Pyt_H"
"80",79,0.0821,0.0023,0.007,0.9086,"Python_4","Pyt_H"
"81",80,0.0845,0.00195,0.00665,0.9069,"Python_4","Pyt_H"
"82",81,0.08755,0.00195,0.0062,0.9043,"Python_4","Pyt_H"
"83",82,0.09,0.0018,0.0055,0.9027,"Python_4","Pyt_H"
"84",83,0.09245,0.0016,0.0052,0.90075,"Python_4","Pyt_H"
"85",84,0.09585,0.0017,0.0047,0.89775,"Python_4","Pyt_H"
"86",85,0.0984,0.00185,0.0046,0.89515,"Python_4","Pyt_H"
"87",86,0.10115,0.00165,0.00445,0.89275,"Python_4","Pyt_H"
"88",87,0.10385,0.0013,0.00465,0.8902,"Python_4","Pyt_H"
"89",88,0.1067,0.00125,0.0043,0.88775,"Python_4","Pyt_H"
"90",89,0.10915,0.0014,0.0039,0.88555,"Python_4","Pyt_H"
"91",90,0.112,0.0014,0.00325,0.88335,"Python_4","Pyt_H"
"92",91,0.11415,0.00165,0.00325,0.88095,"Python_4","Pyt_H"
"93",92,0.117,0.00175,0.0029,0.87835,"Python_4","Pyt_H"
"94",93,0.1199,0.0017,0.00295,0.87545,"Python_4","Pyt_H"
"95",94,0.12235,0.0016,0.00285,0.8732,"Python_4","Pyt_H"
"96",95,0.12535,0.0014,0.00285,0.8704,"Python_4","Pyt_H"
"97",96,0.1274,0.00135,0.00245,0.8688,"Python_4","Pyt_H"
"98",97,0.12945,0.0015,0.00235,0.8667,"Python_4","Pyt_H"
"99",98,0.1318,0.0015,0.0022,0.8645,"Python_4","Pyt_H"
"100",99,0.1343,0.0011,0.0025,0.8621,"Python_4","Pyt_H"
"101",100,0.1376,0.0011,0.0025,0.8588,"Python_4","Pyt_H"
"102",101,0.13995,0.00115,0.00255,0.85635,"Python_4","Pyt_H"
"103",102,0.1426,0.00165,0.00225,0.8535,"Python_4","Pyt_H"
"104",103,0.1447,0.00165,0.0022,0.85145,"Python_4","Pyt_H"
"105",104,0.1471,0.00175,0.0021,0.84905,"Python_4","Pyt_H"
"106",105,0.14935,0.00175,0.00225,0.84665,"Python_4","Pyt_H"
"107",106,0.1521,0.00155,0.00235,0.844,"Python_4","Pyt_H"
"108",107,0.15455,0.0014,0.00235,0.8417,"Python_4","Pyt_H"
"109",108,0.1572,0.00135,0.0023,0.83915,"Python_4","Pyt_H"
"110",109,0.15965,0.0015,0.002,0.83685,"Python_4","Pyt_H"
"111",110,0.1621,0.00135,0.002,0.83455,"Python_4","Pyt_H"
"112",111,0.1643,0.00125,0.00205,0.8324,"Python_4","Pyt_H"
"113",112,0.16705,0.00105,0.002,0.8299,"Python_4","Pyt_H"
"114",113,0.1688,0.0011,0.002,0.8281,"Python_4","Pyt_H"
"115",114,0.171,0.00115,0.002,0.82585,"Python_4","Pyt_H"
"116",115,0.17295,0.001,0.002,0.82405,"Python_4","Pyt_H"
"117",116,0.17525,0.00115,0.00195,0.82165,"Python_4","Pyt_H"
"118",117,0.1768,0.00135,0.00195,0.8199,"Python_4","Pyt_H"
"119",118,0.17915,0.00135,0.0016,0.8179,"Python_4","Pyt_H"
"120",119,0.1806,0.00135,0.00165,0.8164,"Python_4","Pyt_H"
"121",120,0.1825,0.00105,0.00185,0.8146,"Python_4","Pyt_H"
"122",121,0.18485,0.00085,0.00185,0.81245,"Python_4","Pyt_H"
"123",122,0.18685,9e-04,0.0019,0.81035,"Python_4","Pyt_H"
"124",123,0.18905,0.00085,0.0017,0.8084,"Python_4","Pyt_H"
"125",124,0.19095,0.00085,0.00155,0.80665,"Python_4","Pyt_H"
"126",125,0.19305,9e-04,0.00145,0.8046,"Python_4","Pyt_H"
"127",126,0.1952,0.00075,0.00155,0.8025,"Python_4","Pyt_H"
"128",127,0.1967,0.00075,0.00155,0.801,"Python_4","Pyt_H"
"129",128,0.19885,0.00055,0.0016,0.799,"Python_4","Pyt_H"
"130",129,0.20065,8e-04,0.00135,0.7972,"Python_4","Pyt_H"
"131",130,0.2023,0.00075,0.00135,0.7956,"Python_4","Pyt_H"
"132",131,0.20425,9e-04,0.00135,0.7935,"Python_4","Pyt_H"
"133",132,0.20705,0.00085,0.0013,0.7908,"Python_4","Pyt_H"
"134",133,0.2091,0.00075,0.0014,0.78875,"Python_4","Pyt_H"
"135",134,0.21165,8e-04,0.00145,0.7861,"Python_4","Pyt_H"
"136",135,0.21425,7e-04,0.0016,0.78345,"Python_4","Pyt_H"
"137",136,0.21635,0.001,0.00155,0.7811,"Python_4","Pyt_H"
"138",137,0.21815,0.0011,0.00125,0.7795,"Python_4","Pyt_H"
"139",138,0.22005,0.001,0.0013,0.77765,"Python_4","Pyt_H"
"140",139,0.2223,0.001,0.00155,0.77515,"Python_4","Pyt_H"
"141",140,0.2243,0.0011,0.0015,0.7731,"Python_4","Pyt_H"
"142",141,0.2263,0.00115,0.00155,0.771,"Python_4","Pyt_H"
"143",142,0.22825,0.00095,0.00185,0.76895,"Python_4","Pyt_H"
"144",143,0.2301,0.00125,0.00195,0.7667,"Python_4","Pyt_H"
"145",144,0.23235,0.00145,0.00175,0.76445,"Python_4","Pyt_H"
"146",145,0.23435,0.00135,0.00195,0.76235,"Python_4","Pyt_H"
"147",146,0.23575,0.0014,0.00175,0.7611,"Python_4","Pyt_H"
"148",147,0.2371,0.00155,0.00205,0.7593,"Python_4","Pyt_H"
"149",148,0.2392,0.0016,0.00235,0.75685,"Python_4","Pyt_H"
"150",149,0.24085,0.0017,0.0023,0.75515,"Python_4","Pyt_H"
"151",150,0.24295,0.0015,0.00265,0.7529,"Python_4","Pyt_H"
"152",151,0.24415,0.00145,0.0028,0.7516,"Python_4","Pyt_H"
"153",152,0.24605,0.0016,0.0025,0.74985,"Python_4","Pyt_H"
"154",153,0.24735,0.0016,0.0024,0.74865,"Python_4","Pyt_H"
"155",154,0.24885,0.0018,0.00235,0.747,"Python_4","Pyt_H"
"156",155,0.2503,0.00175,0.00235,0.7456,"Python_4","Pyt_H"
"157",156,0.25235,0.0017,0.00285,0.7431,"Python_4","Pyt_H"
"158",157,0.2537,0.00175,0.003,0.74155,"Python_4","Pyt_H"
"159",158,0.25545,0.0017,0.0031,0.73975,"Python_4","Pyt_H"
"160",159,0.25725,0.0018,0.00325,0.7377,"Python_4","Pyt_H"
"161",160,0.25875,0.002,0.00345,0.7358,"Python_4","Pyt_H"
"162",161,0.2599,0.00215,0.00335,0.7346,"Python_4","Pyt_H"
"163",162,0.26115,0.002,0.0038,0.73305,"Python_4","Pyt_H"
"164",163,0.26195,0.0027,0.00385,0.7315,"Python_4","Pyt_H"
"165",164,0.26335,0.0028,0.00385,0.73,"Python_4","Pyt_H"
"166",165,0.2645,0.00305,0.0039,0.72855,"Python_4","Pyt_H"
"167",166,0.2662,0.0033,0.0038,0.7267,"Python_4","Pyt_H"
"168",167,0.26775,0.0035,0.00415,0.7246,"Python_4","Pyt_H"
"169",168,0.26875,0.0039,0.0045,0.72285,"Python_4","Pyt_H"
"170",169,0.26985,0.00405,0.0048,0.7213,"Python_4","Pyt_H"
"171",170,0.27095,0.0042,0.005,0.71985,"Python_4","Pyt_H"
"172",171,0.2721,0.00425,0.00505,0.7186,"Python_4","Pyt_H"
"173",172,0.2732,0.00445,0.00545,0.7169,"Python_4","Pyt_H"
"174",173,0.27375,0.00465,0.006,0.7156,"Python_4","Pyt_H"
"175",174,0.27485,0.00455,0.0062,0.7144,"Python_4","Pyt_H"
"176",175,0.27535,0.00505,0.0064,0.7132,"Python_4","Pyt_H"
"177",176,0.27625,0.0052,0.0071,0.71145,"Python_4","Pyt_H"
"178",177,0.27685,0.0056,0.00715,0.7104,"Python_4","Pyt_H"
"179",178,0.2767,0.0064,0.00735,0.70955,"Python_4","Pyt_H"
"180",179,0.277,0.00645,0.0081,0.70845,"Python_4","Pyt_H"
"181",180,0.27735,0.00645,0.00925,0.70695,"Python_4","Pyt_H"
"182",181,0.27795,0.0067,0.0098,0.70555,"Python_4","Pyt_H"
"183",182,0.2792,0.00685,0.0102,0.70375,"Python_4","Pyt_H"
"184",183,0.27855,0.00785,0.01015,0.70345,"Python_4","Pyt_H"
"185",184,0.27865,0.00875,0.01005,0.70255,"Python_4","Pyt_H"
"186",185,0.27865,0.00925,0.0109,0.7012,"Python_4","Pyt_H"
"187",186,0.27855,0.0099,0.0122,0.69935,"Python_4","Pyt_H"
"188",187,0.2774,0.0109,0.0123,0.6994,"Python_4","Pyt_H"
"189",188,0.27745,0.01125,0.0123,0.699,"Python_4","Pyt_H"
"190",189,0.2769,0.01185,0.0127,0.69855,"Python_4","Pyt_H"
"191",190,0.27575,0.0123,0.0143,0.69765,"Python_4","Pyt_H"
"192",191,0.27515,0.01255,0.01485,0.69745,"Python_4","Pyt_H"
"193",192,0.27385,0.01255,0.01635,0.69725,"Python_4","Pyt_H"
"194",193,0.27225,0.0133,0.01685,0.6976,"Python_4","Pyt_H"
"195",194,0.272,0.013,0.0174,0.6976,"Python_4","Pyt_H"
"196",195,0.27125,0.0137,0.0179,0.69715,"Python_4","Pyt_H"
"197",196,0.27005,0.0139,0.01905,0.697,"Python_4","Pyt_H"
"198",197,0.2671,0.0162,0.01975,0.69695,"Python_4","Pyt_H"
"199",198,0.26565,0.0169,0.02095,0.6965,"Python_4","Pyt_H"
"200",199,0.2642,0.0171,0.02225,0.69645,"Python_4","Pyt_H"
"201",200,0.2608,0.0182,0.0249,0.6961,"Python_4","Pyt_H"
"202",201,0.2571,0.0202,0.02645,0.69625,"Python_4","Pyt_H"
"203",202,0.2538,0.0219,0.0266,0.6977,"Python_4","Pyt_H"
"204",203,0.2509,0.0226,0.0279,0.6986,"Python_4","Pyt_H"
"205",204,0.24765,0.0234,0.02945,0.6995,"Python_4","Pyt_H"
"206",205,0.2436,0.0248,0.0315,0.7001,"Python_4","Pyt_H"
"207",206,0.2401,0.02535,0.03325,0.7013,"Python_4","Pyt_H"
"208",207,0.23655,0.02635,0.0341,0.703,"Python_4","Pyt_H"
"209",208,0.2334,0.026,0.03585,0.70475,"Python_4","Pyt_H"
"210",209,0.2296,0.0265,0.03825,0.70565,"Python_4","Pyt_H"
"211",210,0.2247,0.02705,0.0396,0.70865,"Python_4","Pyt_H"
"212",211,0.22115,0.028,0.04035,0.7105,"Python_4","Pyt_H"
"213",212,0.2167,0.0291,0.0411,0.7131,"Python_4","Pyt_H"
"214",213,0.21315,0.0294,0.04275,0.7147,"Python_4","Pyt_H"
"215",214,0.2073,0.0307,0.0438,0.7182,"Python_4","Pyt_H"
"216",215,0.2033,0.0313,0.0455,0.7199,"Python_4","Pyt_H"
"217",216,0.19775,0.0321,0.04685,0.7233,"Python_4","Pyt_H"
"218",217,0.1918,0.0326,0.0487,0.7269,"Python_4","Pyt_H"
"219",218,0.1884,0.0328,0.0504,0.7284,"Python_4","Pyt_H"
"220",219,0.1843,0.0324,0.0517,0.7316,"Python_4","Pyt_H"
"221",220,0.18025,0.03245,0.05345,0.73385,"Python_4","Pyt_H"
"222",221,0.1754,0.0336,0.053,0.738,"Python_4","Pyt_H"
"223",222,0.17055,0.0333,0.05495,0.7412,"Python_4","Pyt_H"
"224",223,0.16575,0.0324,0.05685,0.745,"Python_4","Pyt_H"
"225",224,0.1622,0.03145,0.0579,0.74845,"Python_4","Pyt_H"
"226",225,0.15695,0.03305,0.0581,0.7519,"Python_4","Pyt_H"
"227",226,0.15355,0.03365,0.05665,0.75615,"Python_4","Pyt_H"
"228",227,0.15005,0.03305,0.0569,0.76,"Python_4","Pyt_H"
"229",228,0.1463,0.03225,0.05805,0.7634,"Python_4","Pyt_H"
"230",229,0.1423,0.0311,0.0593,0.7673,"Python_4","Pyt_H"
"231",230,0.13885,0.03,0.05965,0.7715,"Python_4","Pyt_H"
"232",231,0.1364,0.02975,0.05875,0.7751,"Python_4","Pyt_H"
"233",232,0.1339,0.0284,0.05865,0.77905,"Python_4","Pyt_H"
"234",233,0.1317,0.02805,0.05745,0.7828,"Python_4","Pyt_H"
"235",234,0.12955,0.02665,0.05725,0.78655,"Python_4","Pyt_H"
"236",235,0.12835,0.0251,0.05645,0.7901,"Python_4","Pyt_H"
"237",236,0.12725,0.02425,0.05395,0.79455,"Python_4","Pyt_H"
"238",237,0.12505,0.0234,0.05315,0.7984,"Python_4","Pyt_H"
"239",238,0.12385,0.02225,0.05185,0.80205,"Python_4","Pyt_H"
"240",239,0.12335,0.0214,0.0511,0.80415,"Python_4","Pyt_H"
"241",240,0.1229,0.02185,0.04955,0.8057,"Python_4","Pyt_H"
"242",241,0.1217,0.0215,0.04635,0.81045,"Python_4","Pyt_H"
"243",242,0.12125,0.02135,0.04535,0.81205,"Python_4","Pyt_H"
"244",243,0.1196,0.02125,0.0441,0.81505,"Python_4","Pyt_H"
"245",244,0.1193,0.02095,0.04185,0.8179,"Python_4","Pyt_H"
"246",245,0.1201,0.01955,0.04155,0.8188,"Python_4","Pyt_H"
"247",246,0.11985,0.0185,0.04065,0.821,"Python_4","Pyt_H"
"248",247,0.1204,0.0168,0.0401,0.8227,"Python_4","Pyt_H"
"249",248,0.1219,0.016,0.03875,0.82335,"Python_4","Pyt_H"
"250",249,0.12105,0.017,0.03745,0.8245,"Python_4","Pyt_H"
"251",250,0.1225,0.01765,0.03615,0.8237,"Python_4","Pyt_H"
"252",251,0.1242,0.0167,0.0354,0.8237,"Python_4","Pyt_H"
"253",252,0.12525,0.01615,0.0341,0.8245,"Python_4","Pyt_H"
"254",253,0.12595,0.01555,0.0328,0.8257,"Python_4","Pyt_H"
"255",254,0.1265,0.01485,0.0327,0.82595,"Python_4","Pyt_H"
"256",255,0.12775,0.0142,0.03095,0.8271,"Python_4","Pyt_H"
"257",256,0.12865,0.0142,0.0307,0.82645,"Python_4","Pyt_H"
"258",257,0.12855,0.0154,0.0302,0.82585,"Python_4","Pyt_H"
"259",258,0.12955,0.01605,0.02935,0.82505,"Python_4","Pyt_H"
"260",259,0.13025,0.0152,0.03,0.82455,"Python_4","Pyt_H"
"261",260,0.132,0.01465,0.02905,0.8243,"Python_4","Pyt_H"
"262",261,0.1342,0.0141,0.02905,0.82265,"Python_4","Pyt_H"
"263",262,0.1352,0.0132,0.0282,0.8234,"Python_4","Pyt_H"
"264",263,0.1365,0.0131,0.02745,0.82295,"Python_4","Pyt_H"
"265",264,0.13725,0.0131,0.02625,0.8234,"Python_4","Pyt_H"
"266",265,0.139,0.01285,0.02675,0.8214,"Python_4","Pyt_H"
"267",266,0.1415,0.01285,0.02615,0.8195,"Python_4","Pyt_H"
"268",267,0.1424,0.0129,0.0254,0.8193,"Python_4","Pyt_H"
"269",268,0.14345,0.01295,0.02535,0.81825,"Python_4","Pyt_H"
"270",269,0.1456,0.0134,0.02485,0.81615,"Python_4","Pyt_H"
"271",270,0.1469,0.0131,0.0247,0.8153,"Python_4","Pyt_H"
"272",271,0.14885,0.0122,0.0244,0.81455,"Python_4","Pyt_H"
"273",272,0.1499,0.01255,0.02445,0.8131,"Python_4","Pyt_H"
"274",273,0.15145,0.0129,0.0231,0.81255,"Python_4","Pyt_H"
"275",274,0.1529,0.0125,0.0235,0.8111,"Python_4","Pyt_H"
"276",275,0.15485,0.0128,0.02335,0.809,"Python_4","Pyt_H"
"277",276,0.15675,0.01275,0.023,0.8075,"Python_4","Pyt_H"
"278",277,0.15905,0.0122,0.02315,0.8056,"Python_4","Pyt_H"
"279",278,0.1598,0.01255,0.0229,0.80475,"Python_4","Pyt_H"
"280",279,0.1613,0.0125,0.0221,0.8041,"Python_4","Pyt_H"
"281",280,0.16325,0.0123,0.0219,0.80255,"Python_4","Pyt_H"
"282",281,0.16535,0.0123,0.0219,0.80045,"Python_4","Pyt_H"
"283",282,0.1675,0.0124,0.0222,0.7979,"Python_4","Pyt_H"
"284",283,0.16885,0.0127,0.02285,0.7956,"Python_4","Pyt_H"
"285",284,0.16995,0.0134,0.02275,0.7939,"Python_4","Pyt_H"
"286",285,0.17175,0.01295,0.0231,0.7922,"Python_4","Pyt_H"
"287",286,0.17405,0.01195,0.0233,0.7907,"Python_4","Pyt_H"
"288",287,0.1759,0.0121,0.0239,0.7881,"Python_4","Pyt_H"
"289",288,0.17765,0.0131,0.0236,0.78565,"Python_4","Pyt_H"
"290",289,0.1792,0.0135,0.02295,0.78435,"Python_4","Pyt_H"
"291",290,0.17995,0.01375,0.02235,0.78395,"Python_4","Pyt_H"
"292",291,0.1793,0.0144,0.02315,0.78315,"Python_4","Pyt_H"
"293",292,0.181,0.0141,0.024,0.7809,"Python_4","Pyt_H"
"294",293,0.1826,0.01405,0.02465,0.7787,"Python_4","Pyt_H"
"295",294,0.1842,0.01505,0.02425,0.7765,"Python_4","Pyt_H"
"296",295,0.18525,0.0148,0.02465,0.7753,"Python_4","Pyt_H"
"297",296,0.18625,0.01595,0.02435,0.77345,"Python_4","Pyt_H"
"298",297,0.1867,0.01575,0.02485,0.7727,"Python_4","Pyt_H"
"299",298,0.18765,0.0154,0.0256,0.77135,"Python_4","Pyt_H"
"300",299,0.18795,0.01605,0.02675,0.76925,"Python_4","Pyt_H"
"301",300,0.1884,0.01735,0.0269,0.76735,"Python_4","Pyt_H"
"302",301,0.18835,0.017,0.0281,0.76655,"Python_4","Pyt_H"
"303",302,0.1881,0.0173,0.0289,0.7657,"Python_4","Pyt_H"
"304",303,0.18735,0.0184,0.0296,0.76465,"Python_4","Pyt_H"
"305",304,0.1878,0.0197,0.02965,0.76285,"Python_4","Pyt_H"
"306",305,0.1874,0.01955,0.0311,0.76195,"Python_4","Pyt_H"
"307",306,0.1879,0.0201,0.03145,0.76055,"Python_4","Pyt_H"
"308",307,0.18765,0.0204,0.0321,0.75985,"Python_4","Pyt_H"
"309",308,0.1874,0.02175,0.0314,0.75945,"Python_4","Pyt_H"
"310",309,0.1877,0.02055,0.03365,0.7581,"Python_4","Pyt_H"
"311",310,0.18635,0.02105,0.0343,0.7583,"Python_4","Pyt_H"
"312",311,0.1869,0.02155,0.03445,0.7571,"Python_4","Pyt_H"
"313",312,0.18655,0.0213,0.03525,0.7569,"Python_4","Pyt_H"
"314",313,0.1851,0.02215,0.03625,0.7565,"Python_4","Pyt_H"
"315",314,0.18475,0.022,0.0362,0.75705,"Python_4","Pyt_H"
"316",315,0.18365,0.0225,0.0361,0.75775,"Python_4","Pyt_H"
"317",316,0.18225,0.0236,0.03625,0.7579,"Python_4","Pyt_H"
"318",317,0.18055,0.0244,0.037,0.75805,"Python_4","Pyt_H"
"319",318,0.17955,0.0244,0.0383,0.75775,"Python_4","Pyt_H"
"320",319,0.1794,0.0241,0.0388,0.7577,"Python_4","Pyt_H"
"321",320,0.1774,0.02445,0.03955,0.7586,"Python_4","Pyt_H"
"322",321,0.1767,0.0241,0.04015,0.75905,"Python_4","Pyt_H"
"323",322,0.17555,0.02455,0.0412,0.7587,"Python_4","Pyt_H"
"324",323,0.17385,0.02555,0.04,0.7606,"Python_4","Pyt_H"
"325",324,0.1724,0.02545,0.0401,0.76205,"Python_4","Pyt_H"
"326",325,0.17275,0.0255,0.03975,0.762,"Python_4","Pyt_H"
"327",326,0.1722,0.02465,0.0412,0.76195,"Python_4","Pyt_H"
"328",327,0.17095,0.02525,0.04165,0.76215,"Python_4","Pyt_H"
"329",328,0.16995,0.025,0.0417,0.76335,"Python_4","Pyt_H"
"330",329,0.1685,0.0246,0.04215,0.76475,"Python_4","Pyt_H"
"331",330,0.16845,0.0246,0.0416,0.76535,"Python_4","Pyt_H"
"332",331,0.1674,0.0245,0.04235,0.76575,"Python_4","Pyt_H"
"333",332,0.16765,0.0232,0.04265,0.7665,"Python_4","Pyt_H"
"334",333,0.16645,0.0233,0.0429,0.76735,"Python_4","Pyt_H"
"335",334,0.166,0.02435,0.0426,0.76705,"Python_4","Pyt_H"
"336",335,0.16465,0.0241,0.04295,0.7683,"Python_4","Pyt_H"
"337",336,0.1634,0.02385,0.04255,0.7702,"Python_4","Pyt_H"
"338",337,0.16295,0.02425,0.04235,0.77045,"Python_4","Pyt_H"
"339",338,0.16195,0.02475,0.04255,0.77075,"Python_4","Pyt_H"
"340",339,0.1612,0.025,0.04255,0.77125,"Python_4","Pyt_H"
"341",340,0.1606,0.02475,0.04225,0.7724,"Python_4","Pyt_H"
"342",341,0.15925,0.0243,0.0424,0.77405,"Python_4","Pyt_H"
"343",342,0.15825,0.02445,0.04165,0.77565,"Python_4","Pyt_H"
"344",343,0.15705,0.02405,0.04245,0.77645,"Python_4","Pyt_H"
"345",344,0.15675,0.02395,0.0437,0.7756,"Python_4","Pyt_H"
"346",345,0.15605,0.0232,0.0435,0.77725,"Python_4","Pyt_H"
"347",346,0.15465,0.02315,0.04415,0.77805,"Python_4","Pyt_H"
"348",347,0.1544,0.02295,0.04475,0.7779,"Python_4","Pyt_H"
"349",348,0.15375,0.0242,0.04265,0.7794,"Python_4","Pyt_H"
"350",349,0.1536,0.02445,0.0422,0.77975,"Python_4","Pyt_H"
"351",350,0.15415,0.02365,0.0427,0.7795,"Python_4","Pyt_H"
"352",351,0.15315,0.0248,0.04265,0.7794,"Python_4","Pyt_H"
"353",352,0.15455,0.02445,0.04165,0.77935,"Python_4","Pyt_H"
"354",353,0.1551,0.02235,0.04235,0.7802,"Python_4","Pyt_H"
"355",354,0.1551,0.02155,0.04325,0.7801,"Python_4","Pyt_H"
"356",355,0.15495,0.02165,0.04265,0.78075,"Python_4","Pyt_H"
"357",356,0.15525,0.0206,0.04235,0.7818,"Python_4","Pyt_H"
"358",357,0.1553,0.02185,0.0412,0.78165,"Python_4","Pyt_H"
"359",358,0.15625,0.021,0.041,0.78175,"Python_4","Pyt_H"
"360",359,0.15695,0.0211,0.04095,0.781,"Python_4","Pyt_H"
"361",360,0.1576,0.02225,0.04015,0.78,"Python_4","Pyt_H"
"362",361,0.1581,0.02245,0.04045,0.779,"Python_4","Pyt_H"
"363",362,0.1583,0.0222,0.0404,0.7791,"Python_4","Pyt_H"
"364",363,0.1581,0.0225,0.04105,0.77835,"Python_4","Pyt_H"
"365",364,0.1575,0.0222,0.0415,0.7788,"Python_4","Pyt_H"
"366",365,0.15675,0.0221,0.04215,0.779,"Python_4","Pyt_H"
"367",366,0.15625,0.0231,0.04185,0.7788,"Python_4","Pyt_H"
"368",367,0.1563,0.02235,0.04205,0.7793,"Python_4","Pyt_H"
"369",368,0.1548,0.02275,0.04185,0.7806,"Python_4","Pyt_H"
"370",369,0.15495,0.0228,0.04085,0.7814,"Python_4","Pyt_H"
"371",370,0.1545,0.0235,0.0401,0.7819,"Python_4","Pyt_H"
"372",371,0.1551,0.02345,0.03925,0.7822,"Python_4","Pyt_H"
"373",372,0.15505,0.02195,0.04,0.783,"Python_4","Pyt_H"
"374",373,0.1553,0.0219,0.04055,0.78225,"Python_4","Pyt_H"
"375",374,0.15575,0.02195,0.0408,0.7815,"Python_4","Pyt_H"
"376",375,0.1566,0.02145,0.04155,0.7804,"Python_4","Pyt_H"
"377",376,0.15595,0.02135,0.04205,0.78065,"Python_4","Pyt_H"
"378",377,0.1555,0.02195,0.0417,0.78085,"Python_4","Pyt_H"
"379",378,0.15565,0.0224,0.04175,0.7802,"Python_4","Pyt_H"
"380",379,0.15455,0.02375,0.0405,0.7812,"Python_4","Pyt_H"
"381",380,0.1548,0.02325,0.0409,0.78105,"Python_4","Pyt_H"
"382",381,0.1551,0.0234,0.04125,0.78025,"Python_4","Pyt_H"
"383",382,0.15505,0.0236,0.04095,0.7804,"Python_4","Pyt_H"
"384",383,0.1557,0.02335,0.0409,0.78005,"Python_4","Pyt_H"
"385",384,0.15615,0.02255,0.04215,0.77915,"Python_4","Pyt_H"
"386",385,0.1567,0.021,0.0422,0.7801,"Python_4","Pyt_H"
"387",386,0.1572,0.0204,0.0428,0.7796,"Python_4","Pyt_H"
"388",387,0.15765,0.02105,0.04195,0.77935,"Python_4","Pyt_H"
"389",388,0.15845,0.02135,0.04075,0.77945,"Python_4","Pyt_H"
"390",389,0.1584,0.0209,0.0404,0.7803,"Python_4","Pyt_H"
"391",390,0.1594,0.0208,0.0394,0.7804,"Python_4","Pyt_H"
"392",391,0.16095,0.0205,0.0394,0.77915,"Python_4","Pyt_H"
"393",392,0.16165,0.02055,0.0385,0.7793,"Python_4","Pyt_H"
"394",393,0.1627,0.0202,0.039,0.7781,"Python_4","Pyt_H"
"395",394,0.16235,0.0207,0.03885,0.7781,"Python_4","Pyt_H"
"396",395,0.16245,0.0213,0.03875,0.7775,"Python_4","Pyt_H"
"397",396,0.16175,0.02135,0.03905,0.77785,"Python_4","Pyt_H"
"398",397,0.162,0.0222,0.03855,0.77725,"Python_4","Pyt_H"
"399",398,0.16335,0.02175,0.03835,0.77655,"Python_4","Pyt_H"
"400",399,0.16275,0.0224,0.03745,0.7774,"Python_4","Pyt_H"
"401",400,0.16305,0.02245,0.0371,0.7774,"Python_4","Pyt_H"
"402",401,0.1631,0.0212,0.03975,0.77595,"Python_4","Pyt_H"
"403",402,0.16335,0.0218,0.03915,0.7757,"Python_4","Pyt_H"
"404",403,0.16355,0.0212,0.0394,0.77585,"Python_4","Pyt_H"
"405",404,0.16455,0.0212,0.0383,0.77595,"Python_4","Pyt_H"
"406",405,0.1651,0.02095,0.03855,0.7754,"Python_4","Pyt_H"
"407",406,0.1662,0.0211,0.0376,0.7751,"Python_4","Pyt_H"
"408",407,0.1667,0.02175,0.0375,0.77405,"Python_4","Pyt_H"
"409",408,0.16795,0.021,0.0377,0.77335,"Python_4","Pyt_H"
"410",409,0.16885,0.021,0.0378,0.77235,"Python_4","Pyt_H"
"411",410,0.1682,0.0222,0.0384,0.7712,"Python_4","Pyt_H"
"412",411,0.1695,0.0225,0.03745,0.77055,"Python_4","Pyt_H"
"413",412,0.17,0.02355,0.03785,0.7686,"Python_4","Pyt_H"
"414",413,0.17025,0.02365,0.0388,0.7673,"Python_4","Pyt_H"
"415",414,0.169,0.02355,0.0399,0.76755,"Python_4","Pyt_H"
"416",415,0.1691,0.02285,0.0405,0.76755,"Python_4","Pyt_H"
"417",416,0.16855,0.02345,0.0407,0.7673,"Python_4","Pyt_H"
"418",417,0.1691,0.02265,0.0412,0.76705,"Python_4","Pyt_H"
"419",418,0.1692,0.02145,0.0426,0.76675,"Python_4","Pyt_H"
"420",419,0.16975,0.0212,0.0425,0.76655,"Python_4","Pyt_H"
"421",420,0.16895,0.0214,0.0423,0.76735,"Python_4","Pyt_H"
"422",421,0.1682,0.02235,0.0421,0.76735,"Python_4","Pyt_H"
"423",422,0.16675,0.0238,0.0414,0.76805,"Python_4","Pyt_H"
"424",423,0.1647,0.02485,0.04095,0.7695,"Python_4","Pyt_H"
"425",424,0.164,0.02625,0.03935,0.7704,"Python_4","Pyt_H"
"426",425,0.1642,0.0254,0.0404,0.77,"Python_4","Pyt_H"
"427",426,0.16385,0.0249,0.0412,0.77005,"Python_4","Pyt_H"
"428",427,0.16385,0.0244,0.04215,0.7696,"Python_4","Pyt_H"
"429",428,0.16355,0.024,0.04255,0.7699,"Python_4","Pyt_H"
"430",429,0.1635,0.0243,0.04195,0.77025,"Python_4","Pyt_H"
"431",430,0.16365,0.0232,0.0418,0.77135,"Python_4","Pyt_H"
"432",431,0.1626,0.0235,0.0417,0.7722,"Python_4","Pyt_H"
"433",432,0.1627,0.0229,0.0416,0.7728,"Python_4","Pyt_H"
"434",433,0.16185,0.02385,0.04095,0.77335,"Python_4","Pyt_H"
"435",434,0.1619,0.02305,0.0414,0.77365,"Python_4","Pyt_H"
"436",435,0.16265,0.02335,0.04115,0.77285,"Python_4","Pyt_H"
"437",436,0.16205,0.02275,0.0421,0.7731,"Python_4","Pyt_H"
"438",437,0.16165,0.02305,0.0413,0.774,"Python_4","Pyt_H"
"439",438,0.162,0.0235,0.04055,0.77395,"Python_4","Pyt_H"
"440",439,0.1621,0.02285,0.0415,0.77355,"Python_4","Pyt_H"
"441",440,0.1623,0.0229,0.04155,0.77325,"Python_4","Pyt_H"
"442",441,0.16225,0.02195,0.04205,0.77375,"Python_4","Pyt_H"
"443",442,0.16095,0.0226,0.04265,0.7738,"Python_4","Pyt_H"
"444",443,0.16055,0.02305,0.0418,0.7746,"Python_4","Pyt_H"
"445",444,0.16,0.0236,0.0411,0.7753,"Python_4","Pyt_H"
"446",445,0.1605,0.0224,0.0414,0.7757,"Python_4","Pyt_H"
"447",446,0.1602,0.0216,0.0425,0.7757,"Python_4","Pyt_H"
"448",447,0.1596,0.0221,0.0419,0.7764,"Python_4","Pyt_H"
"449",448,0.15935,0.02305,0.0397,0.7779,"Python_4","Pyt_H"
"450",449,0.1587,0.0221,0.0397,0.7795,"Python_4","Pyt_H"
"451",450,0.1601,0.02145,0.0397,0.77875,"Python_4","Pyt_H"
"452",451,0.15975,0.021,0.04055,0.7787,"Python_4","Pyt_H"
"453",452,0.1589,0.0209,0.0404,0.7798,"Python_4","Pyt_H"
"454",453,0.1589,0.02155,0.03975,0.7798,"Python_4","Pyt_H"
"455",454,0.15835,0.0219,0.04015,0.7796,"Python_4","Pyt_H"
"456",455,0.1576,0.02185,0.04015,0.7804,"Python_4","Pyt_H"
"457",456,0.1571,0.0215,0.04075,0.78065,"Python_4","Pyt_H"
"458",457,0.15765,0.02055,0.04055,0.78125,"Python_4","Pyt_H"
"459",458,0.1574,0.0203,0.0383,0.784,"Python_4","Pyt_H"
"460",459,0.1564,0.0213,0.03855,0.78375,"Python_4","Pyt_H"
"461",460,0.15665,0.0219,0.03765,0.7838,"Python_4","Pyt_H"
"462",461,0.15705,0.0214,0.0374,0.78415,"Python_4","Pyt_H"
"463",462,0.1577,0.02175,0.0375,0.78305,"Python_4","Pyt_H"
"464",463,0.15835,0.021,0.0369,0.78375,"Python_4","Pyt_H"
"465",464,0.15835,0.02045,0.0366,0.7846,"Python_4","Pyt_H"
"466",465,0.15875,0.0215,0.0367,0.78305,"Python_4","Pyt_H"
"467",466,0.15895,0.02075,0.03775,0.78255,"Python_4","Pyt_H"
"468",467,0.1583,0.02075,0.03735,0.7836,"Python_4","Pyt_H"
"469",468,0.15945,0.01995,0.0373,0.7833,"Python_4","Pyt_H"
"470",469,0.1602,0.01945,0.0377,0.78265,"Python_4","Pyt_H"
"471",470,0.15885,0.0209,0.03755,0.7827,"Python_4","Pyt_H"
"472",471,0.1587,0.02025,0.03735,0.7837,"Python_4","Pyt_H"
"473",472,0.1595,0.01955,0.03745,0.7835,"Python_4","Pyt_H"
"474",473,0.1597,0.01995,0.03745,0.7829,"Python_4","Pyt_H"
"475",474,0.15935,0.0201,0.0377,0.78285,"Python_4","Pyt_H"
"476",475,0.15945,0.0199,0.0382,0.78245,"Python_4","Pyt_H"
"477",476,0.15925,0.0205,0.03815,0.7821,"Python_4","Pyt_H"
"478",477,0.15815,0.021,0.03865,0.7822,"Python_4","Pyt_H"
"479",478,0.1588,0.0208,0.0381,0.7823,"Python_4","Pyt_H"
"480",479,0.1575,0.0219,0.0375,0.7831,"Python_4","Pyt_H"
"481",480,0.1574,0.022,0.037,0.7836,"Python_4","Pyt_H"
"482",481,0.15765,0.0216,0.03695,0.7838,"Python_4","Pyt_H"
"483",482,0.1575,0.0215,0.0375,0.7835,"Python_4","Pyt_H"
"484",483,0.15775,0.0212,0.03845,0.7826,"Python_4","Pyt_H"
"485",484,0.1569,0.0218,0.0379,0.7834,"Python_4","Pyt_H"
"486",485,0.1564,0.02245,0.03845,0.7827,"Python_4","Pyt_H"
"487",486,0.1573,0.02125,0.0388,0.78265,"Python_4","Pyt_H"
"488",487,0.1556,0.0227,0.0386,0.7831,"Python_4","Pyt_H"
"489",488,0.155,0.0223,0.03845,0.78425,"Python_4","Pyt_H"
"490",489,0.1558,0.0212,0.03915,0.78385,"Python_4","Pyt_H"
"491",490,0.15435,0.02165,0.0395,0.7845,"Python_4","Pyt_H"
"492",491,0.15565,0.02115,0.03885,0.78435,"Python_4","Pyt_H"
"493",492,0.1556,0.02125,0.03905,0.7841,"Python_4","Pyt_H"
"494",493,0.15655,0.02125,0.0381,0.7841,"Python_4","Pyt_H"
"495",494,0.1556,0.02015,0.0398,0.78445,"Python_4","Pyt_H"
"496",495,0.1559,0.0207,0.0391,0.7843,"Python_4","Pyt_H"
"497",496,0.15595,0.0209,0.03855,0.7846,"Python_4","Pyt_H"
"498",497,0.157,0.02035,0.0386,0.78405,"Python_4","Pyt_H"
"499",498,0.1581,0.0196,0.0395,0.7828,"Python_4","Pyt_H"
"500",499,0.15765,0.02065,0.03855,0.78315,"Python_4","Pyt_H"
"501",500,0.15775,0.02185,0.03705,0.78335,"Python_4","Pyt_H"
"502",501,0.1583,0.0215,0.03675,0.78345,"Python_4","Pyt_H"
"503",502,0.15805,0.02115,0.0367,0.7841,"Python_4","Pyt_H"
"504",503,0.1587,0.01945,0.03865,0.7832,"Python_4","Pyt_H"
"505",504,0.15845,0.02055,0.0384,0.7826,"Python_4","Pyt_H"
"506",505,0.1597,0.02075,0.03765,0.7819,"Python_4","Pyt_H"
"507",506,0.1594,0.0207,0.03845,0.78145,"Python_4","Pyt_H"
"508",507,0.1587,0.02025,0.0388,0.78225,"Python_4","Pyt_H"
"509",508,0.1581,0.0199,0.039,0.783,"Python_4","Pyt_H"
"510",509,0.159,0.0197,0.03805,0.78325,"Python_4","Pyt_H"
"511",510,0.1599,0.0187,0.0384,0.783,"Python_4","Pyt_H"
"512",511,0.15905,0.01985,0.03835,0.78275,"Python_4","Pyt_H"
"513",512,0.15845,0.0211,0.03665,0.7838,"Python_4","Pyt_H"
"514",513,0.1591,0.021,0.03665,0.78325,"Python_4","Pyt_H"
"515",514,0.15955,0.02125,0.03675,0.78245,"Python_4","Pyt_H"
"516",515,0.1592,0.0212,0.03725,0.78235,"Python_4","Pyt_H"
"517",516,0.1587,0.0219,0.03725,0.78215,"Python_4","Pyt_H"
"518",517,0.1596,0.021,0.0381,0.7813,"Python_4","Pyt_H"
"519",518,0.15995,0.02055,0.0376,0.7819,"Python_4","Pyt_H"
"520",519,0.15985,0.0206,0.03785,0.7817,"Python_4","Pyt_H"
"521",520,0.16135,0.0208,0.0367,0.78115,"Python_4","Pyt_H"
"522",521,0.16265,0.02025,0.0364,0.7807,"Python_4","Pyt_H"
"523",522,0.1635,0.0196,0.0368,0.7801,"Python_4","Pyt_H"
"524",523,0.16225,0.02075,0.03755,0.77945,"Python_4","Pyt_H"
"525",524,0.16175,0.02105,0.03795,0.77925,"Python_4","Pyt_H"
"526",525,0.16275,0.0209,0.03755,0.7788,"Python_4","Pyt_H"
"527",526,0.1631,0.01975,0.0384,0.77875,"Python_4","Pyt_H"
"528",527,0.163,0.02025,0.0387,0.77805,"Python_4","Pyt_H"
"529",528,0.16325,0.0194,0.0388,0.77855,"Python_4","Pyt_H"
"530",529,0.16265,0.01975,0.03945,0.77815,"Python_4","Pyt_H"
"531",530,0.1629,0.0202,0.04,0.7769,"Python_4","Pyt_H"
"532",531,0.16265,0.0212,0.0391,0.77705,"Python_4","Pyt_H"
"533",532,0.1625,0.02145,0.0397,0.77635,"Python_4","Pyt_H"
"534",533,0.1636,0.0222,0.0393,0.7749,"Python_4","Pyt_H"
"535",534,0.1638,0.02345,0.0382,0.77455,"Python_4","Pyt_H"
"536",535,0.16315,0.0231,0.0381,0.77565,"Python_4","Pyt_H"
"537",536,0.1633,0.02245,0.0394,0.77485,"Python_4","Pyt_H"
"538",537,0.16235,0.02325,0.0391,0.7753,"Python_4","Pyt_H"
"539",538,0.16135,0.0225,0.04025,0.7759,"Python_4","Pyt_H"
"540",539,0.16,0.0239,0.0406,0.7755,"Python_4","Pyt_H"
"541",540,0.1592,0.0239,0.0402,0.7767,"Python_4","Pyt_H"
"542",541,0.1586,0.0233,0.04035,0.77775,"Python_4","Pyt_H"
"543",542,0.15815,0.02285,0.04035,0.77865,"Python_4","Pyt_H"
"544",543,0.15895,0.02305,0.0394,0.7786,"Python_4","Pyt_H"
"545",544,0.1589,0.02285,0.04015,0.7781,"Python_4","Pyt_H"
"546",545,0.15875,0.022,0.04095,0.7783,"Python_4","Pyt_H"
"547",546,0.1594,0.0223,0.04125,0.77705,"Python_4","Pyt_H"
"548",547,0.1601,0.02185,0.04125,0.7768,"Python_4","Pyt_H"
"549",548,0.1609,0.02155,0.0412,0.77635,"Python_4","Pyt_H"
"550",549,0.16105,0.02105,0.04145,0.77645,"Python_4","Pyt_H"
"551",550,0.1604,0.02125,0.04045,0.7779,"Python_4","Pyt_H"
"552",551,0.16055,0.0222,0.03905,0.7782,"Python_4","Pyt_H"
"553",552,0.16225,0.02085,0.03975,0.77715,"Python_4","Pyt_H"
"554",553,0.16325,0.02105,0.03975,0.77595,"Python_4","Pyt_H"
"555",554,0.16355,0.0207,0.04045,0.7753,"Python_4","Pyt_H"
"556",555,0.16435,0.0198,0.0404,0.77545,"Python_4","Pyt_H"
"557",556,0.16455,0.02025,0.0407,0.7745,"Python_4","Pyt_H"
"558",557,0.163,0.021,0.04045,0.77555,"Python_4","Pyt_H"
"559",558,0.1633,0.02155,0.0399,0.77525,"Python_4","Pyt_H"
"560",559,0.1629,0.0226,0.04015,0.77435,"Python_4","Pyt_H"
"561",560,0.1628,0.02245,0.04045,0.7743,"Python_4","Pyt_H"
"562",561,0.16275,0.02275,0.04075,0.77375,"Python_4","Pyt_H"
"563",562,0.1639,0.0218,0.0397,0.7746,"Python_4","Pyt_H"
"564",563,0.1653,0.02075,0.03945,0.7745,"Python_4","Pyt_H"
"565",564,0.1658,0.01995,0.03935,0.7749,"Python_4","Pyt_H"
"566",565,0.1647,0.0217,0.03875,0.77485,"Python_4","Pyt_H"
"567",566,0.16585,0.02215,0.0377,0.7743,"Python_4","Pyt_H"
"568",567,0.1673,0.0226,0.03785,0.77225,"Python_4","Pyt_H"
"569",568,0.1678,0.02255,0.03885,0.7708,"Python_4","Pyt_H"
"570",569,0.1678,0.02265,0.03815,0.7714,"Python_4","Pyt_H"
"571",570,0.16795,0.02145,0.0392,0.7714,"Python_4","Pyt_H"
"572",571,0.1683,0.0216,0.03955,0.77055,"Python_4","Pyt_H"
"573",572,0.1689,0.0219,0.03915,0.77005,"Python_4","Pyt_H"
"574",573,0.16925,0.0223,0.0387,0.76975,"Python_4","Pyt_H"
"575",574,0.16905,0.02165,0.0399,0.7694,"Python_4","Pyt_H"
"576",575,0.1686,0.0213,0.04125,0.76885,"Python_4","Pyt_H"
"577",576,0.1675,0.02335,0.04015,0.769,"Python_4","Pyt_H"
"578",577,0.1688,0.0232,0.0403,0.7677,"Python_4","Pyt_H"
"579",578,0.1692,0.02275,0.0414,0.76665,"Python_4","Pyt_H"
"580",579,0.16765,0.0246,0.04045,0.7673,"Python_4","Pyt_H"
"581",580,0.16715,0.0259,0.0401,0.76685,"Python_4","Pyt_H"
"582",581,0.16765,0.02515,0.0411,0.7661,"Python_4","Pyt_H"
"583",582,0.1669,0.02485,0.04145,0.7668,"Python_4","Pyt_H"
"584",583,0.167,0.0254,0.04205,0.76555,"Python_4","Pyt_H"
"585",584,0.16705,0.0249,0.04225,0.7658,"Python_4","Pyt_H"
"586",585,0.1676,0.0242,0.04245,0.76575,"Python_4","Pyt_H"
"587",586,0.16645,0.0241,0.0432,0.76625,"Python_4","Pyt_H"
"588",587,0.16565,0.02505,0.04375,0.76555,"Python_4","Pyt_H"
"589",588,0.1655,0.0249,0.04355,0.76605,"Python_4","Pyt_H"
"590",589,0.16445,0.02485,0.04485,0.76585,"Python_4","Pyt_H"
"591",590,0.16445,0.0251,0.04475,0.7657,"Python_4","Pyt_H"
"592",591,0.16235,0.026,0.0453,0.76635,"Python_4","Pyt_H"
"593",592,0.1616,0.02755,0.04555,0.7653,"Python_4","Pyt_H"
"594",593,0.1597,0.02765,0.04565,0.767,"Python_4","Pyt_H"
"595",594,0.1586,0.02715,0.04715,0.7671,"Python_4","Pyt_H"
"596",595,0.1582,0.02735,0.04735,0.7671,"Python_4","Pyt_H"
"597",596,0.15675,0.02725,0.0475,0.7685,"Python_4","Pyt_H"
"598",597,0.156,0.0275,0.0477,0.7688,"Python_4","Pyt_H"
"599",598,0.15505,0.0265,0.04795,0.7705,"Python_4","Pyt_H"
"600",599,0.1534,0.0267,0.048,0.7719,"Python_4","Pyt_H"
"601",600,0.1528,0.02685,0.0478,0.77255,"Python_4","Pyt_H"
"602",601,0.15135,0.02715,0.04745,0.77405,"Python_4","Pyt_H"
"603",602,0.15155,0.02675,0.0475,0.7742,"Python_4","Pyt_H"
"604",603,0.1517,0.02635,0.04735,0.7746,"Python_4","Pyt_H"
"605",604,0.15055,0.02625,0.0479,0.7753,"Python_4","Pyt_H"
"606",605,0.14975,0.0273,0.04685,0.7761,"Python_4","Pyt_H"
"607",606,0.1502,0.02535,0.04755,0.7769,"Python_4","Pyt_H"
"608",607,0.14965,0.02505,0.048,0.7773,"Python_4","Pyt_H"
"609",608,0.1487,0.0255,0.0475,0.7783,"Python_4","Pyt_H"
"610",609,0.14825,0.02495,0.04795,0.77885,"Python_4","Pyt_H"
"611",610,0.14755,0.0253,0.0485,0.77865,"Python_4","Pyt_H"
"612",611,0.1462,0.02525,0.0477,0.78085,"Python_4","Pyt_H"
"613",612,0.1461,0.02465,0.04685,0.7824,"Python_4","Pyt_H"
"614",613,0.14585,0.02475,0.04645,0.78295,"Python_4","Pyt_H"
"615",614,0.14665,0.0231,0.04585,0.7844,"Python_4","Pyt_H"
"616",615,0.1465,0.02315,0.04515,0.7852,"Python_4","Pyt_H"
"617",616,0.14745,0.02325,0.0439,0.7854,"Python_4","Pyt_H"
"618",617,0.14825,0.0221,0.04405,0.7856,"Python_4","Pyt_H"
"619",618,0.1488,0.022,0.0438,0.7854,"Python_4","Pyt_H"
"620",619,0.149,0.02205,0.04285,0.7861,"Python_4","Pyt_H"
"621",620,0.1506,0.02015,0.04375,0.7855,"Python_4","Pyt_H"
"622",621,0.15005,0.02145,0.04335,0.78515,"Python_4","Pyt_H"
"623",622,0.1502,0.02225,0.04345,0.7841,"Python_4","Pyt_H"
"624",623,0.1498,0.02235,0.04295,0.7849,"Python_4","Pyt_H"
"625",624,0.1495,0.0226,0.0425,0.7854,"Python_4","Pyt_H"
"626",625,0.15075,0.02205,0.04095,0.78625,"Python_4","Pyt_H"
"627",626,0.15,0.022,0.04145,0.78655,"Python_4","Pyt_H"
"628",627,0.15085,0.0222,0.04155,0.7854,"Python_4","Pyt_H"
"629",628,0.1505,0.02235,0.04065,0.7865,"Python_4","Pyt_H"
"630",629,0.1513,0.0218,0.04105,0.78585,"Python_4","Pyt_H"
"631",630,0.1517,0.02225,0.04075,0.7853,"Python_4","Pyt_H"
"632",631,0.1517,0.02245,0.0409,0.78495,"Python_4","Pyt_H"
"633",632,0.1517,0.0217,0.0413,0.7853,"Python_4","Pyt_H"
"634",633,0.1525,0.0214,0.04045,0.78565,"Python_4","Pyt_H"
"635",634,0.15345,0.0207,0.04045,0.7854,"Python_4","Pyt_H"
"636",635,0.1533,0.0214,0.0402,0.7851,"Python_4","Pyt_H"
"637",636,0.15465,0.02125,0.0404,0.7837,"Python_4","Pyt_H"
"638",637,0.15375,0.02185,0.04035,0.78405,"Python_4","Pyt_H"
"639",638,0.15375,0.022,0.04005,0.7842,"Python_4","Pyt_H"
"640",639,0.1541,0.0224,0.03905,0.78445,"Python_4","Pyt_H"
"641",640,0.1537,0.02295,0.03925,0.7841,"Python_4","Pyt_H"
"642",641,0.15295,0.0233,0.0396,0.78415,"Python_4","Pyt_H"
"643",642,0.1535,0.0234,0.0403,0.7828,"Python_4","Pyt_H"
"644",643,0.15545,0.0224,0.0407,0.78145,"Python_4","Pyt_H"
"645",644,0.15615,0.02115,0.0414,0.7813,"Python_4","Pyt_H"
"646",645,0.15495,0.0225,0.04005,0.7825,"Python_4","Pyt_H"
"647",646,0.15505,0.02295,0.03985,0.78215,"Python_4","Pyt_H"
"648",647,0.15555,0.02225,0.04045,0.78175,"Python_4","Pyt_H"
"649",648,0.1556,0.0222,0.03985,0.78235,"Python_4","Pyt_H"
"650",649,0.1553,0.02225,0.0396,0.78285,"Python_4","Pyt_H"
"651",650,0.1558,0.0225,0.0381,0.7836,"Python_4","Pyt_H"
"652",651,0.1566,0.02155,0.03805,0.7838,"Python_4","Pyt_H"
"653",652,0.15695,0.02115,0.03905,0.78285,"Python_4","Pyt_H"
"654",653,0.1572,0.02075,0.0393,0.78275,"Python_4","Pyt_H"
"655",654,0.15795,0.021,0.0388,0.78225,"Python_4","Pyt_H"
"656",655,0.15895,0.02045,0.03925,0.78135,"Python_4","Pyt_H"
"657",656,0.1591,0.0205,0.0389,0.7815,"Python_4","Pyt_H"
"658",657,0.1594,0.0214,0.03745,0.78175,"Python_4","Pyt_H"
"659",658,0.1604,0.0213,0.03745,0.78085,"Python_4","Pyt_H"
"660",659,0.16125,0.0206,0.03755,0.7806,"Python_4","Pyt_H"
"661",660,0.1625,0.0203,0.0387,0.7785,"Python_4","Pyt_H"
"662",661,0.163,0.0207,0.0379,0.7784,"Python_4","Pyt_H"
"663",662,0.16185,0.02265,0.03685,0.77865,"Python_4","Pyt_H"
"664",663,0.1622,0.02235,0.0366,0.77885,"Python_4","Pyt_H"
"665",664,0.1639,0.0211,0.03725,0.77775,"Python_4","Pyt_H"
"666",665,0.1634,0.0215,0.03765,0.77745,"Python_4","Pyt_H"
"667",666,0.1637,0.0215,0.0375,0.7773,"Python_4","Pyt_H"
"668",667,0.1628,0.0215,0.03765,0.77805,"Python_4","Pyt_H"
"669",668,0.1627,0.0227,0.03665,0.77795,"Python_4","Pyt_H"
"670",669,0.16335,0.02235,0.03575,0.77855,"Python_4","Pyt_H"
"671",670,0.1633,0.02185,0.03625,0.7786,"Python_4","Pyt_H"
"672",671,0.16375,0.02045,0.0377,0.7781,"Python_4","Pyt_H"
"673",672,0.1638,0.0206,0.0377,0.7779,"Python_4","Pyt_H"
