"","step","S","E","I","R","simu","Langage"
"1",0,0.999,0,0.001,0,"Python_13","Pyt_H"
"2",1,0.9986,4e-04,0.001,0,"Python_13","Pyt_H"
"3",2,0.99815,0.00085,0.00085,0.00015,"Python_13","Pyt_H"
"4",3,0.9973,0.0015,9e-04,3e-04,"Python_13","Pyt_H"
"5",4,0.9963,0.0022,0.0011,4e-04,"Python_13","Pyt_H"
"6",5,0.9955,0.0024,0.0015,6e-04,"Python_13","Pyt_H"
"7",6,0.9945,0.003,0.0018,7e-04,"Python_13","Pyt_H"
"8",7,0.99265,0.00435,0.0022,8e-04,"Python_13","Pyt_H"
"9",8,0.99085,0.0057,0.0025,0.00095,"Python_13","Pyt_H"
"10",9,0.98865,0.0067,0.00335,0.0013,"Python_13","Pyt_H"
"11",10,0.98505,0.00875,0.0045,0.0017,"Python_13","Pyt_H"
"12",11,0.98165,0.01105,0.00515,0.00215,"Python_13","Pyt_H"
"13",12,0.97615,0.01445,0.0066,0.0028,"Python_13","Pyt_H"
"14",13,0.97025,0.0176,0.00845,0.0037,"Python_13","Pyt_H"
"15",14,0.9625,0.02185,0.01115,0.0045,"Python_13","Pyt_H"
"16",15,0.9521,0.02815,0.01425,0.0055,"Python_13","Pyt_H"
"17",16,0.9391,0.0363,0.0178,0.0068,"Python_13","Pyt_H"
"18",17,0.92505,0.04315,0.0233,0.0085,"Python_13","Pyt_H"
"19",18,0.9055,0.0549,0.0291,0.0105,"Python_13","Pyt_H"
"20",19,0.88165,0.07,0.03555,0.0128,"Python_13","Pyt_H"
"21",20,0.8556,0.0831,0.0446,0.0167,"Python_13","Pyt_H"
"22",21,0.8234,0.099,0.05695,0.02065,"Python_13","Pyt_H"
"23",22,0.7807,0.1224,0.071,0.0259,"Python_13","Pyt_H"
"24",23,0.73635,0.14355,0.088,0.0321,"Python_13","Pyt_H"
"25",24,0.6802,0.172,0.1076,0.0402,"Python_13","Pyt_H"
"26",25,0.6206,0.19875,0.12975,0.0509,"Python_13","Pyt_H"
"27",26,0.5554,0.2257,0.1548,0.0641,"Python_13","Pyt_H"
"28",27,0.4886,0.24635,0.1872,0.07785,"Python_13","Pyt_H"
"29",28,0.41605,0.2684,0.21815,0.0974,"Python_13","Pyt_H"
"30",29,0.34985,0.27795,0.25345,0.11875,"Python_13","Pyt_H"
"31",30,0.28825,0.28085,0.28525,0.14565,"Python_13","Pyt_H"
"32",31,0.2275,0.2809,0.3156,0.176,"Python_13","Pyt_H"
"33",32,0.17325,0.2737,0.34215,0.2109,"Python_13","Pyt_H"
"34",33,0.13125,0.25605,0.3665,0.2462,"Python_13","Pyt_H"
"35",34,0.09975,0.22795,0.38555,0.28675,"Python_13","Pyt_H"
"36",35,0.0746,0.1989,0.39645,0.33005,"Python_13","Pyt_H"
"37",36,0.05555,0.1679,0.4014,0.37515,"Python_13","Pyt_H"
"38",37,0.04305,0.14005,0.39555,0.42135,"Python_13","Pyt_H"
"39",38,0.0333,0.1138,0.385,0.4679,"Python_13","Pyt_H"
"40",39,0.02635,0.0923,0.36735,0.514,"Python_13","Pyt_H"
"41",40,0.02125,0.0729,0.3513,0.55455,"Python_13","Pyt_H"
"42",41,0.01695,0.05915,0.32745,0.59645,"Python_13","Pyt_H"
"43",42,0.0146,0.04645,0.3012,0.63775,"Python_13","Pyt_H"
"44",43,0.01355,0.0377,0.2752,0.67355,"Python_13","Pyt_H"
"45",44,0.0129,0.02945,0.25,0.70765,"Python_13","Pyt_H"
"46",45,0.01285,0.02335,0.22825,0.73555,"Python_13","Pyt_H"
"47",46,0.01355,0.01855,0.2056,0.7623,"Python_13","Pyt_H"
"48",47,0.01385,0.0144,0.1835,0.78825,"Python_13","Pyt_H"
"49",48,0.0151,0.0122,0.16225,0.81045,"Python_13","Pyt_H"
"50",49,0.01695,0.011,0.1446,0.82745,"Python_13","Pyt_H"
"51",50,0.0174,0.01065,0.1286,0.84335,"Python_13","Pyt_H"
"52",51,0.0184,0.0099,0.1141,0.8576,"Python_13","Pyt_H"
"53",52,0.0193,0.0086,0.1025,0.8696,"Python_13","Pyt_H"
"54",53,0.02095,0.00765,0.0907,0.8807,"Python_13","Pyt_H"
"55",54,0.02245,0.00675,0.08055,0.89025,"Python_13","Pyt_H"
"56",55,0.0244,0.006,0.0711,0.8985,"Python_13","Pyt_H"
"57",56,0.02665,0.00545,0.0626,0.9053,"Python_13","Pyt_H"
"58",57,0.02895,0.00525,0.05605,0.90975,"Python_13","Pyt_H"
"59",58,0.0305,0.0054,0.049,0.9151,"Python_13","Pyt_H"
"60",59,0.03275,0.0049,0.0437,0.91865,"Python_13","Pyt_H"
"61",60,0.0353,0.00485,0.03805,0.9218,"Python_13","Pyt_H"
"62",61,0.03775,0.00455,0.03445,0.92325,"Python_13","Pyt_H"
"63",62,0.04,0.00525,0.0307,0.92405,"Python_13","Pyt_H"
"64",63,0.04255,0.00515,0.02705,0.92525,"Python_13","Pyt_H"
"65",64,0.0452,0.0044,0.02425,0.92615,"Python_13","Pyt_H"
"66",65,0.0487,0.0037,0.02165,0.92595,"Python_13","Pyt_H"
"67",66,0.0505,0.0037,0.01945,0.92635,"Python_13","Pyt_H"
"68",67,0.05395,0.0034,0.01695,0.9257,"Python_13","Pyt_H"
"69",68,0.05655,0.00315,0.01475,0.92555,"Python_13","Pyt_H"
"70",69,0.05895,0.00275,0.0129,0.9254,"Python_13","Pyt_H"
"71",70,0.06185,0.00225,0.01245,0.92345,"Python_13","Pyt_H"
"72",71,0.0645,0.00205,0.0114,0.92205,"Python_13","Pyt_H"
"73",72,0.0666,0.00215,0.00985,0.9214,"Python_13","Pyt_H"
"74",73,0.06905,0.00215,0.009,0.9198,"Python_13","Pyt_H"
"75",74,0.07165,0.00215,0.0081,0.9181,"Python_13","Pyt_H"
"76",75,0.07425,0.00215,0.0074,0.9162,"Python_13","Pyt_H"
"77",76,0.0769,0.00235,0.0063,0.91445,"Python_13","Pyt_H"
"78",77,0.0798,0.00215,0.00635,0.9117,"Python_13","Pyt_H"
"79",78,0.0827,0.00155,0.0064,0.90935,"Python_13","Pyt_H"
"80",79,0.08615,0.0016,0.006,0.90625,"Python_13","Pyt_H"
"81",80,0.0888,0.00185,0.00515,0.9042,"Python_13","Pyt_H"
"82",81,0.09105,0.00185,0.00455,0.90255,"Python_13","Pyt_H"
"83",82,0.09325,0.00175,0.00455,0.90045,"Python_13","Pyt_H"
"84",83,0.0953,0.002,0.00415,0.89855,"Python_13","Pyt_H"
"85",84,0.0979,0.00215,0.00385,0.8961,"Python_13","Pyt_H"
"86",85,0.10045,0.00205,0.00375,0.89375,"Python_13","Pyt_H"
"87",86,0.1036,0.00175,0.00365,0.891,"Python_13","Pyt_H"
"88",87,0.107,0.00155,0.00335,0.8881,"Python_13","Pyt_H"
"89",88,0.10995,0.00145,0.00335,0.88525,"Python_13","Pyt_H"
"90",89,0.11265,0.0015,0.0032,0.88265,"Python_13","Pyt_H"
"91",90,0.11535,0.00185,0.0027,0.8801,"Python_13","Pyt_H"
"92",91,0.11745,0.0017,0.00285,0.878,"Python_13","Pyt_H"
"93",92,0.1205,0.00125,0.00305,0.8752,"Python_13","Pyt_H"
"94",93,0.12355,0.0012,0.00305,0.8722,"Python_13","Pyt_H"
"95",94,0.12555,0.00125,0.00265,0.87055,"Python_13","Pyt_H"
"96",95,0.1278,0.0016,0.0023,0.8683,"Python_13","Pyt_H"
"97",96,0.13035,0.0018,0.00245,0.8654,"Python_13","Pyt_H"
"98",97,0.1332,0.00155,0.0023,0.86295,"Python_13","Pyt_H"
"99",98,0.13575,0.00135,0.00255,0.86035,"Python_13","Pyt_H"
"100",99,0.13775,0.0014,0.00265,0.8582,"Python_13","Pyt_H"
"101",100,0.1403,0.00125,0.0027,0.85575,"Python_13","Pyt_H"
"102",101,0.14305,0.00105,0.00275,0.85315,"Python_13","Pyt_H"
"103",102,0.1456,0.0011,0.00255,0.85075,"Python_13","Pyt_H"
"104",103,0.1478,0.00145,0.00235,0.8484,"Python_13","Pyt_H"
"105",104,0.1505,0.00135,0.00215,0.846,"Python_13","Pyt_H"
"106",105,0.1529,0.0013,0.002,0.8438,"Python_13","Pyt_H"
"107",106,0.15635,0.001,0.00215,0.8405,"Python_13","Pyt_H"
"108",107,0.15885,0.00105,0.0022,0.8379,"Python_13","Pyt_H"
"109",108,0.1616,9e-04,0.0024,0.8351,"Python_13","Pyt_H"
"110",109,0.16425,8e-04,0.0024,0.83255,"Python_13","Pyt_H"
"111",110,0.16645,0.00105,0.00215,0.83035,"Python_13","Pyt_H"
"112",111,0.1687,0.00125,0.002,0.82805,"Python_13","Pyt_H"
"113",112,0.17075,0.00165,0.0019,0.8257,"Python_13","Pyt_H"
"114",113,0.1736,0.0012,0.0023,0.8229,"Python_13","Pyt_H"
"115",114,0.17595,0.0012,0.00235,0.8205,"Python_13","Pyt_H"
"116",115,0.1775,0.0012,0.00235,0.81895,"Python_13","Pyt_H"
"117",116,0.1791,0.0011,0.00215,0.81765,"Python_13","Pyt_H"
"118",117,0.1809,0.0014,0.00205,0.81565,"Python_13","Pyt_H"
"119",118,0.18325,0.0014,0.0022,0.81315,"Python_13","Pyt_H"
"120",119,0.1858,0.0012,0.0023,0.8107,"Python_13","Pyt_H"
"121",120,0.188,0.00125,0.0024,0.80835,"Python_13","Pyt_H"
"122",121,0.19025,0.00135,0.00215,0.80625,"Python_13","Pyt_H"
"123",122,0.1916,0.0014,0.00215,0.80485,"Python_13","Pyt_H"
"124",123,0.193,0.0014,0.00245,0.80315,"Python_13","Pyt_H"
"125",124,0.19425,0.0016,0.00235,0.8018,"Python_13","Pyt_H"
"126",125,0.196,0.00165,0.00245,0.7999,"Python_13","Pyt_H"
"127",126,0.198,0.0018,0.0023,0.7979,"Python_13","Pyt_H"
"128",127,0.19935,0.00165,0.0023,0.7967,"Python_13","Pyt_H"
"129",128,0.2015,0.0013,0.00265,0.79455,"Python_13","Pyt_H"
"130",129,0.2036,0.0014,0.0028,0.7922,"Python_13","Pyt_H"
"131",130,0.2056,0.0015,0.00255,0.79035,"Python_13","Pyt_H"
"132",131,0.20755,0.0018,0.0025,0.78815,"Python_13","Pyt_H"
"133",132,0.20965,0.00195,0.00275,0.78565,"Python_13","Pyt_H"
"134",133,0.21145,0.0019,0.00285,0.7838,"Python_13","Pyt_H"
"135",134,0.21355,0.0015,0.00305,0.7819,"Python_13","Pyt_H"
"136",135,0.21515,0.0016,0.00315,0.7801,"Python_13","Pyt_H"
"137",136,0.21705,0.00185,0.0031,0.778,"Python_13","Pyt_H"
"138",137,0.21895,0.00185,0.00335,0.77585,"Python_13","Pyt_H"
"139",138,0.22065,0.002,0.00335,0.774,"Python_13","Pyt_H"
"140",139,0.2231,0.0021,0.00325,0.77155,"Python_13","Pyt_H"
"141",140,0.2248,0.00215,0.0033,0.76975,"Python_13","Pyt_H"
"142",141,0.22645,0.0022,0.00325,0.7681,"Python_13","Pyt_H"
"143",142,0.22795,0.0029,0.00325,0.7659,"Python_13","Pyt_H"
"144",143,0.22935,0.003,0.0033,0.76435,"Python_13","Pyt_H"
"145",144,0.23045,0.00285,0.00375,0.76295,"Python_13","Pyt_H"
"146",145,0.2324,0.0023,0.00435,0.76095,"Python_13","Pyt_H"
"147",146,0.23395,0.00255,0.0048,0.7587,"Python_13","Pyt_H"
"148",147,0.2355,0.00305,0.0046,0.75685,"Python_13","Pyt_H"
"149",148,0.23635,0.00325,0.0047,0.7557,"Python_13","Pyt_H"
"150",149,0.23805,0.00345,0.0047,0.7538,"Python_13","Pyt_H"
"151",150,0.23885,0.00395,0.0051,0.7521,"Python_13","Pyt_H"
"152",151,0.2396,0.00445,0.0055,0.75045,"Python_13","Pyt_H"
"153",152,0.24105,0.00465,0.00545,0.74885,"Python_13","Pyt_H"
"154",153,0.2413,0.0049,0.0058,0.748,"Python_13","Pyt_H"
"155",154,0.2426,0.0052,0.0058,0.7464,"Python_13","Pyt_H"
"156",155,0.2434,0.0055,0.006,0.7451,"Python_13","Pyt_H"
"157",156,0.24365,0.0059,0.00685,0.7436,"Python_13","Pyt_H"
"158",157,0.24485,0.00585,0.0073,0.742,"Python_13","Pyt_H"
"159",158,0.2454,0.006,0.00785,0.74075,"Python_13","Pyt_H"
"160",159,0.2464,0.0061,0.0081,0.7394,"Python_13","Pyt_H"
"161",160,0.2471,0.007,0.0087,0.7372,"Python_13","Pyt_H"
"162",161,0.24845,0.0069,0.0091,0.73555,"Python_13","Pyt_H"
"163",162,0.24915,0.00685,0.0099,0.7341,"Python_13","Pyt_H"
"164",163,0.24945,0.00735,0.00955,0.73365,"Python_13","Pyt_H"
"165",164,0.2494,0.00795,0.0097,0.73295,"Python_13","Pyt_H"
"166",165,0.2504,0.00735,0.0102,0.73205,"Python_13","Pyt_H"
"167",166,0.25035,0.00835,0.0102,0.7311,"Python_13","Pyt_H"
"168",167,0.24985,0.0092,0.011,0.72995,"Python_13","Pyt_H"
"169",168,0.24955,0.01005,0.01125,0.72915,"Python_13","Pyt_H"
"170",169,0.24955,0.01035,0.01195,0.72815,"Python_13","Pyt_H"
"171",170,0.24965,0.01035,0.01265,0.72735,"Python_13","Pyt_H"
"172",171,0.24965,0.0103,0.01345,0.7266,"Python_13","Pyt_H"
"173",172,0.2493,0.0107,0.0142,0.7258,"Python_13","Pyt_H"
"174",173,0.24835,0.01165,0.0149,0.7251,"Python_13","Pyt_H"
"175",174,0.2482,0.01185,0.0155,0.72445,"Python_13","Pyt_H"
"176",175,0.24745,0.0127,0.0156,0.72425,"Python_13","Pyt_H"
"177",176,0.2483,0.0112,0.01705,0.72345,"Python_13","Pyt_H"
"178",177,0.2473,0.01145,0.01775,0.7235,"Python_13","Pyt_H"
"179",178,0.2471,0.01185,0.0183,0.72275,"Python_13","Pyt_H"
"180",179,0.24625,0.0124,0.01815,0.7232,"Python_13","Pyt_H"
"181",180,0.2448,0.0129,0.01945,0.72285,"Python_13","Pyt_H"
"182",181,0.24365,0.0137,0.01935,0.7233,"Python_13","Pyt_H"
"183",182,0.242,0.01515,0.01995,0.7229,"Python_13","Pyt_H"
"184",183,0.24015,0.0162,0.02095,0.7227,"Python_13","Pyt_H"
"185",184,0.2393,0.0165,0.0218,0.7224,"Python_13","Pyt_H"
"186",185,0.2377,0.0174,0.02305,0.72185,"Python_13","Pyt_H"
"187",186,0.23605,0.01765,0.0239,0.7224,"Python_13","Pyt_H"
"188",187,0.23435,0.01835,0.02435,0.72295,"Python_13","Pyt_H"
"189",188,0.23195,0.01845,0.02555,0.72405,"Python_13","Pyt_H"
"190",189,0.23035,0.019,0.02665,0.724,"Python_13","Pyt_H"
"191",190,0.22825,0.01925,0.02805,0.72445,"Python_13","Pyt_H"
"192",191,0.2248,0.021,0.029,0.7252,"Python_13","Pyt_H"
"193",192,0.2227,0.02145,0.03025,0.7256,"Python_13","Pyt_H"
"194",193,0.2197,0.02225,0.03125,0.7268,"Python_13","Pyt_H"
"195",194,0.21615,0.02255,0.0325,0.7288,"Python_13","Pyt_H"
"196",195,0.21265,0.02385,0.03335,0.73015,"Python_13","Pyt_H"
"197",196,0.2099,0.02335,0.03565,0.7311,"Python_13","Pyt_H"
"198",197,0.2059,0.0254,0.0363,0.7324,"Python_13","Pyt_H"
"199",198,0.204,0.0256,0.0356,0.7348,"Python_13","Pyt_H"
"200",199,0.2005,0.0252,0.0376,0.7367,"Python_13","Pyt_H"
"201",200,0.1979,0.02445,0.0401,0.73755,"Python_13","Pyt_H"
"202",201,0.1936,0.02595,0.04055,0.7399,"Python_13","Pyt_H"
"203",202,0.1892,0.0274,0.0405,0.7429,"Python_13","Pyt_H"
"204",203,0.18535,0.02745,0.04265,0.74455,"Python_13","Pyt_H"
"205",204,0.1819,0.02885,0.04255,0.7467,"Python_13","Pyt_H"
"206",205,0.1792,0.0282,0.04365,0.74895,"Python_13","Pyt_H"
"207",206,0.17595,0.02825,0.04465,0.75115,"Python_13","Pyt_H"
"208",207,0.17395,0.02705,0.04495,0.75405,"Python_13","Pyt_H"
"209",208,0.1709,0.027,0.0463,0.7558,"Python_13","Pyt_H"
"210",209,0.16765,0.0266,0.04745,0.7583,"Python_13","Pyt_H"
"211",210,0.16485,0.02595,0.0487,0.7605,"Python_13","Pyt_H"
"212",211,0.16185,0.0267,0.0485,0.76295,"Python_13","Pyt_H"
"213",212,0.15925,0.02745,0.04835,0.76495,"Python_13","Pyt_H"
"214",213,0.1564,0.02745,0.048,0.76815,"Python_13","Pyt_H"
"215",214,0.1531,0.02805,0.04745,0.7714,"Python_13","Pyt_H"
"216",215,0.1513,0.0268,0.04765,0.77425,"Python_13","Pyt_H"
"217",216,0.14925,0.02705,0.04625,0.77745,"Python_13","Pyt_H"
"218",217,0.1463,0.02745,0.04565,0.7806,"Python_13","Pyt_H"
"219",218,0.14465,0.02685,0.0465,0.782,"Python_13","Pyt_H"
"220",219,0.14395,0.02535,0.0465,0.7842,"Python_13","Pyt_H"
"221",220,0.14195,0.02435,0.04715,0.78655,"Python_13","Pyt_H"
"222",221,0.13915,0.0251,0.04725,0.7885,"Python_13","Pyt_H"
"223",222,0.1377,0.0255,0.04665,0.79015,"Python_13","Pyt_H"
"224",223,0.1358,0.0237,0.04795,0.79255,"Python_13","Pyt_H"
"225",224,0.13415,0.0242,0.0473,0.79435,"Python_13","Pyt_H"
"226",225,0.13225,0.0242,0.04725,0.7963,"Python_13","Pyt_H"
"227",226,0.13175,0.02295,0.0462,0.7991,"Python_13","Pyt_H"
"228",227,0.1316,0.0203,0.04605,0.80205,"Python_13","Pyt_H"
"229",228,0.13025,0.0206,0.04455,0.8046,"Python_13","Pyt_H"
"230",229,0.1295,0.0205,0.0434,0.8066,"Python_13","Pyt_H"
"231",230,0.1288,0.0202,0.04155,0.80945,"Python_13","Pyt_H"
"232",231,0.12855,0.01965,0.0418,0.81,"Python_13","Pyt_H"
"233",232,0.12895,0.01905,0.0403,0.8117,"Python_13","Pyt_H"
"234",233,0.12955,0.01815,0.0405,0.8118,"Python_13","Pyt_H"
"235",234,0.1295,0.01765,0.03915,0.8137,"Python_13","Pyt_H"
"236",235,0.12945,0.0165,0.039,0.81505,"Python_13","Pyt_H"
"237",236,0.1299,0.0159,0.0395,0.8147,"Python_13","Pyt_H"
"238",237,0.13015,0.01605,0.03795,0.81585,"Python_13","Pyt_H"
"239",238,0.13065,0.01575,0.03585,0.81775,"Python_13","Pyt_H"
"240",239,0.13185,0.0161,0.0352,0.81685,"Python_13","Pyt_H"
"241",240,0.13215,0.01575,0.03495,0.81715,"Python_13","Pyt_H"
"242",241,0.1331,0.01545,0.0336,0.81785,"Python_13","Pyt_H"
"243",242,0.13395,0.0154,0.03305,0.8176,"Python_13","Pyt_H"
"244",243,0.13445,0.0157,0.0321,0.81775,"Python_13","Pyt_H"
"245",244,0.135,0.0156,0.0315,0.8179,"Python_13","Pyt_H"
"246",245,0.1363,0.0151,0.03145,0.81715,"Python_13","Pyt_H"
"247",246,0.13585,0.0154,0.03095,0.8178,"Python_13","Pyt_H"
"248",247,0.1374,0.0156,0.0297,0.8173,"Python_13","Pyt_H"
"249",248,0.13835,0.0154,0.02945,0.8168,"Python_13","Pyt_H"
"250",249,0.13985,0.0145,0.03,0.81565,"Python_13","Pyt_H"
"251",250,0.1422,0.0141,0.02895,0.81475,"Python_13","Pyt_H"
"252",251,0.1437,0.0136,0.02915,0.81355,"Python_13","Pyt_H"
"253",252,0.14485,0.01375,0.02815,0.81325,"Python_13","Pyt_H"
"254",253,0.14605,0.01375,0.02795,0.81225,"Python_13","Pyt_H"
"255",254,0.14785,0.014,0.0273,0.81085,"Python_13","Pyt_H"
"256",255,0.1491,0.01365,0.02645,0.8108,"Python_13","Pyt_H"
"257",256,0.15085,0.0132,0.02625,0.8097,"Python_13","Pyt_H"
"258",257,0.15175,0.01325,0.0254,0.8096,"Python_13","Pyt_H"
"259",258,0.1531,0.014,0.0249,0.808,"Python_13","Pyt_H"
"260",259,0.15465,0.01435,0.0244,0.8066,"Python_13","Pyt_H"
"261",260,0.15625,0.01385,0.02525,0.80465,"Python_13","Pyt_H"
"262",261,0.1568,0.01435,0.02575,0.8031,"Python_13","Pyt_H"
"263",262,0.15955,0.0138,0.0252,0.80145,"Python_13","Pyt_H"
"264",263,0.1614,0.01305,0.0261,0.79945,"Python_13","Pyt_H"
"265",264,0.1618,0.0141,0.02565,0.79845,"Python_13","Pyt_H"
"266",265,0.1627,0.01375,0.02545,0.7981,"Python_13","Pyt_H"
"267",266,0.1643,0.01455,0.02515,0.796,"Python_13","Pyt_H"
"268",267,0.16525,0.01415,0.02595,0.79465,"Python_13","Pyt_H"
"269",268,0.16615,0.01445,0.02565,0.79375,"Python_13","Pyt_H"
"270",269,0.16785,0.01415,0.02465,0.79335,"Python_13","Pyt_H"
"271",270,0.16915,0.0143,0.025,0.79155,"Python_13","Pyt_H"
"272",271,0.16935,0.01505,0.0259,0.7897,"Python_13","Pyt_H"
"273",272,0.16985,0.0148,0.0259,0.78945,"Python_13","Pyt_H"
"274",273,0.171,0.0147,0.02605,0.78825,"Python_13","Pyt_H"
"275",274,0.1711,0.01565,0.0259,0.78735,"Python_13","Pyt_H"
"276",275,0.173,0.01545,0.02585,0.7857,"Python_13","Pyt_H"
"277",276,0.17435,0.01545,0.02585,0.78435,"Python_13","Pyt_H"
"278",277,0.1757,0.0147,0.0259,0.7837,"Python_13","Pyt_H"
"279",278,0.1769,0.0149,0.0259,0.7823,"Python_13","Pyt_H"
"280",279,0.1789,0.0151,0.0262,0.7798,"Python_13","Pyt_H"
"281",280,0.17855,0.01555,0.02685,0.77905,"Python_13","Pyt_H"
"282",281,0.18015,0.01565,0.0266,0.7776,"Python_13","Pyt_H"
"283",282,0.1801,0.0164,0.02615,0.77735,"Python_13","Pyt_H"
"284",283,0.1819,0.01685,0.02575,0.7755,"Python_13","Pyt_H"
"285",284,0.18225,0.0169,0.02695,0.7739,"Python_13","Pyt_H"
"286",285,0.18305,0.01755,0.02725,0.77215,"Python_13","Pyt_H"
"287",286,0.1841,0.017,0.0281,0.7708,"Python_13","Pyt_H"
"288",287,0.18515,0.01685,0.0288,0.7692,"Python_13","Pyt_H"
"289",288,0.1846,0.01755,0.0287,0.76915,"Python_13","Pyt_H"
"290",289,0.18445,0.01865,0.028,0.7689,"Python_13","Pyt_H"
"291",290,0.18445,0.01875,0.0285,0.7683,"Python_13","Pyt_H"
"292",291,0.18485,0.0192,0.0295,0.76645,"Python_13","Pyt_H"
"293",292,0.1848,0.0206,0.0295,0.7651,"Python_13","Pyt_H"
"294",293,0.18385,0.0205,0.03055,0.7651,"Python_13","Pyt_H"
"295",294,0.1849,0.0198,0.03155,0.76375,"Python_13","Pyt_H"
"296",295,0.18385,0.02015,0.03235,0.76365,"Python_13","Pyt_H"
"297",296,0.1832,0.02055,0.0335,0.76275,"Python_13","Pyt_H"
"298",297,0.1842,0.0203,0.03385,0.76165,"Python_13","Pyt_H"
"299",298,0.18465,0.0204,0.034,0.76095,"Python_13","Pyt_H"
"300",299,0.18455,0.0208,0.03475,0.7599,"Python_13","Pyt_H"
"301",300,0.18335,0.02145,0.0343,0.7609,"Python_13","Pyt_H"
"302",301,0.182,0.02235,0.0347,0.76095,"Python_13","Pyt_H"
"303",302,0.18205,0.02315,0.03535,0.75945,"Python_13","Pyt_H"
"304",303,0.1815,0.02335,0.03495,0.7602,"Python_13","Pyt_H"
"305",304,0.1809,0.02315,0.0348,0.76115,"Python_13","Pyt_H"
"306",305,0.18085,0.0227,0.03535,0.7611,"Python_13","Pyt_H"
"307",306,0.17965,0.0241,0.03595,0.7603,"Python_13","Pyt_H"
"308",307,0.1794,0.0236,0.037,0.76,"Python_13","Pyt_H"
"309",308,0.179,0.02285,0.03735,0.7608,"Python_13","Pyt_H"
"310",309,0.1786,0.022,0.03835,0.76105,"Python_13","Pyt_H"
"311",310,0.1777,0.0217,0.03855,0.76205,"Python_13","Pyt_H"
"312",311,0.17745,0.0218,0.03815,0.7626,"Python_13","Pyt_H"
"313",312,0.1766,0.022,0.0391,0.7623,"Python_13","Pyt_H"
"314",313,0.1748,0.02295,0.0407,0.76155,"Python_13","Pyt_H"
"315",314,0.17425,0.0229,0.041,0.76185,"Python_13","Pyt_H"
"316",315,0.1739,0.02275,0.0413,0.76205,"Python_13","Pyt_H"
"317",316,0.1727,0.0236,0.04145,0.76225,"Python_13","Pyt_H"
"318",317,0.17195,0.02395,0.04135,0.76275,"Python_13","Pyt_H"
"319",318,0.17195,0.02355,0.04265,0.76185,"Python_13","Pyt_H"
"320",319,0.1708,0.02385,0.04305,0.7623,"Python_13","Pyt_H"
"321",320,0.16875,0.0249,0.04335,0.763,"Python_13","Pyt_H"
"322",321,0.1679,0.02525,0.04345,0.7634,"Python_13","Pyt_H"
"323",322,0.167,0.02555,0.04445,0.763,"Python_13","Pyt_H"
"324",323,0.1668,0.02585,0.04345,0.7639,"Python_13","Pyt_H"
"325",324,0.1656,0.02535,0.04395,0.7651,"Python_13","Pyt_H"
"326",325,0.1639,0.02515,0.045,0.76595,"Python_13","Pyt_H"
"327",326,0.1634,0.025,0.04415,0.76745,"Python_13","Pyt_H"
"328",327,0.16285,0.02545,0.044,0.7677,"Python_13","Pyt_H"
"329",328,0.1631,0.0246,0.04455,0.76775,"Python_13","Pyt_H"
"330",329,0.1623,0.02405,0.0446,0.76905,"Python_13","Pyt_H"
"331",330,0.16115,0.02405,0.046,0.7688,"Python_13","Pyt_H"
"332",331,0.16085,0.0251,0.0449,0.76915,"Python_13","Pyt_H"
"333",332,0.16165,0.0241,0.04495,0.7693,"Python_13","Pyt_H"
"334",333,0.16035,0.02565,0.0442,0.7698,"Python_13","Pyt_H"
"335",334,0.1606,0.024,0.04455,0.77085,"Python_13","Pyt_H"
"336",335,0.15955,0.0234,0.0446,0.77245,"Python_13","Pyt_H"
"337",336,0.15945,0.02405,0.044,0.7725,"Python_13","Pyt_H"
"338",337,0.15865,0.0232,0.04385,0.7743,"Python_13","Pyt_H"
"339",338,0.1569,0.024,0.04405,0.77505,"Python_13","Pyt_H"
"340",339,0.1568,0.0246,0.0424,0.7762,"Python_13","Pyt_H"
"341",340,0.15535,0.0245,0.04325,0.7769,"Python_13","Pyt_H"
"342",341,0.153,0.02495,0.04375,0.7783,"Python_13","Pyt_H"
"343",342,0.15255,0.0244,0.0448,0.77825,"Python_13","Pyt_H"
"344",343,0.15335,0.02375,0.0446,0.7783,"Python_13","Pyt_H"
"345",344,0.15275,0.02465,0.04405,0.77855,"Python_13","Pyt_H"
"346",345,0.1534,0.02365,0.04475,0.7782,"Python_13","Pyt_H"
"347",346,0.15315,0.02275,0.0453,0.7788,"Python_13","Pyt_H"
"348",347,0.1528,0.02305,0.04485,0.7793,"Python_13","Pyt_H"
"349",348,0.15165,0.02245,0.0457,0.7802,"Python_13","Pyt_H"
"350",349,0.152,0.02185,0.04525,0.7809,"Python_13","Pyt_H"
"351",350,0.1511,0.02235,0.0455,0.78105,"Python_13","Pyt_H"
"352",351,0.15105,0.0235,0.04455,0.7809,"Python_13","Pyt_H"
"353",352,0.15165,0.0225,0.0431,0.78275,"Python_13","Pyt_H"
"354",353,0.1523,0.02205,0.0435,0.78215,"Python_13","Pyt_H"
"355",354,0.15195,0.02185,0.04305,0.78315,"Python_13","Pyt_H"
"356",355,0.151,0.02235,0.0428,0.78385,"Python_13","Pyt_H"
"357",356,0.1511,0.02225,0.0413,0.78535,"Python_13","Pyt_H"
"358",357,0.1505,0.0231,0.0403,0.7861,"Python_13","Pyt_H"
"359",358,0.15025,0.0224,0.04045,0.7869,"Python_13","Pyt_H"
"360",359,0.1513,0.02155,0.0412,0.78595,"Python_13","Pyt_H"
"361",360,0.15205,0.02105,0.0404,0.7865,"Python_13","Pyt_H"
"362",361,0.1536,0.02025,0.0397,0.78645,"Python_13","Pyt_H"
"363",362,0.15385,0.0215,0.03945,0.7852,"Python_13","Pyt_H"
"364",363,0.15465,0.02025,0.0395,0.7856,"Python_13","Pyt_H"
"365",364,0.15345,0.021,0.0388,0.78675,"Python_13","Pyt_H"
"366",365,0.15455,0.02145,0.0379,0.7861,"Python_13","Pyt_H"
"367",366,0.1541,0.0213,0.03835,0.78625,"Python_13","Pyt_H"
"368",367,0.1546,0.0223,0.03865,0.78445,"Python_13","Pyt_H"
"369",368,0.15575,0.02205,0.0393,0.7829,"Python_13","Pyt_H"
"370",369,0.15485,0.0214,0.0411,0.78265,"Python_13","Pyt_H"
"371",370,0.1548,0.02205,0.04045,0.7827,"Python_13","Pyt_H"
"372",371,0.15475,0.02175,0.03955,0.78395,"Python_13","Pyt_H"
"373",372,0.1556,0.02115,0.039,0.78425,"Python_13","Pyt_H"
"374",373,0.15565,0.02085,0.0397,0.7838,"Python_13","Pyt_H"
"375",374,0.15425,0.022,0.0396,0.78415,"Python_13","Pyt_H"
"376",375,0.1545,0.02155,0.0389,0.78505,"Python_13","Pyt_H"
"377",376,0.1555,0.02185,0.0384,0.78425,"Python_13","Pyt_H"
"378",377,0.15615,0.02135,0.03835,0.78415,"Python_13","Pyt_H"
"379",378,0.1556,0.02065,0.0396,0.78415,"Python_13","Pyt_H"
"380",379,0.15525,0.0204,0.0387,0.78565,"Python_13","Pyt_H"
"381",380,0.1565,0.0198,0.0384,0.7853,"Python_13","Pyt_H"
"382",381,0.1574,0.01925,0.03855,0.7848,"Python_13","Pyt_H"
"383",382,0.1578,0.0191,0.03775,0.78535,"Python_13","Pyt_H"
"384",383,0.15775,0.02,0.0381,0.78415,"Python_13","Pyt_H"
"385",384,0.1564,0.02085,0.038,0.78475,"Python_13","Pyt_H"
"386",385,0.1559,0.0214,0.038,0.7847,"Python_13","Pyt_H"
"387",386,0.1565,0.02175,0.0378,0.78395,"Python_13","Pyt_H"
"388",387,0.15715,0.02225,0.03785,0.78275,"Python_13","Pyt_H"
"389",388,0.1579,0.022,0.0378,0.7823,"Python_13","Pyt_H"
"390",389,0.15915,0.02065,0.0391,0.7811,"Python_13","Pyt_H"
"391",390,0.15915,0.0208,0.03915,0.7809,"Python_13","Pyt_H"
"392",391,0.1598,0.0212,0.0386,0.7804,"Python_13","Pyt_H"
"393",392,0.1604,0.0215,0.03865,0.77945,"Python_13","Pyt_H"
"394",393,0.1607,0.02205,0.039,0.77825,"Python_13","Pyt_H"
"395",394,0.16005,0.02265,0.0397,0.7776,"Python_13","Pyt_H"
"396",395,0.16,0.0225,0.03975,0.77775,"Python_13","Pyt_H"
"397",396,0.1594,0.02215,0.0407,0.77775,"Python_13","Pyt_H"
"398",397,0.15895,0.0236,0.03995,0.7775,"Python_13","Pyt_H"
"399",398,0.15845,0.02435,0.03995,0.77725,"Python_13","Pyt_H"
"400",399,0.15775,0.02415,0.0398,0.7783,"Python_13","Pyt_H"
"401",400,0.1576,0.02345,0.04045,0.7785,"Python_13","Pyt_H"
"402",401,0.15785,0.0227,0.0406,0.77885,"Python_13","Pyt_H"
"403",402,0.1578,0.02275,0.042,0.77745,"Python_13","Pyt_H"
"404",403,0.15725,0.023,0.04135,0.7784,"Python_13","Pyt_H"
"405",404,0.158,0.02295,0.0417,0.77735,"Python_13","Pyt_H"
"406",405,0.1572,0.02365,0.0417,0.77745,"Python_13","Pyt_H"
"407",406,0.1567,0.02385,0.0415,0.77795,"Python_13","Pyt_H"
"408",407,0.15705,0.0232,0.04125,0.7785,"Python_13","Pyt_H"
"409",408,0.15665,0.02245,0.0414,0.7795,"Python_13","Pyt_H"
"410",409,0.1561,0.0233,0.04165,0.77895,"Python_13","Pyt_H"
"411",410,0.1553,0.0234,0.04175,0.77955,"Python_13","Pyt_H"
"412",411,0.1541,0.02395,0.04135,0.7806,"Python_13","Pyt_H"
"413",412,0.15435,0.02395,0.04075,0.78095,"Python_13","Pyt_H"
"414",413,0.1532,0.02445,0.041,0.78135,"Python_13","Pyt_H"
"415",414,0.15335,0.0236,0.0412,0.78185,"Python_13","Pyt_H"
"416",415,0.15275,0.0236,0.042,0.78165,"Python_13","Pyt_H"
"417",416,0.1528,0.02335,0.0423,0.78155,"Python_13","Pyt_H"
"418",417,0.1538,0.02225,0.04235,0.7816,"Python_13","Pyt_H"
"419",418,0.15465,0.02215,0.04225,0.78095,"Python_13","Pyt_H"
"420",419,0.15595,0.0213,0.04205,0.7807,"Python_13","Pyt_H"
"421",420,0.15575,0.0216,0.042,0.78065,"Python_13","Pyt_H"
"422",421,0.1554,0.02215,0.0415,0.78095,"Python_13","Pyt_H"
"423",422,0.1555,0.02205,0.04125,0.7812,"Python_13","Pyt_H"
"424",423,0.1564,0.0225,0.04085,0.78025,"Python_13","Pyt_H"
"425",424,0.15545,0.02335,0.0404,0.7808,"Python_13","Pyt_H"
"426",425,0.15575,0.02285,0.04045,0.78095,"Python_13","Pyt_H"
"427",426,0.15515,0.0226,0.04175,0.7805,"Python_13","Pyt_H"
"428",427,0.1556,0.02195,0.04175,0.7807,"Python_13","Pyt_H"
"429",428,0.1558,0.02175,0.0422,0.78025,"Python_13","Pyt_H"
"430",429,0.15515,0.0222,0.04095,0.7817,"Python_13","Pyt_H"
"431",430,0.15615,0.02205,0.0409,0.7809,"Python_13","Pyt_H"
"432",431,0.15595,0.0214,0.04145,0.7812,"Python_13","Pyt_H"
"433",432,0.1564,0.02115,0.04105,0.7814,"Python_13","Pyt_H"
"434",433,0.15535,0.0221,0.03995,0.7826,"Python_13","Pyt_H"
"435",434,0.1546,0.02175,0.04055,0.7831,"Python_13","Pyt_H"
"436",435,0.15495,0.02215,0.04045,0.78245,"Python_13","Pyt_H"
"437",436,0.1555,0.02205,0.0398,0.78265,"Python_13","Pyt_H"
"438",437,0.1559,0.0216,0.03975,0.78275,"Python_13","Pyt_H"
"439",438,0.1554,0.02205,0.0389,0.78365,"Python_13","Pyt_H"
"440",439,0.15515,0.02105,0.03885,0.78495,"Python_13","Pyt_H"
"441",440,0.1551,0.0219,0.03835,0.78465,"Python_13","Pyt_H"
"442",441,0.1553,0.0221,0.0391,0.7835,"Python_13","Pyt_H"
"443",442,0.15515,0.02155,0.0392,0.7841,"Python_13","Pyt_H"
"444",443,0.15475,0.02135,0.03905,0.78485,"Python_13","Pyt_H"
"445",444,0.15525,0.0218,0.0386,0.78435,"Python_13","Pyt_H"
"446",445,0.15545,0.02125,0.03825,0.78505,"Python_13","Pyt_H"
"447",446,0.15675,0.0199,0.0394,0.78395,"Python_13","Pyt_H"
"448",447,0.15645,0.0198,0.0397,0.78405,"Python_13","Pyt_H"
"449",448,0.1564,0.02015,0.0399,0.78355,"Python_13","Pyt_H"
"450",449,0.15615,0.0204,0.03925,0.7842,"Python_13","Pyt_H"
"451",450,0.15635,0.0204,0.0389,0.78435,"Python_13","Pyt_H"
"452",451,0.1565,0.0205,0.03785,0.78515,"Python_13","Pyt_H"
"453",452,0.1564,0.02065,0.038,0.78495,"Python_13","Pyt_H"
"454",453,0.1566,0.02065,0.0378,0.78495,"Python_13","Pyt_H"
"455",454,0.15725,0.02055,0.03745,0.78475,"Python_13","Pyt_H"
"456",455,0.1582,0.02,0.0373,0.7845,"Python_13","Pyt_H"
"457",456,0.1596,0.0199,0.03755,0.78295,"Python_13","Pyt_H"
"458",457,0.15955,0.0198,0.03815,0.7825,"Python_13","Pyt_H"
"459",458,0.1598,0.02035,0.0368,0.78305,"Python_13","Pyt_H"
"460",459,0.1606,0.0202,0.03725,0.78195,"Python_13","Pyt_H"
"461",460,0.16,0.02075,0.0369,0.78235,"Python_13","Pyt_H"
"462",461,0.1602,0.02065,0.0377,0.78145,"Python_13","Pyt_H"
"463",462,0.16165,0.02055,0.03715,0.78065,"Python_13","Pyt_H"
"464",463,0.16205,0.0208,0.03635,0.7808,"Python_13","Pyt_H"
"465",464,0.16125,0.0212,0.0357,0.78185,"Python_13","Pyt_H"
"466",465,0.1618,0.02175,0.0354,0.78105,"Python_13","Pyt_H"
"467",466,0.16315,0.0213,0.0353,0.78025,"Python_13","Pyt_H"
"468",467,0.1624,0.02195,0.0352,0.78045,"Python_13","Pyt_H"
"469",468,0.16285,0.02185,0.0348,0.7805,"Python_13","Pyt_H"
"470",469,0.1637,0.0213,0.0358,0.7792,"Python_13","Pyt_H"
"471",470,0.16295,0.02045,0.03685,0.77975,"Python_13","Pyt_H"
"472",471,0.1636,0.0207,0.0372,0.7785,"Python_13","Pyt_H"
"473",472,0.1636,0.02085,0.03755,0.778,"Python_13","Pyt_H"
"474",473,0.16315,0.0214,0.0378,0.77765,"Python_13","Pyt_H"
"475",474,0.1618,0.0227,0.03755,0.77795,"Python_13","Pyt_H"
"476",475,0.1618,0.02295,0.0379,0.77735,"Python_13","Pyt_H"
"477",476,0.16275,0.0226,0.0381,0.77655,"Python_13","Pyt_H"
"478",477,0.16255,0.02185,0.03885,0.77675,"Python_13","Pyt_H"
"479",478,0.1643,0.02135,0.0392,0.77515,"Python_13","Pyt_H"
"480",479,0.16415,0.02175,0.0375,0.7766,"Python_13","Pyt_H"
"481",480,0.16385,0.02205,0.03765,0.77645,"Python_13","Pyt_H"
"482",481,0.16445,0.02165,0.0372,0.7767,"Python_13","Pyt_H"
"483",482,0.1638,0.0224,0.0371,0.7767,"Python_13","Pyt_H"
"484",483,0.16425,0.02155,0.03785,0.77635,"Python_13","Pyt_H"
"485",484,0.1654,0.02115,0.039,0.77445,"Python_13","Pyt_H"
"486",485,0.16515,0.02215,0.0394,0.7733,"Python_13","Pyt_H"
"487",486,0.1653,0.0219,0.039,0.7738,"Python_13","Pyt_H"
"488",487,0.16545,0.02075,0.0398,0.774,"Python_13","Pyt_H"
"489",488,0.1661,0.02225,0.0372,0.77445,"Python_13","Pyt_H"
"490",489,0.1664,0.0219,0.03755,0.77415,"Python_13","Pyt_H"
"491",490,0.1676,0.022,0.038,0.7724,"Python_13","Pyt_H"
"492",491,0.1674,0.0223,0.0388,0.7715,"Python_13","Pyt_H"
"493",492,0.1667,0.0229,0.03825,0.77215,"Python_13","Pyt_H"
"494",493,0.16535,0.0232,0.0384,0.77305,"Python_13","Pyt_H"
"495",494,0.1662,0.0224,0.03965,0.77175,"Python_13","Pyt_H"
"496",495,0.1658,0.02215,0.0402,0.77185,"Python_13","Pyt_H"
"497",496,0.1653,0.0229,0.0396,0.7722,"Python_13","Pyt_H"
"498",497,0.1651,0.023,0.03965,0.77225,"Python_13","Pyt_H"
"499",498,0.16505,0.0239,0.03955,0.7715,"Python_13","Pyt_H"
"500",499,0.16545,0.02275,0.0396,0.7722,"Python_13","Pyt_H"
"501",500,0.1637,0.02415,0.03885,0.7733,"Python_13","Pyt_H"
"502",501,0.1642,0.02375,0.0385,0.77355,"Python_13","Pyt_H"
"503",502,0.166,0.02175,0.03955,0.7727,"Python_13","Pyt_H"
"504",503,0.16435,0.0224,0.04025,0.773,"Python_13","Pyt_H"
"505",504,0.1643,0.02235,0.0401,0.77325,"Python_13","Pyt_H"
"506",505,0.16375,0.0226,0.039,0.77465,"Python_13","Pyt_H"
"507",506,0.1644,0.0219,0.03935,0.77435,"Python_13","Pyt_H"
"508",507,0.1645,0.02035,0.0393,0.77585,"Python_13","Pyt_H"
"509",508,0.16475,0.0204,0.03905,0.7758,"Python_13","Pyt_H"
"510",509,0.1649,0.02035,0.0392,0.77555,"Python_13","Pyt_H"
"511",510,0.164,0.0208,0.04005,0.77515,"Python_13","Pyt_H"
"512",511,0.1635,0.02065,0.0404,0.77545,"Python_13","Pyt_H"
"513",512,0.16445,0.02025,0.0411,0.7742,"Python_13","Pyt_H"
"514",513,0.16505,0.0206,0.0404,0.77395,"Python_13","Pyt_H"
"515",514,0.1643,0.0201,0.04005,0.77555,"Python_13","Pyt_H"
"516",515,0.1633,0.0219,0.03915,0.77565,"Python_13","Pyt_H"
"517",516,0.16275,0.0226,0.03955,0.7751,"Python_13","Pyt_H"
"518",517,0.1634,0.0227,0.0389,0.775,"Python_13","Pyt_H"
"519",518,0.16175,0.0229,0.0391,0.77625,"Python_13","Pyt_H"
"520",519,0.1625,0.0226,0.03995,0.77495,"Python_13","Pyt_H"
"521",520,0.1631,0.02205,0.04,0.77485,"Python_13","Pyt_H"
"522",521,0.163,0.02375,0.0388,0.77445,"Python_13","Pyt_H"
"523",522,0.16265,0.0227,0.04015,0.7745,"Python_13","Pyt_H"
"524",523,0.1636,0.02185,0.0407,0.77385,"Python_13","Pyt_H"
"525",524,0.1629,0.02085,0.0419,0.77435,"Python_13","Pyt_H"
"526",525,0.16165,0.0221,0.0404,0.77585,"Python_13","Pyt_H"
"527",526,0.16055,0.0229,0.04045,0.7761,"Python_13","Pyt_H"
"528",527,0.16155,0.0222,0.0423,0.77395,"Python_13","Pyt_H"
"529",528,0.16225,0.02265,0.0409,0.7742,"Python_13","Pyt_H"
"530",529,0.16235,0.02265,0.04075,0.77425,"Python_13","Pyt_H"
"531",530,0.16245,0.02205,0.04155,0.77395,"Python_13","Pyt_H"
"532",531,0.1622,0.0229,0.0414,0.7735,"Python_13","Pyt_H"
"533",532,0.1619,0.02355,0.04115,0.7734,"Python_13","Pyt_H"
"534",533,0.1613,0.0234,0.04085,0.77445,"Python_13","Pyt_H"
"535",534,0.1607,0.02335,0.0423,0.77365,"Python_13","Pyt_H"
"536",535,0.1599,0.0235,0.04255,0.77405,"Python_13","Pyt_H"
"537",536,0.1584,0.025,0.04125,0.77535,"Python_13","Pyt_H"
"538",537,0.15765,0.0248,0.04155,0.776,"Python_13","Pyt_H"
"539",538,0.1576,0.0237,0.04225,0.77645,"Python_13","Pyt_H"
"540",539,0.157,0.024,0.042,0.777,"Python_13","Pyt_H"
"541",540,0.15535,0.02455,0.04205,0.77805,"Python_13","Pyt_H"
"542",541,0.1544,0.0236,0.04225,0.77975,"Python_13","Pyt_H"
"543",542,0.1536,0.02395,0.0423,0.78015,"Python_13","Pyt_H"
"544",543,0.1538,0.02385,0.04125,0.7811,"Python_13","Pyt_H"
"545",544,0.1532,0.02355,0.0417,0.78155,"Python_13","Pyt_H"
"546",545,0.1534,0.02365,0.04195,0.781,"Python_13","Pyt_H"
"547",546,0.15485,0.02195,0.04225,0.78095,"Python_13","Pyt_H"
"548",547,0.1551,0.02185,0.0419,0.78115,"Python_13","Pyt_H"
"549",548,0.1553,0.02165,0.04135,0.7817,"Python_13","Pyt_H"
"550",549,0.15585,0.0219,0.0406,0.78165,"Python_13","Pyt_H"
"551",550,0.1548,0.02215,0.0395,0.78355,"Python_13","Pyt_H"
"552",551,0.1554,0.0217,0.0399,0.783,"Python_13","Pyt_H"
"553",552,0.15575,0.02175,0.0404,0.7821,"Python_13","Pyt_H"
"554",553,0.1566,0.0209,0.0401,0.7824,"Python_13","Pyt_H"
"555",554,0.15705,0.0211,0.03935,0.7825,"Python_13","Pyt_H"
"556",555,0.1571,0.02085,0.0388,0.78325,"Python_13","Pyt_H"
"557",556,0.1581,0.0216,0.03835,0.78195,"Python_13","Pyt_H"
"558",557,0.15875,0.0209,0.03845,0.7819,"Python_13","Pyt_H"
"559",558,0.1592,0.02145,0.03955,0.7798,"Python_13","Pyt_H"
"560",559,0.15805,0.0232,0.0394,0.77935,"Python_13","Pyt_H"
"561",560,0.1595,0.02185,0.0403,0.77835,"Python_13","Pyt_H"
"562",561,0.16,0.02125,0.04105,0.7777,"Python_13","Pyt_H"
"563",562,0.1598,0.02315,0.0394,0.77765,"Python_13","Pyt_H"
"564",563,0.1603,0.0227,0.04035,0.77665,"Python_13","Pyt_H"
"565",564,0.16115,0.02225,0.0405,0.7761,"Python_13","Pyt_H"
"566",565,0.1609,0.02305,0.04025,0.7758,"Python_13","Pyt_H"
"567",566,0.16145,0.023,0.03995,0.7756,"Python_13","Pyt_H"
"568",567,0.16065,0.02345,0.04005,0.77585,"Python_13","Pyt_H"
"569",568,0.1607,0.0237,0.0404,0.7752,"Python_13","Pyt_H"
"570",569,0.1612,0.02375,0.04055,0.7745,"Python_13","Pyt_H"
"571",570,0.1621,0.0231,0.04145,0.77335,"Python_13","Pyt_H"
"572",571,0.16185,0.023,0.04255,0.7726,"Python_13","Pyt_H"
"573",572,0.1619,0.0233,0.0428,0.772,"Python_13","Pyt_H"
"574",573,0.16105,0.0239,0.04305,0.772,"Python_13","Pyt_H"
"575",574,0.1596,0.02505,0.043,0.77235,"Python_13","Pyt_H"
"576",575,0.1591,0.02535,0.04465,0.7709,"Python_13","Pyt_H"
"577",576,0.1589,0.0254,0.04565,0.77005,"Python_13","Pyt_H"
"578",577,0.1582,0.0252,0.04545,0.77115,"Python_13","Pyt_H"
"579",578,0.16,0.02305,0.047,0.76995,"Python_13","Pyt_H"
"580",579,0.1588,0.02375,0.0471,0.77035,"Python_13","Pyt_H"
"581",580,0.1578,0.0253,0.04575,0.77115,"Python_13","Pyt_H"
"582",581,0.1573,0.02605,0.0461,0.77055,"Python_13","Pyt_H"
"583",582,0.15795,0.0254,0.04505,0.7716,"Python_13","Pyt_H"
"584",583,0.1572,0.02605,0.045,0.77175,"Python_13","Pyt_H"
"585",584,0.157,0.02485,0.0456,0.77255,"Python_13","Pyt_H"
"586",585,0.1564,0.02535,0.0457,0.77255,"Python_13","Pyt_H"
"587",586,0.1566,0.0261,0.0453,0.772,"Python_13","Pyt_H"
"588",587,0.15595,0.0252,0.04675,0.7721,"Python_13","Pyt_H"
"589",588,0.15575,0.0243,0.04675,0.7732,"Python_13","Pyt_H"
"590",589,0.15525,0.02565,0.04485,0.77425,"Python_13","Pyt_H"
"591",590,0.1557,0.025,0.0448,0.7745,"Python_13","Pyt_H"
"592",591,0.1561,0.02385,0.04555,0.7745,"Python_13","Pyt_H"
"593",592,0.15515,0.02505,0.0441,0.7757,"Python_13","Pyt_H"
"594",593,0.15635,0.0244,0.0446,0.77465,"Python_13","Pyt_H"
"595",594,0.1555,0.02485,0.0441,0.77555,"Python_13","Pyt_H"
"596",595,0.1554,0.0257,0.04255,0.77635,"Python_13","Pyt_H"
"597",596,0.1559,0.02555,0.04265,0.7759,"Python_13","Pyt_H"
"598",597,0.15705,0.02455,0.04315,0.77525,"Python_13","Pyt_H"
"599",598,0.1566,0.02495,0.04365,0.7748,"Python_13","Pyt_H"
"600",599,0.15555,0.02525,0.0436,0.7756,"Python_13","Pyt_H"
"601",600,0.154,0.0257,0.0433,0.777,"Python_13","Pyt_H"
"602",601,0.1547,0.0245,0.04365,0.77715,"Python_13","Pyt_H"
"603",602,0.15515,0.02365,0.04365,0.77755,"Python_13","Pyt_H"
"604",603,0.15535,0.02345,0.04375,0.77745,"Python_13","Pyt_H"
"605",604,0.15565,0.0238,0.0427,0.77785,"Python_13","Pyt_H"
"606",605,0.156,0.0236,0.0432,0.7772,"Python_13","Pyt_H"
"607",606,0.15675,0.0234,0.04315,0.7767,"Python_13","Pyt_H"
"608",607,0.15575,0.024,0.04255,0.7777,"Python_13","Pyt_H"
"609",608,0.15595,0.0241,0.04165,0.7783,"Python_13","Pyt_H"
"610",609,0.1561,0.0248,0.0422,0.7769,"Python_13","Pyt_H"
"611",610,0.15535,0.02445,0.04265,0.77755,"Python_13","Pyt_H"
"612",611,0.15515,0.02415,0.04185,0.77885,"Python_13","Pyt_H"
"613",612,0.1552,0.0232,0.04185,0.77975,"Python_13","Pyt_H"
"614",613,0.1564,0.0231,0.04135,0.77915,"Python_13","Pyt_H"
"615",614,0.15825,0.0223,0.0408,0.77865,"Python_13","Pyt_H"
"616",615,0.1585,0.0221,0.0406,0.7788,"Python_13","Pyt_H"
"617",616,0.15885,0.0208,0.04115,0.7792,"Python_13","Pyt_H"
"618",617,0.15785,0.02225,0.04055,0.77935,"Python_13","Pyt_H"
"619",618,0.158,0.02245,0.04055,0.779,"Python_13","Pyt_H"
"620",619,0.15815,0.02255,0.04055,0.77875,"Python_13","Pyt_H"
"621",620,0.15785,0.02305,0.0413,0.7778,"Python_13","Pyt_H"
"622",621,0.158,0.02245,0.04195,0.7776,"Python_13","Pyt_H"
"623",622,0.15685,0.0229,0.04255,0.7777,"Python_13","Pyt_H"
"624",623,0.15725,0.0243,0.0409,0.77755,"Python_13","Pyt_H"
"625",624,0.15875,0.02305,0.04145,0.77675,"Python_13","Pyt_H"
"626",625,0.15855,0.0222,0.04245,0.7768,"Python_13","Pyt_H"
"627",626,0.15855,0.02095,0.04375,0.77675,"Python_13","Pyt_H"
"628",627,0.1589,0.0212,0.0427,0.7772,"Python_13","Pyt_H"
"629",628,0.1587,0.0221,0.04165,0.77755,"Python_13","Pyt_H"
"630",629,0.1584,0.0227,0.0422,0.7767,"Python_13","Pyt_H"
"631",630,0.15955,0.02275,0.04155,0.77615,"Python_13","Pyt_H"
"632",631,0.15945,0.02285,0.04175,0.77595,"Python_13","Pyt_H"
"633",632,0.15925,0.02275,0.04225,0.77575,"Python_13","Pyt_H"
"634",633,0.15905,0.0233,0.04195,0.7757,"Python_13","Pyt_H"
"635",634,0.15865,0.02415,0.0408,0.7764,"Python_13","Pyt_H"
"636",635,0.15965,0.0236,0.0412,0.77555,"Python_13","Pyt_H"
"637",636,0.16015,0.02295,0.04185,0.77505,"Python_13","Pyt_H"
"638",637,0.1594,0.0233,0.04245,0.77485,"Python_13","Pyt_H"
"639",638,0.15835,0.0233,0.04285,0.7755,"Python_13","Pyt_H"
"640",639,0.15765,0.02335,0.0433,0.7757,"Python_13","Pyt_H"
"641",640,0.15775,0.0225,0.04325,0.7765,"Python_13","Pyt_H"
"642",641,0.1574,0.0227,0.0439,0.776,"Python_13","Pyt_H"
"643",642,0.15635,0.02295,0.04375,0.77695,"Python_13","Pyt_H"
"644",643,0.1566,0.0242,0.0442,0.775,"Python_13","Pyt_H"
"645",644,0.15695,0.02375,0.04415,0.77515,"Python_13","Pyt_H"
"646",645,0.15725,0.0237,0.04375,0.7753,"Python_13","Pyt_H"
"647",646,0.1571,0.02445,0.04375,0.7747,"Python_13","Pyt_H"
"648",647,0.1565,0.02365,0.04505,0.7748,"Python_13","Pyt_H"
"649",648,0.15635,0.02495,0.0441,0.7746,"Python_13","Pyt_H"
"650",649,0.1556,0.02475,0.0458,0.77385,"Python_13","Pyt_H"
"651",650,0.15515,0.02385,0.04715,0.77385,"Python_13","Pyt_H"
"652",651,0.1544,0.02345,0.04655,0.7756,"Python_13","Pyt_H"
"653",652,0.1538,0.0233,0.0465,0.7764,"Python_13","Pyt_H"
"654",653,0.15345,0.02495,0.04485,0.77675,"Python_13","Pyt_H"
"655",654,0.15245,0.0254,0.0449,0.77725,"Python_13","Pyt_H"
"656",655,0.15185,0.0252,0.0448,0.77815,"Python_13","Pyt_H"
"657",656,0.1514,0.0252,0.04405,0.77935,"Python_13","Pyt_H"
"658",657,0.1505,0.0237,0.045,0.7808,"Python_13","Pyt_H"
"659",658,0.15155,0.02225,0.0453,0.7809,"Python_13","Pyt_H"
"660",659,0.15235,0.0227,0.04425,0.7807,"Python_13","Pyt_H"
"661",660,0.1527,0.021,0.0438,0.7825,"Python_13","Pyt_H"
