"","step","S","E","I","R","simu","Langage"
"1",0,0.999,0,0.001,0,"Python_3","Pyt_H"
"2",1,0.99815,0.00085,0.001,0,"Python_3","Pyt_H"
"3",2,0.99725,0.00175,0.00085,0.00015,"Python_3","Pyt_H"
"4",3,0.9961,0.0027,0.00105,0.00015,"Python_3","Pyt_H"
"5",4,0.9949,0.0036,0.00135,0.00015,"Python_3","Pyt_H"
"6",5,0.9932,0.00445,0.0021,0.00025,"Python_3","Pyt_H"
"7",6,0.99075,0.00615,0.00265,0.00045,"Python_3","Pyt_H"
"8",7,0.98825,0.0075,0.0037,0.00055,"Python_3","Pyt_H"
"9",8,0.98555,0.00905,0.00455,0.00085,"Python_3","Pyt_H"
"10",9,0.98165,0.0109,0.006,0.00145,"Python_3","Pyt_H"
"11",10,0.9772,0.01335,0.00745,0.002,"Python_3","Pyt_H"
"12",11,0.9707,0.0173,0.00925,0.00275,"Python_3","Pyt_H"
"13",12,0.96395,0.02145,0.01135,0.00325,"Python_3","Pyt_H"
"14",13,0.95475,0.0267,0.0142,0.00435,"Python_3","Pyt_H"
"15",14,0.9426,0.03445,0.0174,0.00555,"Python_3","Pyt_H"
"16",15,0.9271,0.0439,0.02225,0.00675,"Python_3","Pyt_H"
"17",16,0.9104,0.05265,0.02805,0.0089,"Python_3","Pyt_H"
"18",17,0.888,0.0653,0.03555,0.01115,"Python_3","Pyt_H"
"19",18,0.85945,0.08195,0.0445,0.0141,"Python_3","Pyt_H"
"20",19,0.8291,0.09635,0.05635,0.0182,"Python_3","Pyt_H"
"21",20,0.78875,0.1185,0.06865,0.0241,"Python_3","Pyt_H"
"22",21,0.74365,0.142,0.08405,0.0303,"Python_3","Pyt_H"
"23",22,0.691,0.1673,0.1037,0.038,"Python_3","Pyt_H"
"24",23,0.6328,0.19425,0.12415,0.0488,"Python_3","Pyt_H"
"25",24,0.56895,0.2201,0.15045,0.0605,"Python_3","Pyt_H"
"26",25,0.4989,0.2469,0.1803,0.0739,"Python_3","Pyt_H"
"27",26,0.42795,0.26735,0.2145,0.0902,"Python_3","Pyt_H"
"28",27,0.35785,0.2805,0.24875,0.1129,"Python_3","Pyt_H"
"29",28,0.2914,0.2915,0.2801,0.137,"Python_3","Pyt_H"
"30",29,0.23155,0.2869,0.3136,0.16795,"Python_3","Pyt_H"
"31",30,0.179,0.277,0.3441,0.1999,"Python_3","Pyt_H"
"32",31,0.133,0.26005,0.37005,0.2369,"Python_3","Pyt_H"
"33",32,0.10185,0.2315,0.3873,0.27935,"Python_3","Pyt_H"
"34",33,0.07485,0.2017,0.39915,0.3243,"Python_3","Pyt_H"
"35",34,0.0558,0.17245,0.40445,0.3673,"Python_3","Pyt_H"
"36",35,0.04125,0.1476,0.3967,0.41445,"Python_3","Pyt_H"
"37",36,0.03095,0.12145,0.38595,0.46165,"Python_3","Pyt_H"
"38",37,0.0247,0.0957,0.37485,0.50475,"Python_3","Pyt_H"
"39",38,0.02065,0.07675,0.3529,0.5497,"Python_3","Pyt_H"
"40",39,0.0174,0.0622,0.3285,0.5919,"Python_3","Pyt_H"
"41",40,0.01535,0.04955,0.3037,0.6314,"Python_3","Pyt_H"
"42",41,0.0141,0.0396,0.2778,0.6685,"Python_3","Pyt_H"
"43",42,0.01355,0.03195,0.25245,0.70205,"Python_3","Pyt_H"
"44",43,0.01295,0.0252,0.22695,0.7349,"Python_3","Pyt_H"
"45",44,0.0138,0.0208,0.20635,0.75905,"Python_3","Pyt_H"
"46",45,0.0144,0.0174,0.18375,0.78445,"Python_3","Pyt_H"
"47",46,0.0147,0.01465,0.16445,0.8062,"Python_3","Pyt_H"
"48",47,0.0147,0.0126,0.14745,0.82525,"Python_3","Pyt_H"
"49",48,0.0156,0.0114,0.1303,0.8427,"Python_3","Pyt_H"
"50",49,0.0171,0.00935,0.11605,0.8575,"Python_3","Pyt_H"
"51",50,0.0179,0.0081,0.1031,0.8709,"Python_3","Pyt_H"
"52",51,0.01895,0.00765,0.09215,0.88125,"Python_3","Pyt_H"
"53",52,0.0206,0.00705,0.0828,0.88955,"Python_3","Pyt_H"
"54",53,0.0235,0.00695,0.07285,0.8967,"Python_3","Pyt_H"
"55",54,0.0254,0.00675,0.0652,0.90265,"Python_3","Pyt_H"
"56",55,0.02735,0.00645,0.05795,0.90825,"Python_3","Pyt_H"
"57",56,0.029,0.006,0.05135,0.91365,"Python_3","Pyt_H"
"58",57,0.03205,0.00575,0.04585,0.91635,"Python_3","Pyt_H"
"59",58,0.034,0.0052,0.04095,0.91985,"Python_3","Pyt_H"
"60",59,0.03625,0.00435,0.0365,0.9229,"Python_3","Pyt_H"
"61",60,0.0381,0.0042,0.0327,0.925,"Python_3","Pyt_H"
"62",61,0.0407,0.00395,0.0292,0.92615,"Python_3","Pyt_H"
"63",62,0.04355,0.0035,0.026,0.92695,"Python_3","Pyt_H"
"64",63,0.0455,0.00345,0.02335,0.9277,"Python_3","Pyt_H"
"65",64,0.04765,0.0035,0.0212,0.92765,"Python_3","Pyt_H"
"66",65,0.05095,0.00335,0.01925,0.92645,"Python_3","Pyt_H"
"67",66,0.05385,0.00285,0.01785,0.92545,"Python_3","Pyt_H"
"68",67,0.0565,0.0028,0.0161,0.9246,"Python_3","Pyt_H"
"69",68,0.05875,0.00285,0.01475,0.92365,"Python_3","Pyt_H"
"70",69,0.06095,0.00315,0.0131,0.9228,"Python_3","Pyt_H"
"71",70,0.06335,0.00335,0.01185,0.92145,"Python_3","Pyt_H"
"72",71,0.0659,0.00345,0.01025,0.9204,"Python_3","Pyt_H"
"73",72,0.0693,0.00325,0.00935,0.9181,"Python_3","Pyt_H"
"74",73,0.07195,0.003,0.0086,0.91645,"Python_3","Pyt_H"
"75",74,0.07445,0.00275,0.00795,0.91485,"Python_3","Pyt_H"
"76",75,0.07805,0.00245,0.0077,0.9118,"Python_3","Pyt_H"
"77",76,0.08165,0.00225,0.00735,0.90875,"Python_3","Pyt_H"
"78",77,0.08495,0.00265,0.00665,0.90575,"Python_3","Pyt_H"
"79",78,0.08785,0.0028,0.00635,0.903,"Python_3","Pyt_H"
"80",79,0.0908,0.0023,0.00625,0.90065,"Python_3","Pyt_H"
"81",80,0.09355,0.00215,0.00595,0.89835,"Python_3","Pyt_H"
"82",81,0.09525,0.0022,0.00555,0.897,"Python_3","Pyt_H"
"83",82,0.0971,0.0024,0.00515,0.89535,"Python_3","Pyt_H"
"84",83,0.09945,0.00225,0.00515,0.89315,"Python_3","Pyt_H"
"85",84,0.1026,0.0022,0.00485,0.89035,"Python_3","Pyt_H"
"86",85,0.10495,0.00225,0.0048,0.888,"Python_3","Pyt_H"
"87",86,0.1073,0.00235,0.0041,0.88625,"Python_3","Pyt_H"
"88",87,0.10935,0.00205,0.00405,0.88455,"Python_3","Pyt_H"
"89",88,0.1117,0.0016,0.00415,0.88255,"Python_3","Pyt_H"
"90",89,0.11485,0.00165,0.00385,0.87965,"Python_3","Pyt_H"
"91",90,0.11675,0.00185,0.0038,0.8776,"Python_3","Pyt_H"
"92",91,0.1187,0.00155,0.0037,0.87605,"Python_3","Pyt_H"
"93",92,0.1216,0.0013,0.00355,0.87355,"Python_3","Pyt_H"
"94",93,0.1241,0.0012,0.0033,0.8714,"Python_3","Pyt_H"
"95",94,0.1269,0.0012,0.00355,0.86835,"Python_3","Pyt_H"
"96",95,0.1293,0.0016,0.0035,0.8656,"Python_3","Pyt_H"
"97",96,0.13175,0.0015,0.0031,0.86365,"Python_3","Pyt_H"
"98",97,0.13485,0.0012,0.003,0.86095,"Python_3","Pyt_H"
"99",98,0.1368,0.001,0.00295,0.85925,"Python_3","Pyt_H"
"100",99,0.13865,0.0011,0.00275,0.8575,"Python_3","Pyt_H"
"101",100,0.14165,0.00115,0.00225,0.85495,"Python_3","Pyt_H"
"102",101,0.1444,0.00115,0.00215,0.8523,"Python_3","Pyt_H"
"103",102,0.1466,0.00095,0.002,0.85045,"Python_3","Pyt_H"
"104",103,0.1489,0.00105,0.0018,0.84825,"Python_3","Pyt_H"
"105",104,0.15145,0.0011,0.00185,0.8456,"Python_3","Pyt_H"
"106",105,0.15315,0.00115,0.00195,0.84375,"Python_3","Pyt_H"
"107",106,0.1551,0.00115,0.00195,0.8418,"Python_3","Pyt_H"
"108",107,0.15775,0.00105,0.002,0.8392,"Python_3","Pyt_H"
"109",108,0.1603,0.00095,0.00225,0.8365,"Python_3","Pyt_H"
"110",109,0.16275,0.0011,0.0022,0.83395,"Python_3","Pyt_H"
"111",110,0.16455,0.0013,0.00205,0.8321,"Python_3","Pyt_H"
"112",111,0.16705,0.0011,0.00235,0.8295,"Python_3","Pyt_H"
"113",112,0.1681,0.0012,0.00225,0.82845,"Python_3","Pyt_H"
"114",113,0.1701,0.0014,0.002,0.8265,"Python_3","Pyt_H"
"115",114,0.1724,0.00115,0.0022,0.82425,"Python_3","Pyt_H"
"116",115,0.1743,0.0012,0.00205,0.82245,"Python_3","Pyt_H"
"117",116,0.1767,0.00105,0.0022,0.82005,"Python_3","Pyt_H"
"118",117,0.1786,0.00115,0.00225,0.818,"Python_3","Pyt_H"
"119",118,0.1807,0.0013,0.00225,0.81575,"Python_3","Pyt_H"
"120",119,0.18365,0.0012,0.0023,0.81285,"Python_3","Pyt_H"
"121",120,0.1852,0.00115,0.00225,0.8114,"Python_3","Pyt_H"
"122",121,0.1871,0.00115,0.00245,0.8093,"Python_3","Pyt_H"
"123",122,0.1898,0.00115,0.00245,0.8066,"Python_3","Pyt_H"
"124",123,0.19165,0.00125,0.0025,0.8046,"Python_3","Pyt_H"
"125",124,0.1939,0.0015,0.0024,0.8022,"Python_3","Pyt_H"
"126",125,0.19635,0.0015,0.00215,0.8,"Python_3","Pyt_H"
"127",126,0.1984,0.00165,0.00225,0.7977,"Python_3","Pyt_H"
"128",127,0.2008,0.00165,0.00215,0.7954,"Python_3","Pyt_H"
"129",128,0.20365,0.0014,0.0023,0.79265,"Python_3","Pyt_H"
"130",129,0.20575,0.0015,0.00225,0.7905,"Python_3","Pyt_H"
"131",130,0.20805,0.0014,0.0025,0.78805,"Python_3","Pyt_H"
"132",131,0.21005,0.0016,0.00255,0.7858,"Python_3","Pyt_H"
"133",132,0.2122,0.00185,0.00235,0.7836,"Python_3","Pyt_H"
"134",133,0.21385,0.0017,0.0025,0.78195,"Python_3","Pyt_H"
"135",134,0.2157,0.00165,0.00245,0.7802,"Python_3","Pyt_H"
"136",135,0.2185,0.0017,0.00225,0.77755,"Python_3","Pyt_H"
"137",136,0.22075,0.00175,0.00225,0.77525,"Python_3","Pyt_H"
"138",137,0.2225,0.00155,0.0026,0.77335,"Python_3","Pyt_H"
"139",138,0.2244,0.00165,0.0027,0.77125,"Python_3","Pyt_H"
"140",139,0.22595,0.00205,0.0028,0.7692,"Python_3","Pyt_H"
"141",140,0.22805,0.00215,0.0027,0.7671,"Python_3","Pyt_H"
"142",141,0.23,0.00195,0.00295,0.7651,"Python_3","Pyt_H"
"143",142,0.23225,0.00205,0.00315,0.76255,"Python_3","Pyt_H"
"144",143,0.2335,0.0021,0.00345,0.76095,"Python_3","Pyt_H"
"145",144,0.2355,0.0022,0.00355,0.75875,"Python_3","Pyt_H"
"146",145,0.2371,0.00265,0.00365,0.7566,"Python_3","Pyt_H"
"147",146,0.23855,0.00265,0.004,0.7548,"Python_3","Pyt_H"
"148",147,0.24025,0.0026,0.00425,0.7529,"Python_3","Pyt_H"
"149",148,0.2411,0.0029,0.00435,0.75165,"Python_3","Pyt_H"
"150",149,0.2427,0.003,0.00435,0.74995,"Python_3","Pyt_H"
"151",150,0.2441,0.00315,0.0044,0.74835,"Python_3","Pyt_H"
"152",151,0.24595,0.0034,0.0046,0.74605,"Python_3","Pyt_H"
"153",152,0.24705,0.00345,0.0048,0.7447,"Python_3","Pyt_H"
"154",153,0.24805,0.00395,0.0049,0.7431,"Python_3","Pyt_H"
"155",154,0.24955,0.0039,0.00495,0.7416,"Python_3","Pyt_H"
"156",155,0.2506,0.0037,0.0055,0.7402,"Python_3","Pyt_H"
"157",156,0.2522,0.0041,0.00555,0.73815,"Python_3","Pyt_H"
"158",157,0.2536,0.00395,0.0062,0.73625,"Python_3","Pyt_H"
"159",158,0.25415,0.00475,0.006,0.7351,"Python_3","Pyt_H"
"160",159,0.2548,0.00515,0.00645,0.7336,"Python_3","Pyt_H"
"161",160,0.25585,0.00545,0.0067,0.732,"Python_3","Pyt_H"
"162",161,0.25715,0.0058,0.0072,0.72985,"Python_3","Pyt_H"
"163",162,0.25775,0.0058,0.0081,0.72835,"Python_3","Pyt_H"
"164",163,0.2584,0.0059,0.0086,0.7271,"Python_3","Pyt_H"
"165",164,0.2591,0.00565,0.009,0.72625,"Python_3","Pyt_H"
"166",165,0.26045,0.0057,0.0092,0.72465,"Python_3","Pyt_H"
"167",166,0.26045,0.00675,0.00905,0.72375,"Python_3","Pyt_H"
"168",167,0.261,0.00705,0.009,0.72295,"Python_3","Pyt_H"
"169",168,0.2614,0.0073,0.00905,0.72225,"Python_3","Pyt_H"
"170",169,0.2621,0.0073,0.00925,0.72135,"Python_3","Pyt_H"
"171",170,0.26225,0.0081,0.0098,0.71985,"Python_3","Pyt_H"
"172",171,0.2621,0.00875,0.0099,0.71925,"Python_3","Pyt_H"
"173",172,0.2616,0.00935,0.01065,0.7184,"Python_3","Pyt_H"
"174",173,0.2615,0.0093,0.01165,0.71755,"Python_3","Pyt_H"
"175",174,0.26125,0.00995,0.01225,0.71655,"Python_3","Pyt_H"
"176",175,0.26125,0.0096,0.0137,0.71545,"Python_3","Pyt_H"
"177",176,0.26015,0.0102,0.01435,0.7153,"Python_3","Pyt_H"
"178",177,0.25935,0.01085,0.01535,0.71445,"Python_3","Pyt_H"
"179",178,0.25805,0.0123,0.01595,0.7137,"Python_3","Pyt_H"
"180",179,0.25695,0.01325,0.0162,0.7136,"Python_3","Pyt_H"
"181",180,0.2559,0.01375,0.0175,0.71285,"Python_3","Pyt_H"
"182",181,0.25485,0.0141,0.01855,0.7125,"Python_3","Pyt_H"
"183",182,0.25245,0.01535,0.0194,0.7128,"Python_3","Pyt_H"
"184",183,0.25165,0.015,0.02045,0.7129,"Python_3","Pyt_H"
"185",184,0.25,0.01575,0.0213,0.71295,"Python_3","Pyt_H"
"186",185,0.24815,0.0165,0.0229,0.71245,"Python_3","Pyt_H"
"187",186,0.2455,0.01825,0.02315,0.7131,"Python_3","Pyt_H"
"188",187,0.2431,0.01895,0.02505,0.7129,"Python_3","Pyt_H"
"189",188,0.2407,0.01855,0.0268,0.71395,"Python_3","Pyt_H"
"190",189,0.23855,0.0194,0.02795,0.7141,"Python_3","Pyt_H"
"191",190,0.23565,0.0197,0.02925,0.7154,"Python_3","Pyt_H"
"192",191,0.23335,0.02085,0.0298,0.716,"Python_3","Pyt_H"
"193",192,0.22875,0.0229,0.03105,0.7173,"Python_3","Pyt_H"
"194",193,0.22545,0.02345,0.03215,0.71895,"Python_3","Pyt_H"
"195",194,0.22155,0.0243,0.0336,0.72055,"Python_3","Pyt_H"
"196",195,0.2174,0.02565,0.03485,0.7221,"Python_3","Pyt_H"
"197",196,0.21355,0.0265,0.0364,0.72355,"Python_3","Pyt_H"
"198",197,0.21055,0.02675,0.03785,0.72485,"Python_3","Pyt_H"
"199",198,0.2063,0.02705,0.03945,0.7272,"Python_3","Pyt_H"
"200",199,0.2018,0.02855,0.0403,0.72935,"Python_3","Pyt_H"
"201",200,0.19745,0.02825,0.0415,0.7328,"Python_3","Pyt_H"
"202",201,0.1919,0.02985,0.04315,0.7351,"Python_3","Pyt_H"
"203",202,0.1883,0.0311,0.0434,0.7372,"Python_3","Pyt_H"
"204",203,0.1842,0.03025,0.0453,0.74025,"Python_3","Pyt_H"
"205",204,0.1801,0.0296,0.04725,0.74305,"Python_3","Pyt_H"
"206",205,0.17675,0.0294,0.0479,0.74595,"Python_3","Pyt_H"
"207",206,0.17295,0.03,0.04765,0.7494,"Python_3","Pyt_H"
"208",207,0.1703,0.0293,0.04915,0.75125,"Python_3","Pyt_H"
"209",208,0.16705,0.02995,0.04995,0.75305,"Python_3","Pyt_H"
"210",209,0.16495,0.02905,0.0505,0.7555,"Python_3","Pyt_H"
"211",210,0.16165,0.0284,0.0509,0.75905,"Python_3","Pyt_H"
"212",211,0.15945,0.0271,0.05235,0.7611,"Python_3","Pyt_H"
"213",212,0.15615,0.0274,0.05295,0.7635,"Python_3","Pyt_H"
"214",213,0.15295,0.02835,0.05285,0.76585,"Python_3","Pyt_H"
"215",214,0.14895,0.0284,0.0529,0.76975,"Python_3","Pyt_H"
"216",215,0.1451,0.02915,0.0514,0.77435,"Python_3","Pyt_H"
"217",216,0.1436,0.02855,0.05145,0.7764,"Python_3","Pyt_H"
"218",217,0.14045,0.02875,0.05125,0.77955,"Python_3","Pyt_H"
"219",218,0.1385,0.0273,0.05145,0.78275,"Python_3","Pyt_H"
"220",219,0.13715,0.0257,0.05115,0.786,"Python_3","Pyt_H"
"221",220,0.13455,0.02545,0.0515,0.7885,"Python_3","Pyt_H"
"222",221,0.13425,0.02365,0.05095,0.79115,"Python_3","Pyt_H"
"223",222,0.1335,0.0227,0.0508,0.793,"Python_3","Pyt_H"
"224",223,0.1312,0.02305,0.05045,0.7953,"Python_3","Pyt_H"
"225",224,0.13085,0.0232,0.04835,0.7976,"Python_3","Pyt_H"
"226",225,0.1299,0.02195,0.04745,0.8007,"Python_3","Pyt_H"
"227",226,0.12865,0.0222,0.0463,0.80285,"Python_3","Pyt_H"
"228",227,0.12815,0.02255,0.045,0.8043,"Python_3","Pyt_H"
"229",228,0.1278,0.02145,0.04535,0.8054,"Python_3","Pyt_H"
"230",229,0.12835,0.0212,0.0442,0.80625,"Python_3","Pyt_H"
"231",230,0.12825,0.0206,0.04375,0.8074,"Python_3","Pyt_H"
"232",231,0.1268,0.02135,0.04215,0.8097,"Python_3","Pyt_H"
"233",232,0.12685,0.02055,0.04145,0.81115,"Python_3","Pyt_H"
"234",233,0.12615,0.02015,0.0412,0.8125,"Python_3","Pyt_H"
"235",234,0.126,0.02035,0.04085,0.8128,"Python_3","Pyt_H"
"236",235,0.12595,0.01935,0.04085,0.81385,"Python_3","Pyt_H"
"237",236,0.12675,0.01875,0.0409,0.8136,"Python_3","Pyt_H"
"238",237,0.12765,0.01745,0.04075,0.81415,"Python_3","Pyt_H"
"239",238,0.1268,0.01725,0.0393,0.81665,"Python_3","Pyt_H"
"240",239,0.1268,0.0171,0.038,0.8181,"Python_3","Pyt_H"
"241",240,0.127,0.01655,0.03775,0.8187,"Python_3","Pyt_H"
"242",241,0.12795,0.0163,0.0367,0.81905,"Python_3","Pyt_H"
"243",242,0.1284,0.016,0.0355,0.8201,"Python_3","Pyt_H"
"244",243,0.13015,0.01565,0.03395,0.82025,"Python_3","Pyt_H"
"245",244,0.1314,0.01515,0.0324,0.82105,"Python_3","Pyt_H"
"246",245,0.13405,0.0139,0.03215,0.8199,"Python_3","Pyt_H"
"247",246,0.135,0.01355,0.0325,0.81895,"Python_3","Pyt_H"
"248",247,0.13565,0.01415,0.03105,0.81915,"Python_3","Pyt_H"
"249",248,0.1362,0.01545,0.03,0.81835,"Python_3","Pyt_H"
"250",249,0.1375,0.0155,0.03005,0.81695,"Python_3","Pyt_H"
"251",250,0.1397,0.01475,0.0297,0.81585,"Python_3","Pyt_H"
"252",251,0.1405,0.0145,0.0297,0.8153,"Python_3","Pyt_H"
"253",252,0.1422,0.0136,0.0301,0.8141,"Python_3","Pyt_H"
"254",253,0.14305,0.0142,0.0293,0.81345,"Python_3","Pyt_H"
"255",254,0.1441,0.0147,0.0289,0.8123,"Python_3","Pyt_H"
"256",255,0.146,0.0141,0.0289,0.811,"Python_3","Pyt_H"
"257",256,0.14685,0.0145,0.02865,0.81,"Python_3","Pyt_H"
"258",257,0.14785,0.01435,0.02825,0.80955,"Python_3","Pyt_H"
"259",258,0.14915,0.0145,0.0282,0.80815,"Python_3","Pyt_H"
"260",259,0.15135,0.01355,0.02835,0.80675,"Python_3","Pyt_H"
"261",260,0.1534,0.01255,0.029,0.80505,"Python_3","Pyt_H"
"262",261,0.15375,0.0143,0.0268,0.80515,"Python_3","Pyt_H"
"263",262,0.1556,0.0141,0.02595,0.80435,"Python_3","Pyt_H"
"264",263,0.1563,0.0136,0.026,0.8041,"Python_3","Pyt_H"
"265",264,0.15765,0.01405,0.02545,0.80285,"Python_3","Pyt_H"
"266",265,0.1592,0.0141,0.02555,0.80115,"Python_3","Pyt_H"
"267",266,0.16055,0.0146,0.0255,0.79935,"Python_3","Pyt_H"
"268",267,0.16215,0.0146,0.02515,0.7981,"Python_3","Pyt_H"
"269",268,0.1637,0.01475,0.02435,0.7972,"Python_3","Pyt_H"
"270",269,0.16395,0.0139,0.0248,0.79735,"Python_3","Pyt_H"
"271",270,0.1653,0.0141,0.0254,0.7952,"Python_3","Pyt_H"
"272",271,0.1662,0.0141,0.02515,0.79455,"Python_3","Pyt_H"
"273",272,0.1675,0.01435,0.02545,0.7927,"Python_3","Pyt_H"
"274",273,0.16945,0.01445,0.02585,0.79025,"Python_3","Pyt_H"
"275",274,0.1706,0.0146,0.0258,0.789,"Python_3","Pyt_H"
"276",275,0.17215,0.01445,0.0263,0.7871,"Python_3","Pyt_H"
"277",276,0.17405,0.01395,0.02625,0.78575,"Python_3","Pyt_H"
"278",277,0.175,0.01465,0.02625,0.7841,"Python_3","Pyt_H"
"279",278,0.17545,0.01445,0.02735,0.78275,"Python_3","Pyt_H"
"280",279,0.1762,0.015,0.0274,0.7814,"Python_3","Pyt_H"
"281",280,0.1774,0.01495,0.0272,0.78045,"Python_3","Pyt_H"
"282",281,0.1779,0.01575,0.027,0.77935,"Python_3","Pyt_H"
"283",282,0.1795,0.01575,0.0264,0.77835,"Python_3","Pyt_H"
"284",283,0.1805,0.01565,0.0261,0.77775,"Python_3","Pyt_H"
"285",284,0.18135,0.0154,0.0267,0.77655,"Python_3","Pyt_H"
"286",285,0.18075,0.01635,0.0267,0.7762,"Python_3","Pyt_H"
"287",286,0.1813,0.01695,0.0267,0.77505,"Python_3","Pyt_H"
"288",287,0.1822,0.0155,0.0281,0.7742,"Python_3","Pyt_H"
"289",288,0.18175,0.016,0.02815,0.7741,"Python_3","Pyt_H"
"290",289,0.1824,0.01585,0.02865,0.7731,"Python_3","Pyt_H"
"291",290,0.18335,0.01615,0.0284,0.7721,"Python_3","Pyt_H"
"292",291,0.18435,0.0169,0.02825,0.7705,"Python_3","Pyt_H"
"293",292,0.18515,0.0176,0.02815,0.7691,"Python_3","Pyt_H"
"294",293,0.18495,0.01885,0.0283,0.7679,"Python_3","Pyt_H"
"295",294,0.1846,0.0198,0.02855,0.76705,"Python_3","Pyt_H"
"296",295,0.18425,0.01985,0.02905,0.76685,"Python_3","Pyt_H"
"297",296,0.18395,0.0191,0.0306,0.76635,"Python_3","Pyt_H"
"298",297,0.1842,0.01925,0.0318,0.76475,"Python_3","Pyt_H"
"299",298,0.18345,0.02015,0.03145,0.76495,"Python_3","Pyt_H"
"300",299,0.18445,0.0192,0.03205,0.7643,"Python_3","Pyt_H"
"301",300,0.18505,0.0184,0.0331,0.76345,"Python_3","Pyt_H"
"302",301,0.1837,0.01945,0.03405,0.7628,"Python_3","Pyt_H"
"303",302,0.18215,0.02155,0.0334,0.7629,"Python_3","Pyt_H"
"304",303,0.18185,0.02215,0.0345,0.7615,"Python_3","Pyt_H"
"305",304,0.1822,0.0215,0.0351,0.7612,"Python_3","Pyt_H"
"306",305,0.1825,0.02205,0.0357,0.75975,"Python_3","Pyt_H"
"307",306,0.1812,0.02175,0.03615,0.7609,"Python_3","Pyt_H"
"308",307,0.1793,0.0233,0.0367,0.7607,"Python_3","Pyt_H"
"309",308,0.17825,0.0238,0.0366,0.76135,"Python_3","Pyt_H"
"310",309,0.1781,0.02455,0.03615,0.7612,"Python_3","Pyt_H"
"311",310,0.1789,0.0237,0.03705,0.76035,"Python_3","Pyt_H"
"312",311,0.1776,0.02295,0.0391,0.76035,"Python_3","Pyt_H"
"313",312,0.17735,0.0232,0.0396,0.75985,"Python_3","Pyt_H"
"314",313,0.1776,0.0231,0.03935,0.75995,"Python_3","Pyt_H"
"315",314,0.17655,0.0241,0.0401,0.75925,"Python_3","Pyt_H"
"316",315,0.1757,0.02435,0.03995,0.76,"Python_3","Pyt_H"
"317",316,0.17555,0.0238,0.04025,0.7604,"Python_3","Pyt_H"
"318",317,0.1745,0.02375,0.04155,0.7602,"Python_3","Pyt_H"
"319",318,0.1728,0.0243,0.0425,0.7604,"Python_3","Pyt_H"
"320",319,0.1712,0.02575,0.0423,0.76075,"Python_3","Pyt_H"
"321",320,0.17,0.02555,0.042,0.76245,"Python_3","Pyt_H"
"322",321,0.1707,0.02505,0.0423,0.76195,"Python_3","Pyt_H"
"323",322,0.1692,0.0254,0.04085,0.76455,"Python_3","Pyt_H"
"324",323,0.16915,0.02505,0.04175,0.76405,"Python_3","Pyt_H"
"325",324,0.1676,0.0256,0.0412,0.7656,"Python_3","Pyt_H"
"326",325,0.1678,0.0248,0.04285,0.76455,"Python_3","Pyt_H"
"327",326,0.16735,0.02365,0.04365,0.76535,"Python_3","Pyt_H"
"328",327,0.1671,0.02275,0.04405,0.7661,"Python_3","Pyt_H"
"329",328,0.1663,0.0232,0.04305,0.76745,"Python_3","Pyt_H"
"330",329,0.16455,0.0242,0.0435,0.76775,"Python_3","Pyt_H"
"331",330,0.1643,0.0237,0.0438,0.7682,"Python_3","Pyt_H"
"332",331,0.16385,0.02455,0.04345,0.76815,"Python_3","Pyt_H"
"333",332,0.16305,0.0253,0.0444,0.76725,"Python_3","Pyt_H"
"334",333,0.1621,0.0253,0.04515,0.76745,"Python_3","Pyt_H"
"335",334,0.1616,0.0249,0.04565,0.76785,"Python_3","Pyt_H"
"336",335,0.1609,0.02465,0.04635,0.7681,"Python_3","Pyt_H"
"337",336,0.1609,0.02395,0.047,0.76815,"Python_3","Pyt_H"
"338",337,0.16105,0.02335,0.0476,0.768,"Python_3","Pyt_H"
"339",338,0.159,0.02445,0.04555,0.771,"Python_3","Pyt_H"
"340",339,0.1586,0.02465,0.045,0.77175,"Python_3","Pyt_H"
"341",340,0.1578,0.0257,0.04485,0.77165,"Python_3","Pyt_H"
"342",341,0.1555,0.02635,0.04505,0.7731,"Python_3","Pyt_H"
"343",342,0.15605,0.02605,0.04495,0.77295,"Python_3","Pyt_H"
"344",343,0.15395,0.0274,0.0453,0.77335,"Python_3","Pyt_H"
"345",344,0.1539,0.0265,0.04505,0.77455,"Python_3","Pyt_H"
"346",345,0.1528,0.026,0.046,0.7752,"Python_3","Pyt_H"
"347",346,0.1528,0.02505,0.04605,0.7761,"Python_3","Pyt_H"
"348",347,0.15285,0.0245,0.04575,0.7769,"Python_3","Pyt_H"
"349",348,0.152,0.02485,0.04605,0.7771,"Python_3","Pyt_H"
"350",349,0.152,0.0239,0.0453,0.7788,"Python_3","Pyt_H"
"351",350,0.1511,0.02435,0.0456,0.77895,"Python_3","Pyt_H"
"352",351,0.1513,0.02435,0.04515,0.7792,"Python_3","Pyt_H"
"353",352,0.1497,0.02515,0.04555,0.7796,"Python_3","Pyt_H"
"354",353,0.1493,0.02565,0.04485,0.7802,"Python_3","Pyt_H"
"355",354,0.1483,0.02495,0.04455,0.7822,"Python_3","Pyt_H"
"356",355,0.14825,0.0245,0.0455,0.78175,"Python_3","Pyt_H"
"357",356,0.1479,0.02385,0.0464,0.78185,"Python_3","Pyt_H"
"358",357,0.1478,0.02445,0.0446,0.78315,"Python_3","Pyt_H"
"359",358,0.14725,0.02365,0.0455,0.7836,"Python_3","Pyt_H"
"360",359,0.14775,0.02355,0.04495,0.78375,"Python_3","Pyt_H"
"361",360,0.14695,0.02415,0.04455,0.78435,"Python_3","Pyt_H"
"362",361,0.1462,0.02385,0.0439,0.78605,"Python_3","Pyt_H"
"363",362,0.14635,0.02285,0.046,0.7848,"Python_3","Pyt_H"
"364",363,0.1457,0.0236,0.0456,0.7851,"Python_3","Pyt_H"
"365",364,0.14565,0.02305,0.04495,0.78635,"Python_3","Pyt_H"
"366",365,0.14565,0.02305,0.0451,0.7862,"Python_3","Pyt_H"
"367",366,0.1466,0.0225,0.04515,0.78575,"Python_3","Pyt_H"
"368",367,0.1467,0.0224,0.04505,0.78585,"Python_3","Pyt_H"
"369",368,0.14725,0.02225,0.04355,0.78695,"Python_3","Pyt_H"
"370",369,0.1474,0.02135,0.0438,0.78745,"Python_3","Pyt_H"
"371",370,0.149,0.0201,0.04385,0.78705,"Python_3","Pyt_H"
"372",371,0.149,0.0213,0.04405,0.78565,"Python_3","Pyt_H"
"373",372,0.1483,0.02195,0.04265,0.7871,"Python_3","Pyt_H"
"374",373,0.1488,0.02195,0.04175,0.7875,"Python_3","Pyt_H"
"375",374,0.1488,0.02225,0.0409,0.78805,"Python_3","Pyt_H"
"376",375,0.1496,0.0218,0.04095,0.78765,"Python_3","Pyt_H"
"377",376,0.1501,0.02,0.0417,0.7882,"Python_3","Pyt_H"
"378",377,0.1501,0.02095,0.04015,0.7888,"Python_3","Pyt_H"
"379",378,0.1521,0.02015,0.0398,0.78795,"Python_3","Pyt_H"
"380",379,0.1522,0.0195,0.0397,0.7886,"Python_3","Pyt_H"
"381",380,0.15155,0.02095,0.0391,0.7884,"Python_3","Pyt_H"
"382",381,0.1513,0.0213,0.0384,0.789,"Python_3","Pyt_H"
"383",382,0.15295,0.0202,0.0386,0.78825,"Python_3","Pyt_H"
"384",383,0.1517,0.0204,0.0394,0.7885,"Python_3","Pyt_H"
"385",384,0.152,0.0205,0.0391,0.7884,"Python_3","Pyt_H"
"386",385,0.15175,0.02045,0.03935,0.78845,"Python_3","Pyt_H"
"387",386,0.1509,0.0221,0.0383,0.7887,"Python_3","Pyt_H"
"388",387,0.1515,0.0217,0.03815,0.78865,"Python_3","Pyt_H"
"389",388,0.1518,0.02155,0.0392,0.78745,"Python_3","Pyt_H"
"390",389,0.15125,0.0217,0.0395,0.78755,"Python_3","Pyt_H"
"391",390,0.1497,0.0224,0.04005,0.78785,"Python_3","Pyt_H"
"392",391,0.1502,0.02205,0.03975,0.788,"Python_3","Pyt_H"
"393",392,0.15035,0.0219,0.0399,0.78785,"Python_3","Pyt_H"
"394",393,0.1514,0.02035,0.04085,0.7874,"Python_3","Pyt_H"
"395",394,0.15185,0.02035,0.04095,0.78685,"Python_3","Pyt_H"
"396",395,0.1516,0.0206,0.0407,0.7871,"Python_3","Pyt_H"
"397",396,0.15235,0.02025,0.041,0.7864,"Python_3","Pyt_H"
"398",397,0.1527,0.0206,0.0394,0.7873,"Python_3","Pyt_H"
"399",398,0.15435,0.01985,0.0392,0.7866,"Python_3","Pyt_H"
"400",399,0.1545,0.02015,0.0387,0.78665,"Python_3","Pyt_H"
"401",400,0.15625,0.0194,0.0385,0.78585,"Python_3","Pyt_H"
"402",401,0.15705,0.01975,0.03855,0.78465,"Python_3","Pyt_H"
"403",402,0.15625,0.02065,0.03755,0.78555,"Python_3","Pyt_H"
"404",403,0.1564,0.02195,0.03655,0.7851,"Python_3","Pyt_H"
"405",404,0.15665,0.0217,0.03615,0.7855,"Python_3","Pyt_H"
"406",405,0.15725,0.0205,0.0377,0.78455,"Python_3","Pyt_H"
"407",406,0.15815,0.019,0.0388,0.78405,"Python_3","Pyt_H"
"408",407,0.15885,0.01895,0.0384,0.7838,"Python_3","Pyt_H"
"409",408,0.15985,0.0196,0.0383,0.78225,"Python_3","Pyt_H"
"410",409,0.1599,0.01945,0.0384,0.78225,"Python_3","Pyt_H"
"411",410,0.16005,0.0194,0.0382,0.78235,"Python_3","Pyt_H"
"412",411,0.16025,0.0197,0.0379,0.78215,"Python_3","Pyt_H"
"413",412,0.16005,0.02005,0.0376,0.7823,"Python_3","Pyt_H"
"414",413,0.1609,0.0196,0.03715,0.78235,"Python_3","Pyt_H"
"415",414,0.1614,0.0205,0.0363,0.7818,"Python_3","Pyt_H"
"416",415,0.1609,0.02175,0.0366,0.78075,"Python_3","Pyt_H"
"417",416,0.16115,0.02135,0.0365,0.781,"Python_3","Pyt_H"
"418",417,0.1616,0.02035,0.0375,0.78055,"Python_3","Pyt_H"
"419",418,0.1626,0.01985,0.0375,0.78005,"Python_3","Pyt_H"
"420",419,0.16245,0.01945,0.0383,0.7798,"Python_3","Pyt_H"
"421",420,0.1634,0.01895,0.0379,0.77975,"Python_3","Pyt_H"
"422",421,0.1647,0.0179,0.0383,0.7791,"Python_3","Pyt_H"
"423",422,0.16525,0.018,0.03835,0.7784,"Python_3","Pyt_H"
"424",423,0.1648,0.01885,0.0373,0.77905,"Python_3","Pyt_H"
"425",424,0.16655,0.018,0.03785,0.7776,"Python_3","Pyt_H"
"426",425,0.1662,0.01835,0.0375,0.77795,"Python_3","Pyt_H"
"427",426,0.165,0.0206,0.03595,0.77845,"Python_3","Pyt_H"
"428",427,0.16555,0.0205,0.03565,0.7783,"Python_3","Pyt_H"
"429",428,0.1661,0.02015,0.036,0.77775,"Python_3","Pyt_H"
"430",429,0.16685,0.0198,0.03745,0.7759,"Python_3","Pyt_H"
"431",430,0.16735,0.0199,0.03705,0.7757,"Python_3","Pyt_H"
"432",431,0.1677,0.0201,0.0371,0.7751,"Python_3","Pyt_H"
"433",432,0.16835,0.0196,0.03695,0.7751,"Python_3","Pyt_H"
"434",433,0.16715,0.0212,0.03635,0.7753,"Python_3","Pyt_H"
"435",434,0.16775,0.02125,0.03665,0.77435,"Python_3","Pyt_H"
"436",435,0.1676,0.02175,0.03665,0.774,"Python_3","Pyt_H"
"437",436,0.1676,0.02265,0.03645,0.7733,"Python_3","Pyt_H"
"438",437,0.1677,0.02295,0.03675,0.7726,"Python_3","Pyt_H"
"439",438,0.16665,0.0231,0.03785,0.7724,"Python_3","Pyt_H"
"440",439,0.166,0.02295,0.038,0.77305,"Python_3","Pyt_H"
"441",440,0.1648,0.02395,0.03835,0.7729,"Python_3","Pyt_H"
"442",441,0.1655,0.023,0.0392,0.7723,"Python_3","Pyt_H"
"443",442,0.1663,0.0218,0.0399,0.772,"Python_3","Pyt_H"
"444",443,0.16635,0.0222,0.03965,0.7718,"Python_3","Pyt_H"
"445",444,0.1657,0.02285,0.0391,0.77235,"Python_3","Pyt_H"
"446",445,0.16515,0.02165,0.04035,0.77285,"Python_3","Pyt_H"
"447",446,0.165,0.02195,0.0406,0.77245,"Python_3","Pyt_H"
"448",447,0.16405,0.0223,0.04055,0.7731,"Python_3","Pyt_H"
"449",448,0.16335,0.0229,0.0401,0.77365,"Python_3","Pyt_H"
"450",449,0.16405,0.02235,0.03925,0.77435,"Python_3","Pyt_H"
"451",450,0.1644,0.02115,0.04055,0.7739,"Python_3","Pyt_H"
"452",451,0.1642,0.02075,0.0406,0.77445,"Python_3","Pyt_H"
"453",452,0.16385,0.0209,0.0401,0.77515,"Python_3","Pyt_H"
"454",453,0.16325,0.02175,0.0391,0.7759,"Python_3","Pyt_H"
"455",454,0.1637,0.02205,0.03895,0.7753,"Python_3","Pyt_H"
"456",455,0.164,0.02235,0.03825,0.7754,"Python_3","Pyt_H"
"457",456,0.1632,0.02245,0.03845,0.7759,"Python_3","Pyt_H"
"458",457,0.16385,0.0226,0.0387,0.77485,"Python_3","Pyt_H"
"459",458,0.16415,0.0226,0.03825,0.775,"Python_3","Pyt_H"
"460",459,0.1637,0.02355,0.0373,0.77545,"Python_3","Pyt_H"
"461",460,0.1639,0.0227,0.03855,0.77485,"Python_3","Pyt_H"
"462",461,0.1635,0.02275,0.03965,0.7741,"Python_3","Pyt_H"
"463",462,0.1647,0.02195,0.0399,0.77345,"Python_3","Pyt_H"
"464",463,0.1647,0.02155,0.04035,0.7734,"Python_3","Pyt_H"
"465",464,0.1643,0.02175,0.0405,0.77345,"Python_3","Pyt_H"
"466",465,0.16365,0.0224,0.04115,0.7728,"Python_3","Pyt_H"
"467",466,0.16255,0.02335,0.04145,0.77265,"Python_3","Pyt_H"
"468",467,0.1613,0.0246,0.04175,0.77235,"Python_3","Pyt_H"
"469",468,0.16195,0.02405,0.04115,0.77285,"Python_3","Pyt_H"
"470",469,0.16255,0.02305,0.04125,0.77315,"Python_3","Pyt_H"
"471",470,0.16385,0.02215,0.0401,0.7739,"Python_3","Pyt_H"
"472",471,0.16355,0.0219,0.0395,0.77505,"Python_3","Pyt_H"
"473",472,0.1626,0.0223,0.03995,0.77515,"Python_3","Pyt_H"
"474",473,0.162,0.0227,0.0408,0.7745,"Python_3","Pyt_H"
"475",474,0.1619,0.022,0.0411,0.775,"Python_3","Pyt_H"
"476",475,0.1613,0.02225,0.0423,0.77415,"Python_3","Pyt_H"
"477",476,0.16085,0.02295,0.04245,0.77375,"Python_3","Pyt_H"
"478",477,0.16065,0.02285,0.04275,0.77375,"Python_3","Pyt_H"
"479",478,0.1614,0.02225,0.0422,0.77415,"Python_3","Pyt_H"
"480",479,0.1616,0.0221,0.04235,0.77395,"Python_3","Pyt_H"
"481",480,0.1607,0.0227,0.0427,0.7739,"Python_3","Pyt_H"
"482",481,0.16015,0.0237,0.04195,0.7742,"Python_3","Pyt_H"
"483",482,0.15935,0.02345,0.0421,0.7751,"Python_3","Pyt_H"
"484",483,0.1583,0.02305,0.04345,0.7752,"Python_3","Pyt_H"
"485",484,0.1587,0.02315,0.043,0.77515,"Python_3","Pyt_H"
"486",485,0.1575,0.0233,0.0428,0.7764,"Python_3","Pyt_H"
"487",486,0.15705,0.02335,0.04405,0.77555,"Python_3","Pyt_H"
"488",487,0.15655,0.02335,0.0441,0.776,"Python_3","Pyt_H"
"489",488,0.15695,0.02355,0.0437,0.7758,"Python_3","Pyt_H"
"490",489,0.15555,0.02375,0.0439,0.7768,"Python_3","Pyt_H"
"491",490,0.15535,0.0242,0.0437,0.77675,"Python_3","Pyt_H"
"492",491,0.15525,0.02555,0.04195,0.77725,"Python_3","Pyt_H"
"493",492,0.15445,0.0247,0.04315,0.7777,"Python_3","Pyt_H"
"494",493,0.1536,0.0245,0.0434,0.7785,"Python_3","Pyt_H"
"495",494,0.15265,0.02535,0.04355,0.77845,"Python_3","Pyt_H"
"496",495,0.1515,0.0247,0.04445,0.77935,"Python_3","Pyt_H"
"497",496,0.1504,0.02495,0.0447,0.77995,"Python_3","Pyt_H"
"498",497,0.1502,0.0249,0.0438,0.7811,"Python_3","Pyt_H"
"499",498,0.14955,0.0249,0.04465,0.7809,"Python_3","Pyt_H"
"500",499,0.14995,0.02405,0.04425,0.78175,"Python_3","Pyt_H"
"501",500,0.15085,0.02305,0.0441,0.782,"Python_3","Pyt_H"
"502",501,0.15,0.0225,0.04435,0.78315,"Python_3","Pyt_H"
"503",502,0.1494,0.0229,0.04325,0.78445,"Python_3","Pyt_H"
"504",503,0.14855,0.0238,0.04255,0.7851,"Python_3","Pyt_H"
"505",504,0.1496,0.02365,0.0432,0.78355,"Python_3","Pyt_H"
"506",505,0.14955,0.0239,0.04285,0.7837,"Python_3","Pyt_H"
"507",506,0.1488,0.02425,0.04265,0.7843,"Python_3","Pyt_H"
"508",507,0.1491,0.02405,0.0432,0.78365,"Python_3","Pyt_H"
"509",508,0.14875,0.02385,0.04205,0.78535,"Python_3","Pyt_H"
"510",509,0.1491,0.0231,0.0424,0.7854,"Python_3","Pyt_H"
"511",510,0.14975,0.02285,0.0423,0.7851,"Python_3","Pyt_H"
"512",511,0.1509,0.0214,0.0422,0.7855,"Python_3","Pyt_H"
"513",512,0.1512,0.02115,0.0414,0.78625,"Python_3","Pyt_H"
"514",513,0.1508,0.02125,0.04125,0.7867,"Python_3","Pyt_H"
"515",514,0.1513,0.02045,0.04165,0.7866,"Python_3","Pyt_H"
"516",515,0.15175,0.02,0.0405,0.78775,"Python_3","Pyt_H"
"517",516,0.1522,0.02025,0.04065,0.7869,"Python_3","Pyt_H"
"518",517,0.15275,0.02035,0.0407,0.7862,"Python_3","Pyt_H"
"519",518,0.153,0.0207,0.0402,0.7861,"Python_3","Pyt_H"
"520",519,0.1546,0.02025,0.0398,0.78535,"Python_3","Pyt_H"
"521",520,0.15525,0.02005,0.04045,0.78425,"Python_3","Pyt_H"
"522",521,0.1543,0.0213,0.0402,0.7842,"Python_3","Pyt_H"
"523",522,0.15345,0.0213,0.04015,0.7851,"Python_3","Pyt_H"
"524",523,0.1541,0.02225,0.04005,0.7836,"Python_3","Pyt_H"
"525",524,0.1551,0.0226,0.03875,0.78355,"Python_3","Pyt_H"
"526",525,0.1547,0.02295,0.03885,0.7835,"Python_3","Pyt_H"
"527",526,0.15415,0.02385,0.03925,0.78275,"Python_3","Pyt_H"
"528",527,0.1544,0.02445,0.03905,0.7821,"Python_3","Pyt_H"
"529",528,0.15545,0.02265,0.0407,0.7812,"Python_3","Pyt_H"
"530",529,0.15595,0.0228,0.04125,0.78,"Python_3","Pyt_H"
"531",530,0.15535,0.02355,0.0395,0.7816,"Python_3","Pyt_H"
"532",531,0.15555,0.0231,0.04075,0.7806,"Python_3","Pyt_H"
"533",532,0.15555,0.02325,0.0401,0.7811,"Python_3","Pyt_H"
"534",533,0.1555,0.02205,0.0397,0.78275,"Python_3","Pyt_H"
"535",534,0.15595,0.0225,0.04005,0.7815,"Python_3","Pyt_H"
"536",535,0.156,0.02185,0.03965,0.7825,"Python_3","Pyt_H"
"537",536,0.15565,0.02125,0.0395,0.7836,"Python_3","Pyt_H"
"538",537,0.1575,0.02075,0.03915,0.7826,"Python_3","Pyt_H"
"539",538,0.15985,0.0195,0.03945,0.7812,"Python_3","Pyt_H"
"540",539,0.1615,0.0187,0.03965,0.78015,"Python_3","Pyt_H"
"541",540,0.1624,0.0181,0.0389,0.7806,"Python_3","Pyt_H"
"542",541,0.1617,0.02045,0.03765,0.7802,"Python_3","Pyt_H"
"543",542,0.1615,0.02145,0.03685,0.7802,"Python_3","Pyt_H"
"544",543,0.16175,0.022,0.0355,0.78075,"Python_3","Pyt_H"
"545",544,0.1619,0.0212,0.0367,0.7802,"Python_3","Pyt_H"
"546",545,0.16225,0.0217,0.03785,0.7782,"Python_3","Pyt_H"
"547",546,0.1623,0.0219,0.0382,0.7776,"Python_3","Pyt_H"
"548",547,0.1633,0.02105,0.03835,0.7773,"Python_3","Pyt_H"
"549",548,0.16405,0.021,0.0388,0.77615,"Python_3","Pyt_H"
"550",549,0.1636,0.0227,0.03805,0.77565,"Python_3","Pyt_H"
"551",550,0.16405,0.02245,0.0388,0.7747,"Python_3","Pyt_H"
"552",551,0.1643,0.02275,0.0395,0.77345,"Python_3","Pyt_H"
"553",552,0.16475,0.0224,0.0397,0.77315,"Python_3","Pyt_H"
"554",553,0.16405,0.02235,0.03975,0.77385,"Python_3","Pyt_H"
"555",554,0.16275,0.02365,0.0396,0.774,"Python_3","Pyt_H"
"556",555,0.16415,0.0227,0.0392,0.77395,"Python_3","Pyt_H"
"557",556,0.1637,0.02255,0.0393,0.77445,"Python_3","Pyt_H"
"558",557,0.16285,0.023,0.03915,0.775,"Python_3","Pyt_H"
"559",558,0.16355,0.0233,0.0398,0.77335,"Python_3","Pyt_H"
"560",559,0.16205,0.0248,0.03925,0.7739,"Python_3","Pyt_H"
"561",560,0.1614,0.0253,0.03905,0.77425,"Python_3","Pyt_H"
"562",561,0.16205,0.0243,0.04025,0.7734,"Python_3","Pyt_H"
"563",562,0.16195,0.02415,0.0408,0.7731,"Python_3","Pyt_H"
"564",563,0.1629,0.024,0.0413,0.7718,"Python_3","Pyt_H"
"565",564,0.1623,0.02375,0.04195,0.772,"Python_3","Pyt_H"
"566",565,0.162,0.02365,0.04205,0.7723,"Python_3","Pyt_H"
"567",566,0.16345,0.02345,0.04275,0.77035,"Python_3","Pyt_H"
"568",567,0.16365,0.0231,0.0439,0.76935,"Python_3","Pyt_H"
"569",568,0.16335,0.0224,0.04425,0.77,"Python_3","Pyt_H"
"570",569,0.16265,0.02275,0.044,0.7706,"Python_3","Pyt_H"
"571",570,0.1625,0.02385,0.0418,0.77185,"Python_3","Pyt_H"
"572",571,0.16325,0.0236,0.0423,0.77085,"Python_3","Pyt_H"
"573",572,0.16225,0.0238,0.04265,0.7713,"Python_3","Pyt_H"
"574",573,0.16145,0.0239,0.0426,0.77205,"Python_3","Pyt_H"
"575",574,0.15995,0.02495,0.04265,0.77245,"Python_3","Pyt_H"
"576",575,0.15905,0.0248,0.0434,0.77275,"Python_3","Pyt_H"
"577",576,0.15925,0.02525,0.0435,0.772,"Python_3","Pyt_H"
"578",577,0.1588,0.02485,0.0439,0.77245,"Python_3","Pyt_H"
"579",578,0.1582,0.0256,0.04395,0.77225,"Python_3","Pyt_H"
"580",579,0.15655,0.0257,0.04495,0.7728,"Python_3","Pyt_H"
"581",580,0.15575,0.0267,0.04455,0.773,"Python_3","Pyt_H"
"582",581,0.15495,0.02625,0.0451,0.7737,"Python_3","Pyt_H"
"583",582,0.15315,0.02635,0.04655,0.77395,"Python_3","Pyt_H"
"584",583,0.1526,0.02555,0.0468,0.77505,"Python_3","Pyt_H"
"585",584,0.1523,0.02545,0.0459,0.77635,"Python_3","Pyt_H"
"586",585,0.15165,0.02535,0.04545,0.77755,"Python_3","Pyt_H"
"587",586,0.15285,0.02375,0.04625,0.77715,"Python_3","Pyt_H"
"588",587,0.15305,0.0248,0.0454,0.77675,"Python_3","Pyt_H"
"589",588,0.15235,0.0242,0.0457,0.77775,"Python_3","Pyt_H"
"590",589,0.152,0.0238,0.0464,0.7778,"Python_3","Pyt_H"
"591",590,0.15215,0.02325,0.046,0.7786,"Python_3","Pyt_H"
"592",591,0.1513,0.0237,0.04615,0.77885,"Python_3","Pyt_H"
"593",592,0.15225,0.02315,0.0447,0.7799,"Python_3","Pyt_H"
"594",593,0.15295,0.0233,0.04505,0.7787,"Python_3","Pyt_H"
"595",594,0.1532,0.02305,0.0456,0.77815,"Python_3","Pyt_H"
"596",595,0.15315,0.0229,0.04605,0.7779,"Python_3","Pyt_H"
"597",596,0.1532,0.0235,0.04585,0.77745,"Python_3","Pyt_H"
"598",597,0.15375,0.0232,0.04505,0.778,"Python_3","Pyt_H"
"599",598,0.15505,0.02165,0.0448,0.7785,"Python_3","Pyt_H"
"600",599,0.15465,0.02185,0.04425,0.77925,"Python_3","Pyt_H"
"601",600,0.15385,0.02295,0.0424,0.7808,"Python_3","Pyt_H"
"602",601,0.15495,0.0229,0.0422,0.77995,"Python_3","Pyt_H"
"603",602,0.1538,0.0233,0.04265,0.78025,"Python_3","Pyt_H"
"604",603,0.1535,0.02355,0.04335,0.7796,"Python_3","Pyt_H"
"605",604,0.1535,0.02445,0.0424,0.77965,"Python_3","Pyt_H"
"606",605,0.1546,0.02425,0.04235,0.7788,"Python_3","Pyt_H"
"607",606,0.15525,0.02285,0.04375,0.77815,"Python_3","Pyt_H"
"608",607,0.15585,0.02145,0.0449,0.7778,"Python_3","Pyt_H"
"609",608,0.1555,0.02185,0.0441,0.77855,"Python_3","Pyt_H"
"610",609,0.1558,0.02195,0.04285,0.7794,"Python_3","Pyt_H"
"611",610,0.15565,0.02335,0.0417,0.7793,"Python_3","Pyt_H"
"612",611,0.1563,0.0224,0.04265,0.77865,"Python_3","Pyt_H"
"613",612,0.15705,0.0215,0.04305,0.7784,"Python_3","Pyt_H"
"614",613,0.15825,0.0214,0.04175,0.7786,"Python_3","Pyt_H"
"615",614,0.1578,0.0228,0.04095,0.77845,"Python_3","Pyt_H"
"616",615,0.1572,0.0236,0.04005,0.77915,"Python_3","Pyt_H"
"617",616,0.158,0.02315,0.04045,0.7784,"Python_3","Pyt_H"
"618",617,0.1586,0.02315,0.0401,0.77815,"Python_3","Pyt_H"
"619",618,0.15795,0.02235,0.0403,0.7794,"Python_3","Pyt_H"
"620",619,0.1576,0.02265,0.04075,0.779,"Python_3","Pyt_H"
"621",620,0.1591,0.0232,0.0398,0.7779,"Python_3","Pyt_H"
"622",621,0.1592,0.0222,0.04,0.7786,"Python_3","Pyt_H"
"623",622,0.1588,0.02195,0.04015,0.7791,"Python_3","Pyt_H"
"624",623,0.1594,0.0223,0.03855,0.77975,"Python_3","Pyt_H"
"625",624,0.15925,0.02175,0.03895,0.78005,"Python_3","Pyt_H"
"626",625,0.1597,0.0223,0.03975,0.77825,"Python_3","Pyt_H"
"627",626,0.16045,0.0225,0.0392,0.77785,"Python_3","Pyt_H"
"628",627,0.1617,0.02215,0.03965,0.7765,"Python_3","Pyt_H"
"629",628,0.16235,0.02245,0.03965,0.77555,"Python_3","Pyt_H"
"630",629,0.1625,0.02205,0.03995,0.7755,"Python_3","Pyt_H"
"631",630,0.1625,0.0212,0.0407,0.7756,"Python_3","Pyt_H"
"632",631,0.1629,0.02195,0.0405,0.77465,"Python_3","Pyt_H"
"633",632,0.1626,0.02235,0.0404,0.77465,"Python_3","Pyt_H"
"634",633,0.16265,0.02125,0.04115,0.77495,"Python_3","Pyt_H"
"635",634,0.1619,0.023,0.04135,0.77375,"Python_3","Pyt_H"
"636",635,0.1625,0.02325,0.04115,0.7731,"Python_3","Pyt_H"
"637",636,0.1627,0.02205,0.04235,0.7729,"Python_3","Pyt_H"
"638",637,0.16295,0.02145,0.04335,0.77225,"Python_3","Pyt_H"
"639",638,0.1639,0.02265,0.04165,0.7718,"Python_3","Pyt_H"
"640",639,0.16405,0.02285,0.04135,0.77175,"Python_3","Pyt_H"
"641",640,0.16285,0.0241,0.0406,0.77245,"Python_3","Pyt_H"
"642",641,0.1621,0.02455,0.0408,0.77255,"Python_3","Pyt_H"
"643",642,0.1613,0.02465,0.0413,0.77275,"Python_3","Pyt_H"
"644",643,0.1608,0.025,0.0413,0.7729,"Python_3","Pyt_H"
"645",644,0.1624,0.0243,0.0414,0.7719,"Python_3","Pyt_H"
"646",645,0.16255,0.0233,0.04185,0.7723,"Python_3","Pyt_H"
"647",646,0.16275,0.02395,0.04205,0.77125,"Python_3","Pyt_H"
"648",647,0.1614,0.0243,0.04315,0.77115,"Python_3","Pyt_H"
"649",648,0.16095,0.0246,0.0424,0.77205,"Python_3","Pyt_H"
"650",649,0.16025,0.0245,0.0424,0.77285,"Python_3","Pyt_H"
"651",650,0.1602,0.0248,0.04285,0.77215,"Python_3","Pyt_H"
"652",651,0.1595,0.02415,0.0437,0.77265,"Python_3","Pyt_H"
"653",652,0.1593,0.0244,0.04395,0.77235,"Python_3","Pyt_H"
"654",653,0.1581,0.02585,0.0429,0.77315,"Python_3","Pyt_H"
"655",654,0.15705,0.02635,0.04305,0.77355,"Python_3","Pyt_H"
"656",655,0.15595,0.0271,0.0425,0.77445,"Python_3","Pyt_H"
"657",656,0.15355,0.02705,0.0431,0.7763,"Python_3","Pyt_H"
"658",657,0.15305,0.02605,0.0435,0.7774,"Python_3","Pyt_H"
"659",658,0.15245,0.0247,0.0455,0.77735,"Python_3","Pyt_H"
"660",659,0.1522,0.0242,0.0468,0.7768,"Python_3","Pyt_H"
"661",660,0.15155,0.02395,0.0468,0.7777,"Python_3","Pyt_H"
"662",661,0.15075,0.0237,0.04645,0.7791,"Python_3","Pyt_H"
"663",662,0.1515,0.02415,0.045,0.77935,"Python_3","Pyt_H"
"664",663,0.1508,0.023,0.0452,0.781,"Python_3","Pyt_H"
"665",664,0.15125,0.0231,0.0458,0.77985,"Python_3","Pyt_H"
"666",665,0.15015,0.0229,0.0466,0.78035,"Python_3","Pyt_H"
"667",666,0.1499,0.0229,0.04575,0.78145,"Python_3","Pyt_H"
"668",667,0.14905,0.0233,0.04565,0.782,"Python_3","Pyt_H"
"669",668,0.14715,0.02485,0.04535,0.78265,"Python_3","Pyt_H"
"670",669,0.1468,0.0241,0.04515,0.78395,"Python_3","Pyt_H"
"671",670,0.1467,0.02405,0.0459,0.78335,"Python_3","Pyt_H"
