"","step","S","E","I","R","simu","Langage"
"1",0,0.999,0,0.001,0,"Python_0","Pyt_H"
"2",1,0.9983,7e-04,0.001,0,"Python_0","Pyt_H"
"3",2,0.9979,0.0011,0.00065,0.00035,"Python_0","Pyt_H"
"4",3,0.9973,0.00145,8e-04,0.00045,"Python_0","Pyt_H"
"5",4,0.99655,0.0021,8e-04,0.00055,"Python_0","Pyt_H"
"6",5,0.9959,0.0024,0.00105,0.00065,"Python_0","Pyt_H"
"7",6,0.99535,0.0026,0.0013,0.00075,"Python_0","Pyt_H"
"8",7,0.99375,0.0034,0.002,0.00085,"Python_0","Pyt_H"
"9",8,0.99155,0.00525,0.0022,0.001,"Python_0","Pyt_H"
"10",9,0.9901,0.00605,0.0024,0.00145,"Python_0","Pyt_H"
"11",10,0.9879,0.00645,0.00375,0.0019,"Python_0","Pyt_H"
"12",11,0.98465,0.0085,0.00465,0.0022,"Python_0","Pyt_H"
"13",12,0.98045,0.0112,0.0061,0.00225,"Python_0","Pyt_H"
"14",13,0.9749,0.0149,0.00735,0.00285,"Python_0","Pyt_H"
"15",14,0.9681,0.0192,0.00925,0.00345,"Python_0","Pyt_H"
"16",15,0.95985,0.0243,0.0116,0.00425,"Python_0","Pyt_H"
"17",16,0.94965,0.0304,0.0147,0.00525,"Python_0","Pyt_H"
"18",17,0.93805,0.03605,0.01875,0.00715,"Python_0","Pyt_H"
"19",18,0.9219,0.04515,0.02405,0.0089,"Python_0","Pyt_H"
"20",19,0.9016,0.05675,0.03015,0.0115,"Python_0","Pyt_H"
"21",20,0.8776,0.07045,0.0384,0.01355,"Python_0","Pyt_H"
"22",21,0.8475,0.0876,0.048,0.0169,"Python_0","Pyt_H"
"23",22,0.8144,0.1038,0.06045,0.02135,"Python_0","Pyt_H"
"24",23,0.7716,0.1283,0.07275,0.02735,"Python_0","Pyt_H"
"25",24,0.7267,0.1506,0.08765,0.03505,"Python_0","Pyt_H"
"26",25,0.67385,0.17345,0.10915,0.04355,"Python_0","Pyt_H"
"27",26,0.6112,0.2017,0.1324,0.0547,"Python_0","Pyt_H"
"28",27,0.54675,0.228,0.1571,0.06815,"Python_0","Pyt_H"
"29",28,0.4783,0.2521,0.1865,0.0831,"Python_0","Pyt_H"
"30",29,0.4109,0.26705,0.21975,0.1023,"Python_0","Pyt_H"
"31",30,0.3419,0.2798,0.2535,0.1248,"Python_0","Pyt_H"
"32",31,0.2764,0.2861,0.2877,0.1498,"Python_0","Pyt_H"
"33",32,0.2152,0.2856,0.32165,0.17755,"Python_0","Pyt_H"
"34",33,0.1657,0.2691,0.3547,0.2105,"Python_0","Pyt_H"
"35",34,0.1235,0.24885,0.37935,0.2483,"Python_0","Pyt_H"
"36",35,0.09195,0.22015,0.3962,0.2917,"Python_0","Pyt_H"
"37",36,0.0671,0.1902,0.4063,0.3364,"Python_0","Pyt_H"
"38",37,0.0489,0.1595,0.40875,0.38285,"Python_0","Pyt_H"
"39",38,0.03645,0.13215,0.40235,0.42905,"Python_0","Pyt_H"
"40",39,0.02775,0.1087,0.38765,0.4759,"Python_0","Pyt_H"
"41",40,0.02255,0.08545,0.37045,0.52155,"Python_0","Pyt_H"
"42",41,0.0186,0.06815,0.34675,0.5665,"Python_0","Pyt_H"
"43",42,0.0159,0.0547,0.31895,0.61045,"Python_0","Pyt_H"
"44",43,0.01505,0.04255,0.29235,0.65005,"Python_0","Pyt_H"
"45",44,0.01355,0.03435,0.2686,0.6835,"Python_0","Pyt_H"
"46",45,0.01295,0.0279,0.24325,0.7159,"Python_0","Pyt_H"
"47",46,0.0124,0.02265,0.21905,0.7459,"Python_0","Pyt_H"
"48",47,0.01375,0.01815,0.19795,0.77015,"Python_0","Pyt_H"
"49",48,0.01455,0.014,0.17865,0.7928,"Python_0","Pyt_H"
"50",49,0.0156,0.0127,0.1584,0.8133,"Python_0","Pyt_H"
"51",50,0.0164,0.011,0.1411,0.8315,"Python_0","Pyt_H"
"52",51,0.0175,0.0098,0.1249,0.8478,"Python_0","Pyt_H"
"53",52,0.01915,0.0081,0.11105,0.8617,"Python_0","Pyt_H"
"54",53,0.0207,0.00735,0.0997,0.87225,"Python_0","Pyt_H"
"55",54,0.02185,0.0074,0.0876,0.88315,"Python_0","Pyt_H"
"56",55,0.02365,0.00665,0.0774,0.8923,"Python_0","Pyt_H"
"57",56,0.02575,0.006,0.06825,0.9,"Python_0","Pyt_H"
"58",57,0.0281,0.00505,0.0614,0.90545,"Python_0","Pyt_H"
"59",58,0.02965,0.0044,0.05495,0.911,"Python_0","Pyt_H"
"60",59,0.0315,0.00485,0.04845,0.9152,"Python_0","Pyt_H"
"61",60,0.03345,0.005,0.04275,0.9188,"Python_0","Pyt_H"
"62",61,0.036,0.0046,0.03815,0.92125,"Python_0","Pyt_H"
"63",62,0.03855,0.0051,0.03355,0.9228,"Python_0","Pyt_H"
"64",63,0.04145,0.00495,0.02955,0.92405,"Python_0","Pyt_H"
"65",64,0.0436,0.0047,0.02615,0.92555,"Python_0","Pyt_H"
"66",65,0.0465,0.0043,0.0239,0.9253,"Python_0","Pyt_H"
"67",66,0.04835,0.00405,0.02195,0.92565,"Python_0","Pyt_H"
"68",67,0.05095,0.0035,0.02035,0.9252,"Python_0","Pyt_H"
"69",68,0.0537,0.00395,0.01795,0.9244,"Python_0","Pyt_H"
"70",69,0.05575,0.00395,0.0162,0.9241,"Python_0","Pyt_H"
"71",70,0.05845,0.00385,0.01515,0.92255,"Python_0","Pyt_H"
"72",71,0.06085,0.0036,0.0132,0.92235,"Python_0","Pyt_H"
"73",72,0.0629,0.0038,0.0123,0.921,"Python_0","Pyt_H"
"74",73,0.06535,0.0037,0.01185,0.9191,"Python_0","Pyt_H"
"75",74,0.068,0.0033,0.0107,0.918,"Python_0","Pyt_H"
"76",75,0.0704,0.0031,0.0102,0.9163,"Python_0","Pyt_H"
"77",76,0.07285,0.0031,0.00925,0.9148,"Python_0","Pyt_H"
"78",77,0.07595,0.00275,0.0087,0.9126,"Python_0","Pyt_H"
"79",78,0.0786,0.0026,0.0083,0.9105,"Python_0","Pyt_H"
"80",79,0.08175,0.00225,0.00815,0.90785,"Python_0","Pyt_H"
"81",80,0.08435,0.0026,0.0073,0.90575,"Python_0","Pyt_H"
"82",81,0.08745,0.0025,0.00665,0.9034,"Python_0","Pyt_H"
"83",82,0.0903,0.00215,0.00635,0.9012,"Python_0","Pyt_H"
"84",83,0.0927,0.00205,0.0058,0.89945,"Python_0","Pyt_H"
"85",84,0.0949,0.0017,0.0052,0.8982,"Python_0","Pyt_H"
"86",85,0.09675,0.00175,0.0047,0.8968,"Python_0","Pyt_H"
"87",86,0.0996,0.0014,0.00455,0.89445,"Python_0","Pyt_H"
"88",87,0.10255,0.0013,0.0044,0.89175,"Python_0","Pyt_H"
"89",88,0.1059,0.00125,0.0041,0.88875,"Python_0","Pyt_H"
"90",89,0.1085,0.0014,0.00385,0.88625,"Python_0","Pyt_H"
"91",90,0.1115,0.0012,0.00345,0.88385,"Python_0","Pyt_H"
"92",91,0.1142,0.00125,0.00335,0.8812,"Python_0","Pyt_H"
"93",92,0.117,0.00115,0.00335,0.8785,"Python_0","Pyt_H"
"94",93,0.1196,0.00095,0.0032,0.87625,"Python_0","Pyt_H"
"95",94,0.1215,9e-04,0.0029,0.8747,"Python_0","Pyt_H"
"96",95,0.1246,0.0011,0.00275,0.87155,"Python_0","Pyt_H"
"97",96,0.12635,0.00155,0.00255,0.86955,"Python_0","Pyt_H"
"98",97,0.12925,0.0016,0.0024,0.86675,"Python_0","Pyt_H"
"99",98,0.13225,0.0013,0.0024,0.86405,"Python_0","Pyt_H"
"100",99,0.13495,0.0013,0.00235,0.8614,"Python_0","Pyt_H"
"101",100,0.13715,0.00145,0.0021,0.8593,"Python_0","Pyt_H"
"102",101,0.1396,0.0012,0.0022,0.857,"Python_0","Pyt_H"
"103",102,0.1419,0.0011,0.0023,0.8547,"Python_0","Pyt_H"
"104",103,0.14475,0.0012,0.00225,0.8518,"Python_0","Pyt_H"
"105",104,0.1475,0.00115,0.00215,0.8492,"Python_0","Pyt_H"
"106",105,0.14965,0.00135,0.002,0.847,"Python_0","Pyt_H"
"107",106,0.1524,0.0013,0.002,0.8443,"Python_0","Pyt_H"
"108",107,0.1548,0.00105,0.0019,0.84225,"Python_0","Pyt_H"
"109",108,0.15745,0.0012,0.00165,0.8397,"Python_0","Pyt_H"
"110",109,0.15985,0.00125,0.00155,0.83735,"Python_0","Pyt_H"
"111",110,0.16225,0.00125,0.00145,0.83505,"Python_0","Pyt_H"
"112",111,0.16475,0.0013,0.0016,0.83235,"Python_0","Pyt_H"
"113",112,0.1669,0.00125,0.0017,0.83015,"Python_0","Pyt_H"
"114",113,0.1692,0.0011,0.00185,0.82785,"Python_0","Pyt_H"
"115",114,0.1717,0.001,0.002,0.8253,"Python_0","Pyt_H"
"116",115,0.17455,0.00075,0.00215,0.82255,"Python_0","Pyt_H"
"117",116,0.1758,0.00105,0.00205,0.8211,"Python_0","Pyt_H"
"118",117,0.17765,0.0013,0.00215,0.8189,"Python_0","Pyt_H"
"119",118,0.1796,0.00155,0.00205,0.8168,"Python_0","Pyt_H"
"120",119,0.18155,0.00155,0.00215,0.81475,"Python_0","Pyt_H"
"121",120,0.1835,0.0015,0.0022,0.8128,"Python_0","Pyt_H"
"122",121,0.18565,0.0015,0.00215,0.8107,"Python_0","Pyt_H"
"123",122,0.1881,0.0014,0.00245,0.80805,"Python_0","Pyt_H"
"124",123,0.18985,0.00145,0.00235,0.80635,"Python_0","Pyt_H"
"125",124,0.19235,0.0013,0.00255,0.8038,"Python_0","Pyt_H"
"126",125,0.1943,0.0016,0.0022,0.8019,"Python_0","Pyt_H"
"127",126,0.1961,0.00145,0.0023,0.80015,"Python_0","Pyt_H"
"128",127,0.1976,0.00165,0.0024,0.79835,"Python_0","Pyt_H"
"129",128,0.19965,0.00175,0.00235,0.79625,"Python_0","Pyt_H"
"130",129,0.20225,0.00165,0.00245,0.79365,"Python_0","Pyt_H"
"131",130,0.20425,0.0018,0.00255,0.7914,"Python_0","Pyt_H"
"132",131,0.20645,0.002,0.00235,0.7892,"Python_0","Pyt_H"
"133",132,0.2092,0.0018,0.00255,0.78645,"Python_0","Pyt_H"
"134",133,0.21165,0.0018,0.0028,0.78375,"Python_0","Pyt_H"
"135",134,0.2135,0.0014,0.00325,0.78185,"Python_0","Pyt_H"
"136",135,0.2149,0.00155,0.00325,0.7803,"Python_0","Pyt_H"
"137",136,0.2164,0.00175,0.00335,0.7785,"Python_0","Pyt_H"
"138",137,0.2184,0.0021,0.00295,0.77655,"Python_0","Pyt_H"
"139",138,0.22015,0.0021,0.003,0.77475,"Python_0","Pyt_H"
"140",139,0.2222,0.00195,0.0031,0.77275,"Python_0","Pyt_H"
"141",140,0.22405,0.00205,0.0032,0.7707,"Python_0","Pyt_H"
"142",141,0.22625,0.0024,0.0031,0.76825,"Python_0","Pyt_H"
"143",142,0.22785,0.00275,0.00305,0.76635,"Python_0","Pyt_H"
"144",143,0.23025,0.0023,0.0033,0.76415,"Python_0","Pyt_H"
"145",144,0.2318,0.0024,0.00375,0.76205,"Python_0","Pyt_H"
"146",145,0.2334,0.00225,0.00415,0.7602,"Python_0","Pyt_H"
"147",146,0.23465,0.00245,0.00395,0.75895,"Python_0","Pyt_H"
"148",147,0.23655,0.0026,0.0043,0.75655,"Python_0","Pyt_H"
"149",148,0.23845,0.00305,0.00425,0.75425,"Python_0","Pyt_H"
"150",149,0.23985,0.00305,0.0043,0.7528,"Python_0","Pyt_H"
"151",150,0.24145,0.0033,0.0045,0.75075,"Python_0","Pyt_H"
"152",151,0.2433,0.00335,0.00475,0.7486,"Python_0","Pyt_H"
"153",152,0.24445,0.00325,0.0051,0.7472,"Python_0","Pyt_H"
"154",153,0.2452,0.00355,0.00525,0.746,"Python_0","Pyt_H"
"155",154,0.2473,0.0034,0.0054,0.7439,"Python_0","Pyt_H"
"156",155,0.24825,0.004,0.00565,0.7421,"Python_0","Pyt_H"
"157",156,0.2496,0.0041,0.00565,0.74065,"Python_0","Pyt_H"
"158",157,0.25065,0.0041,0.0056,0.73965,"Python_0","Pyt_H"
"159",158,0.25225,0.0039,0.00625,0.7376,"Python_0","Pyt_H"
"160",159,0.25365,0.0043,0.0064,0.73565,"Python_0","Pyt_H"
"161",160,0.255,0.00435,0.0064,0.73425,"Python_0","Pyt_H"
"162",161,0.2563,0.0046,0.00625,0.73285,"Python_0","Pyt_H"
"163",162,0.25705,0.00495,0.0064,0.7316,"Python_0","Pyt_H"
"164",163,0.25795,0.0049,0.0066,0.73055,"Python_0","Pyt_H"
"165",164,0.2582,0.00545,0.0065,0.72985,"Python_0","Pyt_H"
"166",165,0.25925,0.00575,0.0072,0.7278,"Python_0","Pyt_H"
"167",166,0.2599,0.006,0.00745,0.72665,"Python_0","Pyt_H"
"168",167,0.26085,0.0058,0.0085,0.72485,"Python_0","Pyt_H"
"169",168,0.26065,0.00625,0.00895,0.72415,"Python_0","Pyt_H"
"170",169,0.26175,0.0064,0.00915,0.7227,"Python_0","Pyt_H"
"171",170,0.2624,0.0068,0.01,0.7208,"Python_0","Pyt_H"
"172",171,0.26265,0.00715,0.0106,0.7196,"Python_0","Pyt_H"
"173",172,0.2633,0.0076,0.0105,0.7186,"Python_0","Pyt_H"
"174",173,0.26285,0.00835,0.0111,0.7177,"Python_0","Pyt_H"
"175",174,0.2631,0.0088,0.01085,0.71725,"Python_0","Pyt_H"
"176",175,0.262,0.0098,0.01215,0.71605,"Python_0","Pyt_H"
"177",176,0.26215,0.0104,0.01275,0.7147,"Python_0","Pyt_H"
"178",177,0.2618,0.01085,0.0138,0.71355,"Python_0","Pyt_H"
"179",178,0.26225,0.0103,0.0149,0.71255,"Python_0","Pyt_H"
"180",179,0.2611,0.01115,0.0153,0.71245,"Python_0","Pyt_H"
"181",180,0.26025,0.01245,0.01585,0.71145,"Python_0","Pyt_H"
"182",181,0.25975,0.0124,0.01655,0.7113,"Python_0","Pyt_H"
"183",182,0.2593,0.01295,0.0167,0.71105,"Python_0","Pyt_H"
"184",183,0.2576,0.01405,0.0174,0.71095,"Python_0","Pyt_H"
"185",184,0.2563,0.01535,0.0178,0.71055,"Python_0","Pyt_H"
"186",185,0.2549,0.01575,0.01875,0.7106,"Python_0","Pyt_H"
"187",186,0.25295,0.0164,0.0206,0.71005,"Python_0","Pyt_H"
"188",187,0.2508,0.01665,0.02195,0.7106,"Python_0","Pyt_H"
"189",188,0.249,0.01735,0.0231,0.71055,"Python_0","Pyt_H"
"190",189,0.2466,0.01775,0.02475,0.7109,"Python_0","Pyt_H"
"191",190,0.24505,0.01845,0.02645,0.71005,"Python_0","Pyt_H"
"192",191,0.243,0.0195,0.0273,0.7102,"Python_0","Pyt_H"
"193",192,0.23975,0.02165,0.02875,0.70985,"Python_0","Pyt_H"
"194",193,0.23745,0.02245,0.02965,0.71045,"Python_0","Pyt_H"
"195",194,0.2327,0.02445,0.03035,0.7125,"Python_0","Pyt_H"
"196",195,0.22905,0.0246,0.03245,0.7139,"Python_0","Pyt_H"
"197",196,0.22465,0.02635,0.03435,0.71465,"Python_0","Pyt_H"
"198",197,0.22155,0.02705,0.0367,0.7147,"Python_0","Pyt_H"
"199",198,0.21755,0.0269,0.0389,0.71665,"Python_0","Pyt_H"
"200",199,0.2136,0.0273,0.0403,0.7188,"Python_0","Pyt_H"
"201",200,0.20845,0.02855,0.0415,0.7215,"Python_0","Pyt_H"
"202",201,0.20405,0.02835,0.04335,0.72425,"Python_0","Pyt_H"
"203",202,0.19955,0.02885,0.045,0.7266,"Python_0","Pyt_H"
"204",203,0.1953,0.0294,0.04675,0.72855,"Python_0","Pyt_H"
"205",204,0.19105,0.0293,0.0485,0.73115,"Python_0","Pyt_H"
"206",205,0.18725,0.02975,0.04915,0.73385,"Python_0","Pyt_H"
"207",206,0.1837,0.03075,0.048,0.73755,"Python_0","Pyt_H"
"208",207,0.18035,0.0303,0.04915,0.7402,"Python_0","Pyt_H"
"209",208,0.1768,0.0293,0.0508,0.7431,"Python_0","Pyt_H"
"210",209,0.17275,0.02895,0.05215,0.74615,"Python_0","Pyt_H"
"211",210,0.1691,0.0299,0.0515,0.7495,"Python_0","Pyt_H"
"212",211,0.1642,0.03085,0.05175,0.7532,"Python_0","Pyt_H"
"213",212,0.1612,0.0297,0.05315,0.75595,"Python_0","Pyt_H"
"214",213,0.15715,0.03015,0.05275,0.75995,"Python_0","Pyt_H"
"215",214,0.1544,0.0291,0.05355,0.76295,"Python_0","Pyt_H"
"216",215,0.1505,0.0292,0.054,0.7663,"Python_0","Pyt_H"
"217",216,0.14765,0.02725,0.05615,0.76895,"Python_0","Pyt_H"
"218",217,0.14415,0.02855,0.0534,0.7739,"Python_0","Pyt_H"
"219",218,0.14175,0.02935,0.05285,0.77605,"Python_0","Pyt_H"
"220",219,0.139,0.0278,0.0535,0.7797,"Python_0","Pyt_H"
"221",220,0.1364,0.02785,0.05295,0.7828,"Python_0","Pyt_H"
"222",221,0.135,0.0277,0.0518,0.7855,"Python_0","Pyt_H"
"223",222,0.1335,0.0256,0.0523,0.7886,"Python_0","Pyt_H"
"224",223,0.13155,0.0254,0.0526,0.79045,"Python_0","Pyt_H"
"225",224,0.1302,0.0253,0.05225,0.79225,"Python_0","Pyt_H"
"226",225,0.1292,0.0243,0.0521,0.7944,"Python_0","Pyt_H"
"227",226,0.12735,0.0248,0.0506,0.79725,"Python_0","Pyt_H"
"228",227,0.1265,0.02425,0.0507,0.79855,"Python_0","Pyt_H"
"229",228,0.1249,0.02445,0.0489,0.80175,"Python_0","Pyt_H"
"230",229,0.124,0.02275,0.0475,0.80575,"Python_0","Pyt_H"
"231",230,0.1237,0.02235,0.047,0.80695,"Python_0","Pyt_H"
"232",231,0.1244,0.0209,0.04625,0.80845,"Python_0","Pyt_H"
"233",232,0.12505,0.01965,0.04525,0.81005,"Python_0","Pyt_H"
"234",233,0.1253,0.0186,0.04535,0.81075,"Python_0","Pyt_H"
"235",234,0.12425,0.01945,0.0436,0.8127,"Python_0","Pyt_H"
"236",235,0.12405,0.0187,0.0419,0.81535,"Python_0","Pyt_H"
"237",236,0.1237,0.0182,0.04,0.8181,"Python_0","Pyt_H"
"238",237,0.12245,0.01825,0.0401,0.8192,"Python_0","Pyt_H"
"239",238,0.12145,0.0191,0.03865,0.8208,"Python_0","Pyt_H"
"240",239,0.12135,0.0186,0.03845,0.8216,"Python_0","Pyt_H"
"241",240,0.12285,0.018,0.0375,0.82165,"Python_0","Pyt_H"
"242",241,0.1229,0.0175,0.03725,0.82235,"Python_0","Pyt_H"
"243",242,0.1232,0.01705,0.0369,0.82285,"Python_0","Pyt_H"
"244",243,0.12395,0.01685,0.03655,0.82265,"Python_0","Pyt_H"
"245",244,0.1248,0.01615,0.03575,0.8233,"Python_0","Pyt_H"
"246",245,0.1252,0.01595,0.0351,0.82375,"Python_0","Pyt_H"
"247",246,0.12505,0.01685,0.03425,0.82385,"Python_0","Pyt_H"
"248",247,0.1262,0.01615,0.03405,0.8236,"Python_0","Pyt_H"
"249",248,0.1273,0.0163,0.03335,0.82305,"Python_0","Pyt_H"
"250",249,0.12745,0.0164,0.0328,0.82335,"Python_0","Pyt_H"
"251",250,0.1283,0.0157,0.03265,0.82335,"Python_0","Pyt_H"
"252",251,0.12915,0.01525,0.03255,0.82305,"Python_0","Pyt_H"
"253",252,0.1292,0.01575,0.032,0.82305,"Python_0","Pyt_H"
"254",253,0.13005,0.0159,0.0309,0.82315,"Python_0","Pyt_H"
"255",254,0.1319,0.0145,0.03085,0.82275,"Python_0","Pyt_H"
"256",255,0.1328,0.0141,0.03025,0.82285,"Python_0","Pyt_H"
"257",256,0.13435,0.01405,0.0295,0.8221,"Python_0","Pyt_H"
"258",257,0.136,0.01415,0.0284,0.82145,"Python_0","Pyt_H"
"259",258,0.13765,0.0144,0.0277,0.82025,"Python_0","Pyt_H"
"260",259,0.1386,0.01465,0.02675,0.82,"Python_0","Pyt_H"
"261",260,0.1406,0.0139,0.0269,0.8186,"Python_0","Pyt_H"
"262",261,0.14225,0.01395,0.02785,0.81595,"Python_0","Pyt_H"
"263",262,0.14285,0.01375,0.029,0.8144,"Python_0","Pyt_H"
"264",263,0.14555,0.01305,0.02875,0.81265,"Python_0","Pyt_H"
"265",264,0.14605,0.0137,0.0279,0.81235,"Python_0","Pyt_H"
"266",265,0.14775,0.01295,0.02765,0.81165,"Python_0","Pyt_H"
"267",266,0.14945,0.01315,0.02725,0.81015,"Python_0","Pyt_H"
"268",267,0.1513,0.01325,0.0254,0.81005,"Python_0","Pyt_H"
"269",268,0.1532,0.0137,0.0252,0.8079,"Python_0","Pyt_H"
"270",269,0.1546,0.0131,0.02615,0.80615,"Python_0","Pyt_H"
"271",270,0.15545,0.0129,0.0261,0.80555,"Python_0","Pyt_H"
"272",271,0.1581,0.0122,0.0258,0.8039,"Python_0","Pyt_H"
"273",272,0.16045,0.01275,0.02505,0.80175,"Python_0","Pyt_H"
"274",273,0.16065,0.01415,0.02405,0.80115,"Python_0","Pyt_H"
"275",274,0.16195,0.01375,0.0242,0.8001,"Python_0","Pyt_H"
"276",275,0.16395,0.0135,0.02425,0.7983,"Python_0","Pyt_H"
"277",276,0.16445,0.01315,0.0254,0.797,"Python_0","Pyt_H"
"278",277,0.1652,0.01405,0.0252,0.79555,"Python_0","Pyt_H"
"279",278,0.1666,0.0137,0.0252,0.7945,"Python_0","Pyt_H"
"280",279,0.168,0.0135,0.0253,0.7932,"Python_0","Pyt_H"
"281",280,0.16905,0.0134,0.02595,0.7916,"Python_0","Pyt_H"
"282",281,0.17225,0.0121,0.02645,0.7892,"Python_0","Pyt_H"
"283",282,0.17355,0.0127,0.02625,0.7875,"Python_0","Pyt_H"
"284",283,0.17515,0.01345,0.0257,0.7857,"Python_0","Pyt_H"
"285",284,0.1759,0.01345,0.0256,0.78505,"Python_0","Pyt_H"
"286",285,0.17735,0.01435,0.02515,0.78315,"Python_0","Pyt_H"
"287",286,0.17825,0.01505,0.02505,0.78165,"Python_0","Pyt_H"
"288",287,0.1804,0.0148,0.0256,0.7792,"Python_0","Pyt_H"
"289",288,0.1825,0.01515,0.02575,0.7766,"Python_0","Pyt_H"
"290",289,0.1829,0.0162,0.02575,0.77515,"Python_0","Pyt_H"
"291",290,0.18235,0.01695,0.0266,0.7741,"Python_0","Pyt_H"
"292",291,0.18375,0.0172,0.027,0.77205,"Python_0","Pyt_H"
"293",292,0.18505,0.01715,0.0273,0.7705,"Python_0","Pyt_H"
"294",293,0.18515,0.01775,0.0274,0.7697,"Python_0","Pyt_H"
"295",294,0.1846,0.01905,0.02785,0.7685,"Python_0","Pyt_H"
"296",295,0.18535,0.0195,0.0282,0.76695,"Python_0","Pyt_H"
"297",296,0.18545,0.0195,0.0293,0.76575,"Python_0","Pyt_H"
"298",297,0.1861,0.0187,0.0312,0.764,"Python_0","Pyt_H"
"299",298,0.1858,0.01925,0.0313,0.76365,"Python_0","Pyt_H"
"300",299,0.1859,0.01885,0.0326,0.76265,"Python_0","Pyt_H"
"301",300,0.18585,0.0194,0.03325,0.7615,"Python_0","Pyt_H"
"302",301,0.18565,0.02065,0.0333,0.7604,"Python_0","Pyt_H"
"303",302,0.18465,0.02125,0.033,0.7611,"Python_0","Pyt_H"
"304",303,0.1839,0.0221,0.03415,0.75985,"Python_0","Pyt_H"
"305",304,0.1841,0.02215,0.03445,0.7593,"Python_0","Pyt_H"
"306",305,0.1828,0.02135,0.037,0.75885,"Python_0","Pyt_H"
"307",306,0.18195,0.02185,0.0375,0.7587,"Python_0","Pyt_H"
"308",307,0.1808,0.02205,0.038,0.75915,"Python_0","Pyt_H"
"309",308,0.1792,0.02255,0.03805,0.7602,"Python_0","Pyt_H"
"310",309,0.17835,0.02275,0.0382,0.7607,"Python_0","Pyt_H"
"311",310,0.17635,0.0238,0.0388,0.76105,"Python_0","Pyt_H"
"312",311,0.17455,0.02475,0.03915,0.76155,"Python_0","Pyt_H"
"313",312,0.1739,0.02555,0.03955,0.761,"Python_0","Pyt_H"
"314",313,0.17295,0.0244,0.0409,0.76175,"Python_0","Pyt_H"
"315",314,0.1726,0.0243,0.0417,0.7614,"Python_0","Pyt_H"
"316",315,0.17145,0.0253,0.0425,0.76075,"Python_0","Pyt_H"
"317",316,0.1713,0.0253,0.043,0.7604,"Python_0","Pyt_H"
"318",317,0.17035,0.02495,0.04405,0.76065,"Python_0","Pyt_H"
"319",318,0.1691,0.0246,0.04425,0.76205,"Python_0","Pyt_H"
"320",319,0.1685,0.02435,0.0441,0.76305,"Python_0","Pyt_H"
"321",320,0.16705,0.0248,0.0445,0.76365,"Python_0","Pyt_H"
"322",321,0.16515,0.0266,0.0439,0.76435,"Python_0","Pyt_H"
"323",322,0.16445,0.0273,0.044,0.76425,"Python_0","Pyt_H"
"324",323,0.165,0.0262,0.04435,0.76445,"Python_0","Pyt_H"
"325",324,0.1649,0.02605,0.0446,0.76445,"Python_0","Pyt_H"
"326",325,0.16525,0.0254,0.04545,0.7639,"Python_0","Pyt_H"
"327",326,0.1641,0.02445,0.0467,0.76475,"Python_0","Pyt_H"
"328",327,0.1639,0.02435,0.04685,0.7649,"Python_0","Pyt_H"
"329",328,0.1631,0.02395,0.0471,0.76585,"Python_0","Pyt_H"
"330",329,0.16225,0.02525,0.04665,0.76585,"Python_0","Pyt_H"
"331",330,0.16045,0.02565,0.0458,0.7681,"Python_0","Pyt_H"
"332",331,0.15925,0.0258,0.04625,0.7687,"Python_0","Pyt_H"
"333",332,0.15735,0.0272,0.0463,0.76915,"Python_0","Pyt_H"
"334",333,0.1561,0.0269,0.04675,0.77025,"Python_0","Pyt_H"
"335",334,0.1551,0.0265,0.04725,0.77115,"Python_0","Pyt_H"
"336",335,0.1532,0.02685,0.04745,0.7725,"Python_0","Pyt_H"
"337",336,0.15275,0.0258,0.0477,0.77375,"Python_0","Pyt_H"
"338",337,0.1517,0.0246,0.04815,0.77555,"Python_0","Pyt_H"
"339",338,0.14995,0.02555,0.0484,0.7761,"Python_0","Pyt_H"
"340",339,0.1491,0.02575,0.04785,0.7773,"Python_0","Pyt_H"
"341",340,0.1484,0.02525,0.04785,0.7785,"Python_0","Pyt_H"
"342",341,0.14855,0.0248,0.04805,0.7786,"Python_0","Pyt_H"
"343",342,0.14655,0.02585,0.04745,0.78015,"Python_0","Pyt_H"
"344",343,0.14625,0.02565,0.0472,0.7809,"Python_0","Pyt_H"
"345",344,0.1444,0.026,0.0486,0.781,"Python_0","Pyt_H"
"346",345,0.14325,0.0266,0.04785,0.7823,"Python_0","Pyt_H"
"347",346,0.14155,0.02665,0.0485,0.7833,"Python_0","Pyt_H"
"348",347,0.1408,0.02535,0.0489,0.78495,"Python_0","Pyt_H"
"349",348,0.14155,0.0241,0.04825,0.7861,"Python_0","Pyt_H"
"350",349,0.1406,0.02525,0.04695,0.7872,"Python_0","Pyt_H"
"351",350,0.1412,0.0249,0.04695,0.78695,"Python_0","Pyt_H"
"352",351,0.1414,0.024,0.0472,0.7874,"Python_0","Pyt_H"
"353",352,0.14135,0.0236,0.0476,0.78745,"Python_0","Pyt_H"
"354",353,0.1423,0.0239,0.0477,0.7861,"Python_0","Pyt_H"
"355",354,0.1413,0.0244,0.0469,0.7874,"Python_0","Pyt_H"
"356",355,0.1408,0.02435,0.04615,0.7887,"Python_0","Pyt_H"
"357",356,0.1412,0.02365,0.04635,0.7888,"Python_0","Pyt_H"
"358",357,0.1419,0.0237,0.04625,0.78815,"Python_0","Pyt_H"
"359",358,0.1421,0.02295,0.0461,0.78885,"Python_0","Pyt_H"
"360",359,0.14105,0.02305,0.04475,0.79115,"Python_0","Pyt_H"
"361",360,0.14015,0.0225,0.0448,0.79255,"Python_0","Pyt_H"
"362",361,0.142,0.022,0.0443,0.7917,"Python_0","Pyt_H"
"363",362,0.1434,0.02125,0.04445,0.7909,"Python_0","Pyt_H"
"364",363,0.14365,0.0209,0.0444,0.79105,"Python_0","Pyt_H"
"365",364,0.14465,0.0213,0.04375,0.7903,"Python_0","Pyt_H"
"366",365,0.1443,0.02115,0.04375,0.7908,"Python_0","Pyt_H"
"367",366,0.14495,0.0212,0.0427,0.79115,"Python_0","Pyt_H"
"368",367,0.14545,0.02055,0.04345,0.79055,"Python_0","Pyt_H"
"369",368,0.14625,0.0197,0.04405,0.79,"Python_0","Pyt_H"
"370",369,0.1469,0.0203,0.04365,0.78915,"Python_0","Pyt_H"
"371",370,0.1485,0.021,0.0429,0.7876,"Python_0","Pyt_H"
"372",371,0.14865,0.02095,0.04335,0.78705,"Python_0","Pyt_H"
"373",372,0.15015,0.0204,0.04335,0.7861,"Python_0","Pyt_H"
"374",373,0.1507,0.0206,0.04185,0.78685,"Python_0","Pyt_H"
"375",374,0.15065,0.0212,0.04095,0.7872,"Python_0","Pyt_H"
"376",375,0.1512,0.02065,0.0412,0.78695,"Python_0","Pyt_H"
"377",376,0.15135,0.0206,0.04095,0.7871,"Python_0","Pyt_H"
"378",377,0.15105,0.02165,0.03975,0.78755,"Python_0","Pyt_H"
"379",378,0.15095,0.02185,0.03915,0.78805,"Python_0","Pyt_H"
"380",379,0.15095,0.0214,0.0391,0.78855,"Python_0","Pyt_H"
"381",380,0.1513,0.02075,0.04,0.78795,"Python_0","Pyt_H"
"382",381,0.15125,0.02025,0.0402,0.7883,"Python_0","Pyt_H"
"383",382,0.1515,0.01975,0.03985,0.7889,"Python_0","Pyt_H"
"384",383,0.1519,0.02025,0.0396,0.78825,"Python_0","Pyt_H"
"385",384,0.15145,0.0212,0.03985,0.7875,"Python_0","Pyt_H"
"386",385,0.1518,0.02165,0.03945,0.7871,"Python_0","Pyt_H"
"387",386,0.1526,0.02185,0.03845,0.7871,"Python_0","Pyt_H"
"388",387,0.152,0.02145,0.03975,0.7868,"Python_0","Pyt_H"
"389",388,0.15455,0.01995,0.0391,0.7864,"Python_0","Pyt_H"
"390",389,0.15635,0.0192,0.0388,0.78565,"Python_0","Pyt_H"
"391",390,0.1573,0.01915,0.03865,0.7849,"Python_0","Pyt_H"
"392",391,0.1572,0.0205,0.03845,0.78385,"Python_0","Pyt_H"
"393",392,0.1581,0.0208,0.03825,0.78285,"Python_0","Pyt_H"
"394",393,0.15835,0.02215,0.03775,0.78175,"Python_0","Pyt_H"
"395",394,0.1596,0.02195,0.03765,0.7808,"Python_0","Pyt_H"
"396",395,0.1612,0.021,0.0391,0.7787,"Python_0","Pyt_H"
"397",396,0.16155,0.02135,0.0391,0.778,"Python_0","Pyt_H"
"398",397,0.16195,0.02195,0.03905,0.77705,"Python_0","Pyt_H"
"399",398,0.16185,0.0213,0.04035,0.7765,"Python_0","Pyt_H"
"400",399,0.1609,0.02135,0.03935,0.7784,"Python_0","Pyt_H"
"401",400,0.1604,0.02125,0.03975,0.7786,"Python_0","Pyt_H"
"402",401,0.1602,0.02105,0.04075,0.778,"Python_0","Pyt_H"
"403",402,0.1614,0.02115,0.0405,0.77695,"Python_0","Pyt_H"
"404",403,0.1611,0.02125,0.0401,0.77755,"Python_0","Pyt_H"
"405",404,0.16155,0.0216,0.03885,0.778,"Python_0","Pyt_H"
"406",405,0.16085,0.02155,0.0385,0.7791,"Python_0","Pyt_H"
"407",406,0.16105,0.0211,0.0396,0.77825,"Python_0","Pyt_H"
"408",407,0.16175,0.02025,0.0399,0.7781,"Python_0","Pyt_H"
"409",408,0.162,0.01965,0.04045,0.7779,"Python_0","Pyt_H"
"410",409,0.1616,0.02085,0.0398,0.77775,"Python_0","Pyt_H"
"411",410,0.1613,0.02165,0.0397,0.77735,"Python_0","Pyt_H"
"412",411,0.1613,0.0216,0.03975,0.77735,"Python_0","Pyt_H"
"413",412,0.16135,0.02065,0.0412,0.7768,"Python_0","Pyt_H"
"414",413,0.1613,0.0216,0.0396,0.7775,"Python_0","Pyt_H"
"415",414,0.1611,0.0218,0.03915,0.77795,"Python_0","Pyt_H"
"416",415,0.1612,0.0226,0.0389,0.7773,"Python_0","Pyt_H"
"417",416,0.16205,0.0219,0.0392,0.77685,"Python_0","Pyt_H"
"418",417,0.1612,0.0214,0.03985,0.77755,"Python_0","Pyt_H"
"419",418,0.161,0.021,0.03975,0.77825,"Python_0","Pyt_H"
"420",419,0.16145,0.021,0.03905,0.7785,"Python_0","Pyt_H"
"421",420,0.1599,0.02195,0.039,0.77915,"Python_0","Pyt_H"
"422",421,0.1604,0.022,0.0391,0.7785,"Python_0","Pyt_H"
"423",422,0.16065,0.02075,0.0407,0.7779,"Python_0","Pyt_H"
"424",423,0.16095,0.02115,0.0401,0.7778,"Python_0","Pyt_H"
"425",424,0.161,0.0213,0.0398,0.7779,"Python_0","Pyt_H"
"426",425,0.16035,0.02185,0.0391,0.7787,"Python_0","Pyt_H"
"427",426,0.161,0.02105,0.0405,0.77745,"Python_0","Pyt_H"
"428",427,0.16075,0.02145,0.0388,0.779,"Python_0","Pyt_H"
"429",428,0.15995,0.022,0.0385,0.77955,"Python_0","Pyt_H"
"430",429,0.1603,0.02245,0.03915,0.7781,"Python_0","Pyt_H"
"431",430,0.16075,0.02215,0.0392,0.7779,"Python_0","Pyt_H"
"432",431,0.15985,0.02215,0.0395,0.7785,"Python_0","Pyt_H"
"433",432,0.16055,0.02245,0.03925,0.77775,"Python_0","Pyt_H"
"434",433,0.16045,0.02165,0.0398,0.7781,"Python_0","Pyt_H"
"435",434,0.1593,0.023,0.03925,0.77845,"Python_0","Pyt_H"
"436",435,0.15955,0.0236,0.03805,0.7788,"Python_0","Pyt_H"
"437",436,0.16055,0.02225,0.0387,0.7785,"Python_0","Pyt_H"
"438",437,0.1609,0.0219,0.0397,0.7775,"Python_0","Pyt_H"
"439",438,0.16045,0.02275,0.04025,0.77655,"Python_0","Pyt_H"
"440",439,0.1609,0.02335,0.03885,0.7769,"Python_0","Pyt_H"
"441",440,0.16075,0.0221,0.04045,0.7767,"Python_0","Pyt_H"
"442",441,0.1606,0.0224,0.04015,0.77685,"Python_0","Pyt_H"
"443",442,0.15865,0.023,0.0409,0.77745,"Python_0","Pyt_H"
"444",443,0.15895,0.02345,0.04005,0.77755,"Python_0","Pyt_H"
"445",444,0.15875,0.02325,0.04025,0.77775,"Python_0","Pyt_H"
"446",445,0.16,0.0219,0.0408,0.7773,"Python_0","Pyt_H"
"447",446,0.1597,0.0227,0.0412,0.7764,"Python_0","Pyt_H"
"448",447,0.159,0.02425,0.03985,0.7769,"Python_0","Pyt_H"
"449",448,0.15965,0.02285,0.0407,0.7768,"Python_0","Pyt_H"
"450",449,0.15875,0.0234,0.04095,0.7769,"Python_0","Pyt_H"
"451",450,0.15905,0.02305,0.0412,0.7767,"Python_0","Pyt_H"
"452",451,0.16055,0.02315,0.04075,0.77555,"Python_0","Pyt_H"
"453",452,0.16095,0.02315,0.0412,0.7747,"Python_0","Pyt_H"
"454",453,0.1596,0.0232,0.04165,0.77555,"Python_0","Pyt_H"
"455",454,0.1594,0.02225,0.04175,0.7766,"Python_0","Pyt_H"
"456",455,0.1604,0.02205,0.0412,0.77635,"Python_0","Pyt_H"
"457",456,0.1603,0.02155,0.0414,0.77675,"Python_0","Pyt_H"
"458",457,0.15935,0.0224,0.0404,0.77785,"Python_0","Pyt_H"
"459",458,0.16065,0.02235,0.0401,0.7769,"Python_0","Pyt_H"
"460",459,0.16015,0.0218,0.04025,0.7778,"Python_0","Pyt_H"
"461",460,0.16025,0.0218,0.03955,0.7784,"Python_0","Pyt_H"
"462",461,0.1602,0.02225,0.04,0.77755,"Python_0","Pyt_H"
"463",462,0.162,0.02225,0.03965,0.7761,"Python_0","Pyt_H"
"464",463,0.16225,0.0221,0.0386,0.77705,"Python_0","Pyt_H"
"465",464,0.16075,0.0231,0.0386,0.77755,"Python_0","Pyt_H"
"466",465,0.16005,0.0225,0.0397,0.77775,"Python_0","Pyt_H"
"467",466,0.1597,0.0216,0.04075,0.77795,"Python_0","Pyt_H"
"468",467,0.1597,0.02235,0.04025,0.7777,"Python_0","Pyt_H"
"469",468,0.1597,0.0213,0.04125,0.77775,"Python_0","Pyt_H"
"470",469,0.15905,0.0216,0.0404,0.77895,"Python_0","Pyt_H"
"471",470,0.15845,0.0221,0.0398,0.77965,"Python_0","Pyt_H"
"472",471,0.15835,0.0215,0.0403,0.77985,"Python_0","Pyt_H"
"473",472,0.15815,0.02095,0.0407,0.7802,"Python_0","Pyt_H"
"474",473,0.1571,0.02195,0.0408,0.78015,"Python_0","Pyt_H"
"475",474,0.1562,0.0227,0.03975,0.78135,"Python_0","Pyt_H"
"476",475,0.1566,0.02255,0.03935,0.7815,"Python_0","Pyt_H"
"477",476,0.1572,0.0226,0.03955,0.78065,"Python_0","Pyt_H"
"478",477,0.1577,0.02175,0.0402,0.78035,"Python_0","Pyt_H"
"479",478,0.15845,0.02155,0.03965,0.78035,"Python_0","Pyt_H"
"480",479,0.15825,0.02105,0.03945,0.78125,"Python_0","Pyt_H"
"481",480,0.1586,0.0218,0.03875,0.78085,"Python_0","Pyt_H"
"482",481,0.1593,0.02075,0.04,0.77995,"Python_0","Pyt_H"
"483",482,0.15955,0.01975,0.0405,0.7802,"Python_0","Pyt_H"
"484",483,0.1593,0.0194,0.0416,0.7797,"Python_0","Pyt_H"
"485",484,0.15955,0.0201,0.04085,0.7795,"Python_0","Pyt_H"
"486",485,0.1608,0.02005,0.0403,0.77885,"Python_0","Pyt_H"
"487",486,0.16065,0.0201,0.0402,0.77905,"Python_0","Pyt_H"
"488",487,0.1603,0.0202,0.03925,0.78025,"Python_0","Pyt_H"
"489",488,0.1611,0.0199,0.0393,0.7797,"Python_0","Pyt_H"
"490",489,0.16095,0.0203,0.0385,0.78025,"Python_0","Pyt_H"
"491",490,0.16245,0.02045,0.0384,0.7787,"Python_0","Pyt_H"
"492",491,0.16205,0.0203,0.03845,0.7792,"Python_0","Pyt_H"
"493",492,0.16205,0.0202,0.0381,0.77965,"Python_0","Pyt_H"
"494",493,0.1638,0.0198,0.0378,0.7786,"Python_0","Pyt_H"
"495",494,0.1645,0.01975,0.0378,0.77795,"Python_0","Pyt_H"
"496",495,0.1648,0.0206,0.0371,0.7775,"Python_0","Pyt_H"
"497",496,0.16445,0.02065,0.03715,0.77775,"Python_0","Pyt_H"
"498",497,0.16505,0.0213,0.0372,0.77645,"Python_0","Pyt_H"
"499",498,0.16415,0.0216,0.0374,0.77685,"Python_0","Pyt_H"
"500",499,0.16425,0.02175,0.03775,0.77625,"Python_0","Pyt_H"
"501",500,0.1646,0.02185,0.0376,0.77595,"Python_0","Pyt_H"
"502",501,0.16485,0.02145,0.03845,0.77525,"Python_0","Pyt_H"
"503",502,0.16395,0.0218,0.03905,0.7752,"Python_0","Pyt_H"
"504",503,0.16345,0.0206,0.0408,0.77515,"Python_0","Pyt_H"
"505",504,0.1626,0.02165,0.041,0.77475,"Python_0","Pyt_H"
"506",505,0.16235,0.0229,0.03975,0.775,"Python_0","Pyt_H"
"507",506,0.16125,0.02375,0.0403,0.7747,"Python_0","Pyt_H"
"508",507,0.16245,0.0227,0.0414,0.77345,"Python_0","Pyt_H"
"509",508,0.1631,0.02195,0.04245,0.7725,"Python_0","Pyt_H"
"510",509,0.16315,0.02205,0.0429,0.7719,"Python_0","Pyt_H"
"511",510,0.1629,0.02145,0.04415,0.7715,"Python_0","Pyt_H"
"512",511,0.1617,0.02245,0.0434,0.77245,"Python_0","Pyt_H"
"513",512,0.16075,0.02315,0.04265,0.77345,"Python_0","Pyt_H"
"514",513,0.1608,0.02295,0.0431,0.77315,"Python_0","Pyt_H"
"515",514,0.1609,0.02255,0.0432,0.77335,"Python_0","Pyt_H"
"516",515,0.1612,0.0218,0.0445,0.7725,"Python_0","Pyt_H"
"517",516,0.16055,0.0227,0.0431,0.77365,"Python_0","Pyt_H"
"518",517,0.16125,0.0227,0.04215,0.7739,"Python_0","Pyt_H"
"519",518,0.16275,0.02115,0.04265,0.77345,"Python_0","Pyt_H"
"520",519,0.16215,0.02155,0.0436,0.7727,"Python_0","Pyt_H"
"521",520,0.1611,0.0234,0.0425,0.773,"Python_0","Pyt_H"
"522",521,0.161,0.02345,0.0418,0.77375,"Python_0","Pyt_H"
"523",522,0.161,0.02325,0.04295,0.7728,"Python_0","Pyt_H"
"524",523,0.16045,0.0241,0.0433,0.77215,"Python_0","Pyt_H"
"525",524,0.1606,0.0231,0.0427,0.7736,"Python_0","Pyt_H"
"526",525,0.16095,0.0224,0.0433,0.77335,"Python_0","Pyt_H"
"527",526,0.16105,0.0222,0.04315,0.7736,"Python_0","Pyt_H"
"528",527,0.16095,0.0228,0.043,0.77325,"Python_0","Pyt_H"
"529",528,0.16035,0.0234,0.042,0.77425,"Python_0","Pyt_H"
"530",529,0.1596,0.0232,0.0429,0.7743,"Python_0","Pyt_H"
"531",530,0.1612,0.0231,0.0433,0.7724,"Python_0","Pyt_H"
"532",531,0.16155,0.0221,0.04395,0.7724,"Python_0","Pyt_H"
"533",532,0.15975,0.02275,0.0439,0.7736,"Python_0","Pyt_H"
"534",533,0.15955,0.02255,0.04415,0.77375,"Python_0","Pyt_H"
"535",534,0.1587,0.02315,0.0449,0.77325,"Python_0","Pyt_H"
"536",535,0.15935,0.02305,0.04455,0.77305,"Python_0","Pyt_H"
"537",536,0.1597,0.02295,0.04455,0.7728,"Python_0","Pyt_H"
"538",537,0.15975,0.024,0.04365,0.7726,"Python_0","Pyt_H"
"539",538,0.15995,0.0236,0.04335,0.7731,"Python_0","Pyt_H"
"540",539,0.15975,0.02295,0.04425,0.77305,"Python_0","Pyt_H"
"541",540,0.15905,0.0236,0.04325,0.7741,"Python_0","Pyt_H"
"542",541,0.15875,0.0238,0.04305,0.7744,"Python_0","Pyt_H"
"543",542,0.1579,0.0247,0.04265,0.77475,"Python_0","Pyt_H"
"544",543,0.1564,0.0243,0.0436,0.7757,"Python_0","Pyt_H"
"545",544,0.15595,0.02475,0.04325,0.77605,"Python_0","Pyt_H"
"546",545,0.15605,0.02415,0.04365,0.77615,"Python_0","Pyt_H"
"547",546,0.15675,0.02395,0.0436,0.7757,"Python_0","Pyt_H"
"548",547,0.15755,0.02335,0.0437,0.7754,"Python_0","Pyt_H"
"549",548,0.157,0.02285,0.0446,0.77555,"Python_0","Pyt_H"
"550",549,0.15545,0.02475,0.04305,0.77675,"Python_0","Pyt_H"
"551",550,0.1553,0.0245,0.04345,0.77675,"Python_0","Pyt_H"
"552",551,0.1546,0.0243,0.0439,0.7772,"Python_0","Pyt_H"
"553",552,0.155,0.0237,0.0441,0.7772,"Python_0","Pyt_H"
"554",553,0.1543,0.02315,0.04485,0.7777,"Python_0","Pyt_H"
"555",554,0.15445,0.02225,0.04595,0.77735,"Python_0","Pyt_H"
"556",555,0.1542,0.02275,0.0447,0.77835,"Python_0","Pyt_H"
"557",556,0.1549,0.02265,0.04415,0.7783,"Python_0","Pyt_H"
"558",557,0.1544,0.0232,0.0441,0.7783,"Python_0","Pyt_H"
"559",558,0.15375,0.02395,0.0439,0.7784,"Python_0","Pyt_H"
"560",559,0.15445,0.0239,0.04375,0.7779,"Python_0","Pyt_H"
"561",560,0.1561,0.02325,0.04435,0.7763,"Python_0","Pyt_H"
"562",561,0.1565,0.0225,0.0442,0.7768,"Python_0","Pyt_H"
"563",562,0.15715,0.0227,0.04445,0.7757,"Python_0","Pyt_H"
"564",563,0.15805,0.0231,0.0429,0.77595,"Python_0","Pyt_H"
"565",564,0.1583,0.02285,0.04355,0.7753,"Python_0","Pyt_H"
"566",565,0.1583,0.0237,0.0431,0.7749,"Python_0","Pyt_H"
"567",566,0.15805,0.0235,0.0423,0.77615,"Python_0","Pyt_H"
"568",567,0.1567,0.0241,0.04315,0.77605,"Python_0","Pyt_H"
"569",568,0.1568,0.02345,0.0437,0.77605,"Python_0","Pyt_H"
"570",569,0.15655,0.0239,0.0434,0.77615,"Python_0","Pyt_H"
"571",570,0.1564,0.0237,0.0423,0.7776,"Python_0","Pyt_H"
"572",571,0.1574,0.02195,0.0416,0.77905,"Python_0","Pyt_H"
"573",572,0.1578,0.022,0.04065,0.77955,"Python_0","Pyt_H"
"574",573,0.1576,0.0215,0.04015,0.78075,"Python_0","Pyt_H"
"575",574,0.1573,0.022,0.0396,0.7811,"Python_0","Pyt_H"
"576",575,0.15625,0.0222,0.04085,0.7807,"Python_0","Pyt_H"
"577",576,0.15705,0.0224,0.04035,0.7802,"Python_0","Pyt_H"
"578",577,0.15705,0.0227,0.0403,0.77995,"Python_0","Pyt_H"
"579",578,0.1578,0.0225,0.03955,0.78015,"Python_0","Pyt_H"
"580",579,0.15925,0.0212,0.03955,0.78,"Python_0","Pyt_H"
"581",580,0.15905,0.0233,0.03885,0.7788,"Python_0","Pyt_H"
"582",581,0.1592,0.02335,0.03905,0.7784,"Python_0","Pyt_H"
"583",582,0.1603,0.023,0.0394,0.7773,"Python_0","Pyt_H"
"584",583,0.16185,0.0217,0.03915,0.7773,"Python_0","Pyt_H"
"585",584,0.1604,0.02195,0.04025,0.7774,"Python_0","Pyt_H"
"586",585,0.1608,0.0231,0.04065,0.77545,"Python_0","Pyt_H"
"587",586,0.16005,0.0235,0.04065,0.7758,"Python_0","Pyt_H"
"588",587,0.16085,0.0243,0.0404,0.77445,"Python_0","Pyt_H"
"589",588,0.1612,0.0233,0.04045,0.77505,"Python_0","Pyt_H"
"590",589,0.1614,0.02345,0.0404,0.77475,"Python_0","Pyt_H"
"591",590,0.1605,0.02345,0.04005,0.776,"Python_0","Pyt_H"
"592",591,0.16135,0.02275,0.04,0.7759,"Python_0","Pyt_H"
"593",592,0.1615,0.0222,0.04075,0.77555,"Python_0","Pyt_H"
"594",593,0.1621,0.0219,0.04065,0.77535,"Python_0","Pyt_H"
"595",594,0.1618,0.02155,0.04225,0.7744,"Python_0","Pyt_H"
"596",595,0.1629,0.02155,0.0424,0.77315,"Python_0","Pyt_H"
"597",596,0.1628,0.02105,0.0421,0.77405,"Python_0","Pyt_H"
"598",597,0.16265,0.0217,0.0415,0.77415,"Python_0","Pyt_H"
"599",598,0.1637,0.0216,0.0415,0.7732,"Python_0","Pyt_H"
"600",599,0.1628,0.02205,0.04045,0.7747,"Python_0","Pyt_H"
"601",600,0.1625,0.0214,0.04045,0.77565,"Python_0","Pyt_H"
"602",601,0.1628,0.022,0.0395,0.7757,"Python_0","Pyt_H"
"603",602,0.1636,0.0217,0.03885,0.77585,"Python_0","Pyt_H"
"604",603,0.16245,0.02245,0.03955,0.77555,"Python_0","Pyt_H"
"605",604,0.16255,0.0222,0.0393,0.77595,"Python_0","Pyt_H"
"606",605,0.1623,0.0217,0.04005,0.77595,"Python_0","Pyt_H"
"607",606,0.16275,0.02195,0.03995,0.77535,"Python_0","Pyt_H"
"608",607,0.1634,0.02235,0.04045,0.7738,"Python_0","Pyt_H"
"609",608,0.16375,0.02285,0.0399,0.7735,"Python_0","Pyt_H"
"610",609,0.1636,0.02235,0.0396,0.77445,"Python_0","Pyt_H"
"611",610,0.1637,0.02235,0.04025,0.7737,"Python_0","Pyt_H"
"612",611,0.1634,0.0226,0.0402,0.7738,"Python_0","Pyt_H"
"613",612,0.16405,0.02285,0.0402,0.7729,"Python_0","Pyt_H"
"614",613,0.16325,0.023,0.04125,0.7725,"Python_0","Pyt_H"
"615",614,0.1633,0.02255,0.04125,0.7729,"Python_0","Pyt_H"
"616",615,0.1628,0.0231,0.04245,0.77165,"Python_0","Pyt_H"
"617",616,0.16285,0.02295,0.04265,0.77155,"Python_0","Pyt_H"
"618",617,0.1634,0.0237,0.04205,0.77085,"Python_0","Pyt_H"
"619",618,0.1623,0.02455,0.0431,0.77005,"Python_0","Pyt_H"
"620",619,0.16265,0.0244,0.0425,0.77045,"Python_0","Pyt_H"
"621",620,0.16235,0.02485,0.04255,0.77025,"Python_0","Pyt_H"
"622",621,0.16145,0.02485,0.0442,0.7695,"Python_0","Pyt_H"
"623",622,0.16165,0.0239,0.04505,0.7694,"Python_0","Pyt_H"
"624",623,0.1611,0.02575,0.0447,0.76845,"Python_0","Pyt_H"
"625",624,0.1606,0.02585,0.04495,0.7686,"Python_0","Pyt_H"
"626",625,0.1604,0.02505,0.0451,0.76945,"Python_0","Pyt_H"
"627",626,0.1607,0.0239,0.04515,0.77025,"Python_0","Pyt_H"
"628",627,0.16045,0.02415,0.04455,0.77085,"Python_0","Pyt_H"
"629",628,0.16015,0.02435,0.04415,0.77135,"Python_0","Pyt_H"
"630",629,0.1593,0.0244,0.04455,0.77175,"Python_0","Pyt_H"
"631",630,0.1588,0.0243,0.04535,0.77155,"Python_0","Pyt_H"
"632",631,0.159,0.0249,0.04525,0.77085,"Python_0","Pyt_H"
"633",632,0.15795,0.0243,0.04685,0.7709,"Python_0","Pyt_H"
"634",633,0.15735,0.02465,0.04585,0.77215,"Python_0","Pyt_H"
"635",634,0.1564,0.0245,0.04485,0.77425,"Python_0","Pyt_H"
"636",635,0.1549,0.0247,0.04565,0.77475,"Python_0","Pyt_H"
"637",636,0.15565,0.0233,0.04655,0.7745,"Python_0","Pyt_H"
"638",637,0.15715,0.02235,0.04675,0.77375,"Python_0","Pyt_H"
"639",638,0.15705,0.0227,0.0468,0.77345,"Python_0","Pyt_H"
"640",639,0.1562,0.0235,0.04515,0.77515,"Python_0","Pyt_H"
"641",640,0.15625,0.02255,0.04425,0.77695,"Python_0","Pyt_H"
"642",641,0.1561,0.0221,0.0445,0.7773,"Python_0","Pyt_H"
"643",642,0.1561,0.022,0.0447,0.7772,"Python_0","Pyt_H"
"644",643,0.1563,0.02205,0.0446,0.77705,"Python_0","Pyt_H"
"645",644,0.1561,0.0232,0.044,0.7767,"Python_0","Pyt_H"
"646",645,0.15725,0.0236,0.0428,0.77635,"Python_0","Pyt_H"
"647",646,0.1559,0.0243,0.0434,0.7764,"Python_0","Pyt_H"
"648",647,0.15645,0.0223,0.04355,0.7777,"Python_0","Pyt_H"
"649",648,0.1566,0.02195,0.04325,0.7782,"Python_0","Pyt_H"
"650",649,0.1548,0.0232,0.04195,0.78005,"Python_0","Pyt_H"
"651",650,0.1536,0.02435,0.0411,0.78095,"Python_0","Pyt_H"
"652",651,0.15445,0.0235,0.0417,0.78035,"Python_0","Pyt_H"
"653",652,0.1548,0.0237,0.0426,0.7789,"Python_0","Pyt_H"
"654",653,0.1544,0.02345,0.04285,0.7793,"Python_0","Pyt_H"
"655",654,0.1536,0.02365,0.0435,0.77925,"Python_0","Pyt_H"
"656",655,0.15395,0.02375,0.0427,0.7796,"Python_0","Pyt_H"
"657",656,0.15435,0.0236,0.0431,0.77895,"Python_0","Pyt_H"
"658",657,0.15325,0.0247,0.04305,0.779,"Python_0","Pyt_H"
"659",658,0.1534,0.0236,0.0436,0.7794,"Python_0","Pyt_H"
"660",659,0.1532,0.02485,0.0434,0.77855,"Python_0","Pyt_H"
"661",660,0.1537,0.02405,0.04435,0.7779,"Python_0","Pyt_H"
"662",661,0.15295,0.0245,0.0441,0.77845,"Python_0","Pyt_H"
"663",662,0.15255,0.02425,0.0439,0.7793,"Python_0","Pyt_H"
"664",663,0.1533,0.0246,0.0432,0.7789,"Python_0","Pyt_H"
"665",664,0.1534,0.0241,0.0437,0.7788,"Python_0","Pyt_H"
"666",665,0.15325,0.02445,0.04405,0.77825,"Python_0","Pyt_H"
"667",666,0.15325,0.02345,0.0445,0.7788,"Python_0","Pyt_H"
"668",667,0.15275,0.02355,0.0441,0.7796,"Python_0","Pyt_H"
"669",668,0.15215,0.02395,0.0445,0.7794,"Python_0","Pyt_H"
"670",669,0.15125,0.02415,0.04415,0.78045,"Python_0","Pyt_H"
"671",670,0.15165,0.02275,0.04575,0.77985,"Python_0","Pyt_H"
"672",671,0.15175,0.02265,0.0453,0.7803,"Python_0","Pyt_H"
