"","step","S","E","I","R","simu","Langage"
"1",0,0.999,0,0.001,0,"Python_1","Pyt_H"
"2",1,0.9983,7e-04,0.001,0,"Python_1","Pyt_H"
"3",2,0.99785,0.00115,0.00095,5e-05,"Python_1","Pyt_H"
"4",3,0.997,0.0018,0.00105,0.00015,"Python_1","Pyt_H"
"5",4,0.99605,0.0025,0.0011,0.00035,"Python_1","Pyt_H"
"6",5,0.9952,0.00305,0.00115,6e-04,"Python_1","Pyt_H"
"7",6,0.99445,0.00335,0.0016,6e-04,"Python_1","Pyt_H"
"8",7,0.9929,0.0042,0.0022,7e-04,"Python_1","Pyt_H"
"9",8,0.99035,0.00605,0.00265,0.00095,"Python_1","Pyt_H"
"10",9,0.98765,0.00765,0.00365,0.00105,"Python_1","Pyt_H"
"11",10,0.98525,0.0087,0.00445,0.0016,"Python_1","Pyt_H"
"12",11,0.98115,0.0108,0.00585,0.0022,"Python_1","Pyt_H"
"13",12,0.97575,0.01415,0.0073,0.0028,"Python_1","Pyt_H"
"14",13,0.96985,0.01775,0.0091,0.0033,"Python_1","Pyt_H"
"15",14,0.96285,0.02075,0.01235,0.00405,"Python_1","Pyt_H"
"16",15,0.9524,0.02765,0.0149,0.00505,"Python_1","Pyt_H"
"17",16,0.93955,0.0353,0.0188,0.00635,"Python_1","Pyt_H"
"18",17,0.9243,0.0437,0.0239,0.0081,"Python_1","Pyt_H"
"19",18,0.9051,0.05545,0.02915,0.0103,"Python_1","Pyt_H"
"20",19,0.8825,0.0681,0.0357,0.0137,"Python_1","Pyt_H"
"21",20,0.85525,0.08275,0.04415,0.01785,"Python_1","Pyt_H"
"22",21,0.8221,0.09955,0.056,0.02235,"Python_1","Pyt_H"
"23",22,0.78135,0.12225,0.06915,0.02725,"Python_1","Pyt_H"
"24",23,0.73625,0.14365,0.0854,0.0347,"Python_1","Pyt_H"
"25",24,0.68025,0.17285,0.10375,0.04315,"Python_1","Pyt_H"
"26",25,0.62205,0.19795,0.127,0.053,"Python_1","Pyt_H"
"27",26,0.55775,0.2223,0.15495,0.065,"Python_1","Pyt_H"
"28",27,0.4881,0.2487,0.1831,0.0801,"Python_1","Pyt_H"
"29",28,0.4132,0.273,0.2149,0.0989,"Python_1","Pyt_H"
"30",29,0.34475,0.28405,0.25115,0.12005,"Python_1","Pyt_H"
"31",30,0.2808,0.2859,0.29005,0.14325,"Python_1","Pyt_H"
"32",31,0.2194,0.2874,0.32055,0.17265,"Python_1","Pyt_H"
"33",32,0.16645,0.2766,0.34905,0.2079,"Python_1","Pyt_H"
"34",33,0.1257,0.25625,0.37305,0.245,"Python_1","Pyt_H"
"35",34,0.0943,0.2306,0.3876,0.2875,"Python_1","Pyt_H"
"36",35,0.07035,0.19755,0.40025,0.33185,"Python_1","Pyt_H"
"37",36,0.05175,0.16895,0.40315,0.37615,"Python_1","Pyt_H"
"38",37,0.0387,0.1417,0.3989,0.4207,"Python_1","Pyt_H"
"39",38,0.02935,0.1165,0.38695,0.4672,"Python_1","Pyt_H"
"40",39,0.0222,0.09485,0.3704,0.51255,"Python_1","Pyt_H"
"41",40,0.0181,0.07645,0.3471,0.55835,"Python_1","Pyt_H"
"42",41,0.0155,0.05875,0.3257,0.60005,"Python_1","Pyt_H"
"43",42,0.01275,0.0463,0.3009,0.64005,"Python_1","Pyt_H"
"44",43,0.0125,0.0344,0.27565,0.67745,"Python_1","Pyt_H"
"45",44,0.0123,0.0284,0.2486,0.7107,"Python_1","Pyt_H"
"46",45,0.01235,0.02275,0.22505,0.73985,"Python_1","Pyt_H"
"47",46,0.01285,0.0182,0.2023,0.76665,"Python_1","Pyt_H"
"48",47,0.01355,0.0152,0.1817,0.78955,"Python_1","Pyt_H"
"49",48,0.01465,0.0127,0.16275,0.8099,"Python_1","Pyt_H"
"50",49,0.0158,0.01105,0.1449,0.82825,"Python_1","Pyt_H"
"51",50,0.0173,0.0091,0.12875,0.84485,"Python_1","Pyt_H"
"52",51,0.01795,0.00805,0.11495,0.85905,"Python_1","Pyt_H"
"53",52,0.0193,0.0078,0.1017,0.8712,"Python_1","Pyt_H"
"54",53,0.0211,0.0078,0.09005,0.88105,"Python_1","Pyt_H"
"55",54,0.02225,0.0073,0.07965,0.8908,"Python_1","Pyt_H"
"56",55,0.02415,0.0072,0.0694,0.89925,"Python_1","Pyt_H"
"57",56,0.0259,0.00675,0.06135,0.906,"Python_1","Pyt_H"
"58",57,0.0285,0.0053,0.0546,0.9116,"Python_1","Pyt_H"
"59",58,0.0304,0.0048,0.0492,0.9156,"Python_1","Pyt_H"
"60",59,0.0323,0.0043,0.0441,0.9193,"Python_1","Pyt_H"
"61",60,0.0356,0.00435,0.03895,0.9211,"Python_1","Pyt_H"
"62",61,0.0375,0.0044,0.03425,0.92385,"Python_1","Pyt_H"
"63",62,0.0396,0.00425,0.03045,0.9257,"Python_1","Pyt_H"
"64",63,0.04165,0.00425,0.02755,0.92655,"Python_1","Pyt_H"
"65",64,0.0442,0.00405,0.0241,0.92765,"Python_1","Pyt_H"
"66",65,0.04625,0.004,0.0213,0.92845,"Python_1","Pyt_H"
"67",66,0.0493,0.0034,0.0188,0.9285,"Python_1","Pyt_H"
"68",67,0.05205,0.0036,0.01675,0.9276,"Python_1","Pyt_H"
"69",68,0.0553,0.00325,0.01575,0.9257,"Python_1","Pyt_H"
"70",69,0.05785,0.00325,0.01465,0.92425,"Python_1","Pyt_H"
"71",70,0.0613,0.00335,0.0132,0.92215,"Python_1","Pyt_H"
"72",71,0.064,0.00315,0.01205,0.9208,"Python_1","Pyt_H"
"73",72,0.0673,0.0033,0.0106,0.9188,"Python_1","Pyt_H"
"74",73,0.07065,0.00265,0.0101,0.9166,"Python_1","Pyt_H"
"75",74,0.07325,0.0025,0.0093,0.91495,"Python_1","Pyt_H"
"76",75,0.0763,0.00255,0.00805,0.9131,"Python_1","Pyt_H"
"77",76,0.07885,0.00255,0.00725,0.91135,"Python_1","Pyt_H"
"78",77,0.0817,0.0026,0.00665,0.90905,"Python_1","Pyt_H"
"79",78,0.08385,0.0027,0.0063,0.90715,"Python_1","Pyt_H"
"80",79,0.08635,0.0024,0.0061,0.90515,"Python_1","Pyt_H"
"81",80,0.08905,0.00235,0.0057,0.9029,"Python_1","Pyt_H"
"82",81,0.09155,0.0023,0.0049,0.90125,"Python_1","Pyt_H"
"83",82,0.09455,0.0023,0.0046,0.89855,"Python_1","Pyt_H"
"84",83,0.09695,0.0024,0.00455,0.8961,"Python_1","Pyt_H"
"85",84,0.09895,0.00215,0.00425,0.89465,"Python_1","Pyt_H"
"86",85,0.1017,0.002,0.0044,0.8919,"Python_1","Pyt_H"
"87",86,0.10395,0.00215,0.00415,0.88975,"Python_1","Pyt_H"
"88",87,0.10675,0.00175,0.004,0.8875,"Python_1","Pyt_H"
"89",88,0.10945,0.0016,0.0039,0.88505,"Python_1","Pyt_H"
"90",89,0.11215,0.00155,0.00355,0.88275,"Python_1","Pyt_H"
"91",90,0.1144,0.00155,0.00355,0.8805,"Python_1","Pyt_H"
"92",91,0.11675,0.0016,0.0034,0.87825,"Python_1","Pyt_H"
"93",92,0.11875,0.0017,0.00345,0.8761,"Python_1","Pyt_H"
"94",93,0.12165,0.0016,0.00345,0.8733,"Python_1","Pyt_H"
"95",94,0.12385,0.0018,0.00315,0.8712,"Python_1","Pyt_H"
"96",95,0.1269,0.0018,0.00285,0.86845,"Python_1","Pyt_H"
"97",96,0.12945,0.0019,0.0027,0.86595,"Python_1","Pyt_H"
"98",97,0.13185,0.0018,0.0027,0.86365,"Python_1","Pyt_H"
"99",98,0.13335,0.00155,0.00295,0.86215,"Python_1","Pyt_H"
"100",99,0.13605,0.0011,0.0031,0.85975,"Python_1","Pyt_H"
"101",100,0.13805,0.00145,0.00295,0.85755,"Python_1","Pyt_H"
"102",101,0.14165,0.00145,0.0025,0.8544,"Python_1","Pyt_H"
"103",102,0.14465,0.0016,0.00255,0.8512,"Python_1","Pyt_H"
"104",103,0.1474,0.00145,0.0028,0.84835,"Python_1","Pyt_H"
"105",104,0.15005,0.00165,0.00285,0.84545,"Python_1","Pyt_H"
"106",105,0.15245,0.0016,0.00265,0.8433,"Python_1","Pyt_H"
"107",106,0.15485,0.0013,0.0027,0.84115,"Python_1","Pyt_H"
"108",107,0.1579,0.0012,0.00255,0.83835,"Python_1","Pyt_H"
"109",108,0.1609,0.00135,0.0025,0.83525,"Python_1","Pyt_H"
"110",109,0.1632,0.0013,0.00255,0.83295,"Python_1","Pyt_H"
"111",110,0.166,0.0013,0.0024,0.8303,"Python_1","Pyt_H"
"112",111,0.1679,0.00135,0.0023,0.82845,"Python_1","Pyt_H"
"113",112,0.1704,0.00115,0.00245,0.826,"Python_1","Pyt_H"
"114",113,0.1726,0.00135,0.0025,0.82355,"Python_1","Pyt_H"
"115",114,0.17525,0.0013,0.0025,0.82095,"Python_1","Pyt_H"
"116",115,0.1771,0.00135,0.0027,0.81885,"Python_1","Pyt_H"
"117",116,0.17925,0.00155,0.00275,0.81645,"Python_1","Pyt_H"
"118",117,0.1819,0.0014,0.003,0.8137,"Python_1","Pyt_H"
"119",118,0.184,0.00165,0.00285,0.8115,"Python_1","Pyt_H"
"120",119,0.1859,0.00165,0.0029,0.80955,"Python_1","Pyt_H"
"121",120,0.18775,0.0017,0.0029,0.80765,"Python_1","Pyt_H"
"122",121,0.1896,0.0017,0.0027,0.806,"Python_1","Pyt_H"
"123",122,0.1921,0.00175,0.0027,0.80345,"Python_1","Pyt_H"
"124",123,0.19425,0.00185,0.0028,0.8011,"Python_1","Pyt_H"
"125",124,0.19625,0.0018,0.0028,0.79915,"Python_1","Pyt_H"
"126",125,0.1987,0.00195,0.00265,0.7967,"Python_1","Pyt_H"
"127",126,0.20045,0.00185,0.0026,0.7951,"Python_1","Pyt_H"
"128",127,0.20225,0.00195,0.00285,0.79295,"Python_1","Pyt_H"
"129",128,0.2039,0.0022,0.00285,0.79105,"Python_1","Pyt_H"
"130",129,0.20565,0.0022,0.00305,0.7891,"Python_1","Pyt_H"
"131",130,0.20685,0.0023,0.00315,0.7877,"Python_1","Pyt_H"
"132",131,0.2084,0.00245,0.0032,0.78595,"Python_1","Pyt_H"
"133",132,0.2107,0.0023,0.00365,0.78335,"Python_1","Pyt_H"
"134",133,0.213,0.00225,0.0035,0.78125,"Python_1","Pyt_H"
"135",134,0.21445,0.00245,0.0034,0.7797,"Python_1","Pyt_H"
"136",135,0.2162,0.00255,0.0035,0.77775,"Python_1","Pyt_H"
"137",136,0.21815,0.00255,0.0037,0.7756,"Python_1","Pyt_H"
"138",137,0.22005,0.00255,0.0038,0.7736,"Python_1","Pyt_H"
"139",138,0.22175,0.0026,0.004,0.77165,"Python_1","Pyt_H"
"140",139,0.2238,0.0023,0.0038,0.7701,"Python_1","Pyt_H"
"141",140,0.22565,0.0025,0.0037,0.76815,"Python_1","Pyt_H"
"142",141,0.2273,0.0028,0.00355,0.76635,"Python_1","Pyt_H"
"143",142,0.22945,0.00265,0.0037,0.7642,"Python_1","Pyt_H"
"144",143,0.23065,0.00265,0.0039,0.7628,"Python_1","Pyt_H"
"145",144,0.23205,0.0029,0.0043,0.76075,"Python_1","Pyt_H"
"146",145,0.2336,0.0029,0.0041,0.7594,"Python_1","Pyt_H"
"147",146,0.2355,0.00305,0.0046,0.75685,"Python_1","Pyt_H"
"148",147,0.2365,0.00345,0.005,0.75505,"Python_1","Pyt_H"
"149",148,0.23805,0.0037,0.0049,0.75335,"Python_1","Pyt_H"
"150",149,0.2392,0.0041,0.0053,0.7514,"Python_1","Pyt_H"
"151",150,0.2409,0.00415,0.00515,0.7498,"Python_1","Pyt_H"
"152",151,0.2427,0.00425,0.00535,0.7477,"Python_1","Pyt_H"
"153",152,0.2437,0.00445,0.00565,0.7462,"Python_1","Pyt_H"
"154",153,0.2451,0.0043,0.0059,0.7447,"Python_1","Pyt_H"
"155",154,0.2462,0.00475,0.00575,0.7433,"Python_1","Pyt_H"
"156",155,0.2465,0.00545,0.00605,0.742,"Python_1","Pyt_H"
"157",156,0.24685,0.00595,0.0059,0.7413,"Python_1","Pyt_H"
"158",157,0.2479,0.0056,0.0067,0.7398,"Python_1","Pyt_H"
"159",158,0.24915,0.00535,0.00725,0.73825,"Python_1","Pyt_H"
"160",159,0.24975,0.00525,0.00785,0.73715,"Python_1","Pyt_H"
"161",160,0.2505,0.00515,0.0083,0.73605,"Python_1","Pyt_H"
"162",161,0.2518,0.0057,0.0083,0.7342,"Python_1","Pyt_H"
"163",162,0.2514,0.0063,0.0083,0.734,"Python_1","Pyt_H"
"164",163,0.2527,0.0063,0.0087,0.7323,"Python_1","Pyt_H"
"165",164,0.25355,0.00665,0.00865,0.73115,"Python_1","Pyt_H"
"166",165,0.254,0.0064,0.00955,0.73005,"Python_1","Pyt_H"
"167",166,0.2543,0.0071,0.0103,0.7283,"Python_1","Pyt_H"
"168",167,0.2548,0.00775,0.0112,0.72625,"Python_1","Pyt_H"
"169",168,0.25475,0.0082,0.0118,0.72525,"Python_1","Pyt_H"
"170",169,0.25525,0.0091,0.0119,0.72375,"Python_1","Pyt_H"
"171",170,0.2554,0.00975,0.01195,0.7229,"Python_1","Pyt_H"
"172",171,0.255,0.01,0.01235,0.72265,"Python_1","Pyt_H"
"173",172,0.25535,0.00995,0.0132,0.7215,"Python_1","Pyt_H"
"174",173,0.2542,0.01115,0.0139,0.72075,"Python_1","Pyt_H"
"175",174,0.2533,0.0117,0.01475,0.72025,"Python_1","Pyt_H"
"176",175,0.2529,0.0117,0.0157,0.7197,"Python_1","Pyt_H"
"177",176,0.2521,0.0123,0.01655,0.71905,"Python_1","Pyt_H"
"178",177,0.2511,0.01265,0.0168,0.71945,"Python_1","Pyt_H"
"179",178,0.25085,0.01295,0.0176,0.7186,"Python_1","Pyt_H"
"180",179,0.24955,0.01325,0.01855,0.71865,"Python_1","Pyt_H"
"181",180,0.2486,0.01355,0.019,0.71885,"Python_1","Pyt_H"
"182",181,0.247,0.0141,0.02035,0.71855,"Python_1","Pyt_H"
"183",182,0.2458,0.0151,0.0211,0.718,"Python_1","Pyt_H"
"184",183,0.24345,0.0166,0.0208,0.71915,"Python_1","Pyt_H"
"185",184,0.24145,0.01755,0.0211,0.7199,"Python_1","Pyt_H"
"186",185,0.23985,0.0173,0.0234,0.71945,"Python_1","Pyt_H"
"187",186,0.2383,0.0173,0.0245,0.7199,"Python_1","Pyt_H"
"188",187,0.23635,0.0183,0.0256,0.71975,"Python_1","Pyt_H"
"189",188,0.2345,0.01985,0.0265,0.71915,"Python_1","Pyt_H"
"190",189,0.23175,0.0208,0.0276,0.71985,"Python_1","Pyt_H"
"191",190,0.23075,0.02025,0.0292,0.7198,"Python_1","Pyt_H"
"192",191,0.2283,0.0204,0.03075,0.72055,"Python_1","Pyt_H"
"193",192,0.22515,0.0217,0.0315,0.72165,"Python_1","Pyt_H"
"194",193,0.2223,0.02255,0.0326,0.72255,"Python_1","Pyt_H"
"195",194,0.2184,0.02425,0.03355,0.7238,"Python_1","Pyt_H"
"196",195,0.2154,0.02495,0.03415,0.7255,"Python_1","Pyt_H"
"197",196,0.2126,0.02475,0.0352,0.72745,"Python_1","Pyt_H"
"198",197,0.20945,0.02525,0.0362,0.7291,"Python_1","Pyt_H"
"199",198,0.20635,0.02555,0.0367,0.7314,"Python_1","Pyt_H"
"200",199,0.20355,0.02535,0.0378,0.7333,"Python_1","Pyt_H"
"201",200,0.2002,0.0253,0.0385,0.736,"Python_1","Pyt_H"
"202",201,0.19715,0.0252,0.03995,0.7377,"Python_1","Pyt_H"
"203",202,0.1934,0.02565,0.0409,0.74005,"Python_1","Pyt_H"
"204",203,0.1894,0.02705,0.04205,0.7415,"Python_1","Pyt_H"
"205",204,0.18555,0.02765,0.0431,0.7437,"Python_1","Pyt_H"
"206",205,0.1811,0.02895,0.0439,0.74605,"Python_1","Pyt_H"
"207",206,0.1776,0.0296,0.04405,0.74875,"Python_1","Pyt_H"
"208",207,0.1743,0.02875,0.04595,0.751,"Python_1","Pyt_H"
"209",208,0.17025,0.0295,0.0462,0.75405,"Python_1","Pyt_H"
"210",209,0.16775,0.0293,0.0465,0.75645,"Python_1","Pyt_H"
"211",210,0.1648,0.02985,0.04815,0.7572,"Python_1","Pyt_H"
"212",211,0.16015,0.0291,0.0498,0.76095,"Python_1","Pyt_H"
"213",212,0.15635,0.02955,0.05015,0.76395,"Python_1","Pyt_H"
"214",213,0.1537,0.02725,0.0525,0.76655,"Python_1","Pyt_H"
"215",214,0.15065,0.02885,0.05145,0.76905,"Python_1","Pyt_H"
"216",215,0.1471,0.02925,0.05055,0.7731,"Python_1","Pyt_H"
"217",216,0.1456,0.0272,0.0519,0.7753,"Python_1","Pyt_H"
"218",217,0.14325,0.0269,0.05115,0.7787,"Python_1","Pyt_H"
"219",218,0.141,0.0272,0.05085,0.78095,"Python_1","Pyt_H"
"220",219,0.13885,0.02595,0.05155,0.78365,"Python_1","Pyt_H"
"221",220,0.1378,0.02575,0.05065,0.7858,"Python_1","Pyt_H"
"222",221,0.1361,0.0254,0.04995,0.78855,"Python_1","Pyt_H"
"223",222,0.135,0.0244,0.04955,0.79105,"Python_1","Pyt_H"
"224",223,0.13325,0.0242,0.05,0.79255,"Python_1","Pyt_H"
"225",224,0.13055,0.02465,0.04895,0.79585,"Python_1","Pyt_H"
"226",225,0.12945,0.02505,0.04825,0.79725,"Python_1","Pyt_H"
"227",226,0.12955,0.0248,0.0473,0.79835,"Python_1","Pyt_H"
"228",227,0.12825,0.02385,0.04645,0.80145,"Python_1","Pyt_H"
"229",228,0.1287,0.02235,0.0458,0.80315,"Python_1","Pyt_H"
"230",229,0.12795,0.0217,0.0453,0.80505,"Python_1","Pyt_H"
"231",230,0.1272,0.0206,0.0448,0.8074,"Python_1","Pyt_H"
"232",231,0.1264,0.02055,0.0433,0.80975,"Python_1","Pyt_H"
"233",232,0.12645,0.0188,0.0432,0.81155,"Python_1","Pyt_H"
"234",233,0.12635,0.0192,0.04185,0.8126,"Python_1","Pyt_H"
"235",234,0.1264,0.01875,0.04005,0.8148,"Python_1","Pyt_H"
"236",235,0.12605,0.01835,0.0394,0.8162,"Python_1","Pyt_H"
"237",236,0.1263,0.018,0.03855,0.81715,"Python_1","Pyt_H"
"238",237,0.127,0.01745,0.0383,0.81725,"Python_1","Pyt_H"
"239",238,0.1287,0.0162,0.0384,0.8167,"Python_1","Pyt_H"
"240",239,0.12895,0.0166,0.03725,0.8172,"Python_1","Pyt_H"
"241",240,0.13005,0.01545,0.0366,0.8179,"Python_1","Pyt_H"
"242",241,0.1298,0.0158,0.03625,0.81815,"Python_1","Pyt_H"
"243",242,0.12945,0.01565,0.0361,0.8188,"Python_1","Pyt_H"
"244",243,0.1305,0.016,0.0348,0.8187,"Python_1","Pyt_H"
"245",244,0.131,0.0166,0.0343,0.8181,"Python_1","Pyt_H"
"246",245,0.13165,0.0165,0.03425,0.8176,"Python_1","Pyt_H"
"247",246,0.13185,0.0163,0.0333,0.81855,"Python_1","Pyt_H"
"248",247,0.1325,0.01625,0.03225,0.819,"Python_1","Pyt_H"
"249",248,0.1343,0.0153,0.03155,0.81885,"Python_1","Pyt_H"
"250",249,0.13645,0.01455,0.0307,0.8183,"Python_1","Pyt_H"
"251",250,0.1381,0.01455,0.03065,0.8167,"Python_1","Pyt_H"
"252",251,0.1395,0.01385,0.03095,0.8157,"Python_1","Pyt_H"
"253",252,0.14075,0.01415,0.0299,0.8152,"Python_1","Pyt_H"
"254",253,0.14265,0.0146,0.029,0.81375,"Python_1","Pyt_H"
"255",254,0.144,0.01435,0.02815,0.8135,"Python_1","Pyt_H"
"256",255,0.14545,0.01345,0.0278,0.8133,"Python_1","Pyt_H"
"257",256,0.1467,0.01405,0.0273,0.81195,"Python_1","Pyt_H"
"258",257,0.14965,0.0138,0.0266,0.80995,"Python_1","Pyt_H"
"259",258,0.15015,0.01415,0.026,0.8097,"Python_1","Pyt_H"
"260",259,0.1511,0.01465,0.02535,0.8089,"Python_1","Pyt_H"
"261",260,0.15375,0.01375,0.02465,0.80785,"Python_1","Pyt_H"
"262",261,0.15525,0.01375,0.02405,0.80695,"Python_1","Pyt_H"
"263",262,0.15695,0.0135,0.02375,0.8058,"Python_1","Pyt_H"
"264",263,0.159,0.01315,0.0237,0.80415,"Python_1","Pyt_H"
"265",264,0.16065,0.01335,0.0236,0.8024,"Python_1","Pyt_H"
"266",265,0.1615,0.0134,0.02365,0.80145,"Python_1","Pyt_H"
"267",266,0.1631,0.01315,0.0238,0.79995,"Python_1","Pyt_H"
"268",267,0.16455,0.0132,0.0243,0.79795,"Python_1","Pyt_H"
"269",268,0.1653,0.013,0.02485,0.79685,"Python_1","Pyt_H"
"270",269,0.1663,0.0137,0.02445,0.79555,"Python_1","Pyt_H"
"271",270,0.1683,0.0133,0.02505,0.79335,"Python_1","Pyt_H"
"272",271,0.1691,0.0132,0.02575,0.79195,"Python_1","Pyt_H"
"273",272,0.1689,0.01405,0.02555,0.7915,"Python_1","Pyt_H"
"274",273,0.17035,0.0142,0.0263,0.78915,"Python_1","Pyt_H"
"275",274,0.17075,0.0147,0.02585,0.7887,"Python_1","Pyt_H"
"276",275,0.1722,0.0147,0.02595,0.78715,"Python_1","Pyt_H"
"277",276,0.1731,0.0153,0.02545,0.78615,"Python_1","Pyt_H"
"278",277,0.1749,0.01515,0.0248,0.78515,"Python_1","Pyt_H"
"279",278,0.1766,0.0147,0.02565,0.78305,"Python_1","Pyt_H"
"280",279,0.1772,0.01525,0.0261,0.78145,"Python_1","Pyt_H"
"281",280,0.17885,0.0154,0.02575,0.78,"Python_1","Pyt_H"
"282",281,0.17965,0.0161,0.02545,0.7788,"Python_1","Pyt_H"
"283",282,0.1813,0.01565,0.02585,0.7772,"Python_1","Pyt_H"
"284",283,0.18275,0.0155,0.0264,0.77535,"Python_1","Pyt_H"
"285",284,0.1832,0.0164,0.0263,0.7741,"Python_1","Pyt_H"
"286",285,0.18395,0.01625,0.02705,0.77275,"Python_1","Pyt_H"
"287",286,0.1857,0.0161,0.02745,0.77075,"Python_1","Pyt_H"
"288",287,0.18545,0.0174,0.02715,0.77,"Python_1","Pyt_H"
"289",288,0.18565,0.0179,0.0279,0.76855,"Python_1","Pyt_H"
"290",289,0.18595,0.0184,0.0278,0.76785,"Python_1","Pyt_H"
"291",290,0.1873,0.01685,0.0289,0.76695,"Python_1","Pyt_H"
"292",291,0.18775,0.0168,0.02945,0.766,"Python_1","Pyt_H"
"293",292,0.1883,0.016,0.0297,0.766,"Python_1","Pyt_H"
"294",293,0.1891,0.01585,0.03055,0.7645,"Python_1","Pyt_H"
"295",294,0.188,0.0164,0.03095,0.76465,"Python_1","Pyt_H"
"296",295,0.18785,0.01755,0.0307,0.7639,"Python_1","Pyt_H"
"297",296,0.1873,0.019,0.0303,0.7634,"Python_1","Pyt_H"
"298",297,0.18715,0.01925,0.03045,0.76315,"Python_1","Pyt_H"
"299",298,0.18725,0.02005,0.03065,0.76205,"Python_1","Pyt_H"
"300",299,0.1864,0.0197,0.0321,0.7618,"Python_1","Pyt_H"
"301",300,0.18595,0.02,0.0331,0.76095,"Python_1","Pyt_H"
"302",301,0.1864,0.02035,0.0334,0.75985,"Python_1","Pyt_H"
"303",302,0.1862,0.021,0.0331,0.7597,"Python_1","Pyt_H"
"304",303,0.18675,0.02075,0.0338,0.7587,"Python_1","Pyt_H"
"305",304,0.18565,0.02115,0.0349,0.7583,"Python_1","Pyt_H"
"306",305,0.1848,0.02155,0.03535,0.7583,"Python_1","Pyt_H"
"307",306,0.1836,0.02185,0.03675,0.7578,"Python_1","Pyt_H"
"308",307,0.1827,0.0224,0.0373,0.7576,"Python_1","Pyt_H"
"309",308,0.1822,0.0216,0.0386,0.7576,"Python_1","Pyt_H"
"310",309,0.18175,0.0223,0.03885,0.7571,"Python_1","Pyt_H"
"311",310,0.1805,0.0232,0.03875,0.75755,"Python_1","Pyt_H"
"312",311,0.1785,0.02405,0.03765,0.7598,"Python_1","Pyt_H"
"313",312,0.1783,0.024,0.03755,0.76015,"Python_1","Pyt_H"
"314",313,0.17625,0.02455,0.0383,0.7609,"Python_1","Pyt_H"
"315",314,0.17615,0.02425,0.039,0.7606,"Python_1","Pyt_H"
"316",315,0.1762,0.02465,0.03925,0.7599,"Python_1","Pyt_H"
"317",316,0.1773,0.02385,0.03985,0.759,"Python_1","Pyt_H"
"318",317,0.1759,0.0242,0.0407,0.7592,"Python_1","Pyt_H"
"319",318,0.17445,0.0242,0.0415,0.75985,"Python_1","Pyt_H"
"320",319,0.1739,0.0241,0.042,0.76,"Python_1","Pyt_H"
"321",320,0.17225,0.0248,0.04305,0.7599,"Python_1","Pyt_H"
"322",321,0.17135,0.0238,0.04305,0.7618,"Python_1","Pyt_H"
"323",322,0.1712,0.02425,0.04195,0.7626,"Python_1","Pyt_H"
"324",323,0.17065,0.02395,0.04205,0.76335,"Python_1","Pyt_H"
"325",324,0.17115,0.0231,0.0431,0.76265,"Python_1","Pyt_H"
"326",325,0.1708,0.0235,0.04275,0.76295,"Python_1","Pyt_H"
"327",326,0.16945,0.0241,0.04255,0.7639,"Python_1","Pyt_H"
"328",327,0.1685,0.0249,0.0427,0.7639,"Python_1","Pyt_H"
"329",328,0.1666,0.0252,0.04285,0.76535,"Python_1","Pyt_H"
"330",329,0.1656,0.02475,0.04375,0.7659,"Python_1","Pyt_H"
"331",330,0.1649,0.02495,0.0435,0.76665,"Python_1","Pyt_H"
"332",331,0.16505,0.02335,0.04355,0.76805,"Python_1","Pyt_H"
"333",332,0.165,0.02375,0.0436,0.76765,"Python_1","Pyt_H"
"334",333,0.1649,0.02325,0.04335,0.7685,"Python_1","Pyt_H"
"335",334,0.1638,0.0236,0.04275,0.76985,"Python_1","Pyt_H"
"336",335,0.1629,0.024,0.0426,0.7705,"Python_1","Pyt_H"
"337",336,0.16205,0.02465,0.04235,0.77095,"Python_1","Pyt_H"
"338",337,0.16135,0.02485,0.04025,0.77355,"Python_1","Pyt_H"
"339",338,0.16115,0.0236,0.04225,0.773,"Python_1","Pyt_H"
"340",339,0.15925,0.0234,0.0424,0.77495,"Python_1","Pyt_H"
"341",340,0.15895,0.0231,0.04245,0.7755,"Python_1","Pyt_H"
"342",341,0.15885,0.0232,0.0423,0.77565,"Python_1","Pyt_H"
"343",342,0.15815,0.0231,0.0426,0.77615,"Python_1","Pyt_H"
"344",343,0.1585,0.0226,0.0427,0.7762,"Python_1","Pyt_H"
"345",344,0.1585,0.0229,0.04215,0.77645,"Python_1","Pyt_H"
"346",345,0.15915,0.02245,0.04245,0.77595,"Python_1","Pyt_H"
"347",346,0.1581,0.0241,0.04125,0.77655,"Python_1","Pyt_H"
"348",347,0.1579,0.02425,0.04085,0.777,"Python_1","Pyt_H"
"349",348,0.1573,0.02365,0.0421,0.77695,"Python_1","Pyt_H"
"350",349,0.1565,0.024,0.0409,0.7786,"Python_1","Pyt_H"
"351",350,0.15475,0.02345,0.04115,0.78065,"Python_1","Pyt_H"
"352",351,0.1565,0.0224,0.0418,0.7793,"Python_1","Pyt_H"
"353",352,0.1568,0.02155,0.0418,0.77985,"Python_1","Pyt_H"
"354",353,0.15675,0.0209,0.04205,0.7803,"Python_1","Pyt_H"
"355",354,0.1565,0.02085,0.04165,0.781,"Python_1","Pyt_H"
"356",355,0.15695,0.02095,0.04125,0.78085,"Python_1","Pyt_H"
"357",356,0.157,0.0213,0.0407,0.781,"Python_1","Pyt_H"
"358",357,0.15595,0.0213,0.04095,0.7818,"Python_1","Pyt_H"
"359",358,0.1575,0.0212,0.0393,0.782,"Python_1","Pyt_H"
"360",359,0.1587,0.0214,0.03885,0.78105,"Python_1","Pyt_H"
"361",360,0.15895,0.0215,0.0381,0.78145,"Python_1","Pyt_H"
"362",361,0.15955,0.02025,0.0383,0.7819,"Python_1","Pyt_H"
"363",362,0.15955,0.02,0.0388,0.78165,"Python_1","Pyt_H"
"364",363,0.1601,0.0205,0.03875,0.78065,"Python_1","Pyt_H"
"365",364,0.1602,0.02055,0.0376,0.78165,"Python_1","Pyt_H"
"366",365,0.1606,0.02045,0.0378,0.78115,"Python_1","Pyt_H"
"367",366,0.1611,0.0203,0.03855,0.78005,"Python_1","Pyt_H"
"368",367,0.16135,0.0204,0.03845,0.7798,"Python_1","Pyt_H"
"369",368,0.16115,0.0219,0.03805,0.7789,"Python_1","Pyt_H"
"370",369,0.1604,0.0224,0.03845,0.77875,"Python_1","Pyt_H"
"371",370,0.16065,0.02135,0.039,0.779,"Python_1","Pyt_H"
"372",371,0.16125,0.02095,0.04,0.7778,"Python_1","Pyt_H"
"373",372,0.1609,0.0223,0.04,0.7768,"Python_1","Pyt_H"
"374",373,0.16165,0.0212,0.04045,0.7767,"Python_1","Pyt_H"
"375",374,0.16255,0.0203,0.04015,0.777,"Python_1","Pyt_H"
"376",375,0.16235,0.0212,0.0405,0.77595,"Python_1","Pyt_H"
"377",376,0.16325,0.02125,0.0396,0.7759,"Python_1","Pyt_H"
"378",377,0.16345,0.02095,0.04025,0.77535,"Python_1","Pyt_H"
"379",378,0.1628,0.02185,0.0406,0.77475,"Python_1","Pyt_H"
"380",379,0.16265,0.0217,0.0397,0.77595,"Python_1","Pyt_H"
"381",380,0.16345,0.02195,0.03945,0.77515,"Python_1","Pyt_H"
"382",381,0.1635,0.0214,0.03945,0.77565,"Python_1","Pyt_H"
"383",382,0.16305,0.02215,0.039,0.7758,"Python_1","Pyt_H"
"384",383,0.16325,0.02295,0.03955,0.77425,"Python_1","Pyt_H"
"385",384,0.1633,0.02315,0.0401,0.77345,"Python_1","Pyt_H"
"386",385,0.16285,0.023,0.0416,0.77255,"Python_1","Pyt_H"
"387",386,0.16155,0.02475,0.04145,0.77225,"Python_1","Pyt_H"
"388",387,0.1612,0.0251,0.04145,0.77225,"Python_1","Pyt_H"
"389",388,0.1622,0.0242,0.0413,0.7723,"Python_1","Pyt_H"
"390",389,0.1616,0.0241,0.04175,0.77255,"Python_1","Pyt_H"
"391",390,0.16015,0.0238,0.0424,0.77365,"Python_1","Pyt_H"
"392",391,0.16065,0.02315,0.0424,0.7738,"Python_1","Pyt_H"
"393",392,0.16095,0.0223,0.0441,0.77265,"Python_1","Pyt_H"
"394",393,0.16065,0.0227,0.0438,0.77285,"Python_1","Pyt_H"
"395",394,0.1607,0.02345,0.04345,0.7724,"Python_1","Pyt_H"
"396",395,0.1598,0.02475,0.0423,0.77315,"Python_1","Pyt_H"
"397",396,0.1597,0.0236,0.04295,0.77375,"Python_1","Pyt_H"
"398",397,0.15935,0.02415,0.0422,0.7743,"Python_1","Pyt_H"
"399",398,0.15965,0.0244,0.04185,0.7741,"Python_1","Pyt_H"
"400",399,0.15945,0.02465,0.0413,0.7746,"Python_1","Pyt_H"
"401",400,0.15815,0.0242,0.0428,0.77485,"Python_1","Pyt_H"
"402",401,0.1572,0.0244,0.04235,0.77605,"Python_1","Pyt_H"
"403",402,0.1573,0.02425,0.04165,0.7768,"Python_1","Pyt_H"
"404",403,0.1575,0.0244,0.0414,0.7767,"Python_1","Pyt_H"
"405",404,0.15775,0.0237,0.04185,0.7767,"Python_1","Pyt_H"
"406",405,0.1575,0.0237,0.04225,0.77655,"Python_1","Pyt_H"
"407",406,0.15865,0.02365,0.04155,0.77615,"Python_1","Pyt_H"
"408",407,0.1578,0.0229,0.04325,0.77605,"Python_1","Pyt_H"
"409",408,0.1565,0.0241,0.04265,0.77675,"Python_1","Pyt_H"
"410",409,0.15615,0.02425,0.04335,0.77625,"Python_1","Pyt_H"
"411",410,0.15645,0.02385,0.04405,0.77565,"Python_1","Pyt_H"
"412",411,0.1577,0.02195,0.04455,0.7758,"Python_1","Pyt_H"
"413",412,0.1571,0.0222,0.0443,0.7764,"Python_1","Pyt_H"
"414",413,0.1575,0.0224,0.04385,0.77625,"Python_1","Pyt_H"
"415",414,0.1574,0.0224,0.0436,0.7766,"Python_1","Pyt_H"
"416",415,0.15685,0.02395,0.04215,0.77705,"Python_1","Pyt_H"
"417",416,0.15675,0.0238,0.0424,0.77705,"Python_1","Pyt_H"
"418",417,0.1553,0.0243,0.04235,0.77805,"Python_1","Pyt_H"
"419",418,0.15455,0.0246,0.04255,0.7783,"Python_1","Pyt_H"
"420",419,0.15485,0.0242,0.04255,0.7784,"Python_1","Pyt_H"
"421",420,0.1544,0.02375,0.04355,0.7783,"Python_1","Pyt_H"
"422",421,0.1535,0.0245,0.0422,0.7798,"Python_1","Pyt_H"
"423",422,0.1533,0.0246,0.04175,0.78035,"Python_1","Pyt_H"
"424",423,0.15245,0.0235,0.04275,0.7813,"Python_1","Pyt_H"
"425",424,0.15325,0.02225,0.0432,0.7813,"Python_1","Pyt_H"
"426",425,0.15265,0.02225,0.0432,0.7819,"Python_1","Pyt_H"
"427",426,0.1526,0.0217,0.0423,0.7834,"Python_1","Pyt_H"
"428",427,0.1522,0.0213,0.042,0.7845,"Python_1","Pyt_H"
"429",428,0.1512,0.0223,0.042,0.7845,"Python_1","Pyt_H"
"430",429,0.15095,0.0225,0.0409,0.78565,"Python_1","Pyt_H"
"431",430,0.15195,0.0219,0.04105,0.7851,"Python_1","Pyt_H"
"432",431,0.1522,0.02205,0.04085,0.7849,"Python_1","Pyt_H"
"433",432,0.1511,0.0231,0.04005,0.78575,"Python_1","Pyt_H"
"434",433,0.1504,0.02295,0.0406,0.78605,"Python_1","Pyt_H"
"435",434,0.15065,0.02275,0.04115,0.78545,"Python_1","Pyt_H"
"436",435,0.1506,0.0225,0.0416,0.7853,"Python_1","Pyt_H"
"437",436,0.15185,0.0211,0.0416,0.78545,"Python_1","Pyt_H"
"438",437,0.1528,0.0215,0.04035,0.78535,"Python_1","Pyt_H"
"439",438,0.15415,0.02145,0.03985,0.78455,"Python_1","Pyt_H"
"440",439,0.154,0.02115,0.03945,0.7854,"Python_1","Pyt_H"
"441",440,0.1546,0.02005,0.0385,0.78685,"Python_1","Pyt_H"
"442",441,0.1547,0.01985,0.03865,0.7868,"Python_1","Pyt_H"
"443",442,0.155,0.02025,0.0383,0.78645,"Python_1","Pyt_H"
"444",443,0.15565,0.02035,0.03785,0.78615,"Python_1","Pyt_H"
"445",444,0.15625,0.01915,0.0386,0.786,"Python_1","Pyt_H"
"446",445,0.1565,0.0201,0.03765,0.78575,"Python_1","Pyt_H"
"447",446,0.1577,0.0201,0.0375,0.7847,"Python_1","Pyt_H"
"448",447,0.1596,0.0199,0.03805,0.78245,"Python_1","Pyt_H"
"449",448,0.15975,0.0206,0.037,0.78265,"Python_1","Pyt_H"
"450",449,0.1595,0.0205,0.03735,0.78265,"Python_1","Pyt_H"
"451",450,0.15945,0.021,0.0375,0.78205,"Python_1","Pyt_H"
"452",451,0.16055,0.0212,0.0375,0.78075,"Python_1","Pyt_H"
"453",452,0.1621,0.02125,0.0373,0.77935,"Python_1","Pyt_H"
"454",453,0.1621,0.02025,0.03825,0.7794,"Python_1","Pyt_H"
"455",454,0.1627,0.0194,0.039,0.7789,"Python_1","Pyt_H"
"456",455,0.16305,0.02075,0.0378,0.7784,"Python_1","Pyt_H"
"457",456,0.1623,0.0203,0.0373,0.7801,"Python_1","Pyt_H"
"458",457,0.16235,0.0205,0.03755,0.7796,"Python_1","Pyt_H"
"459",458,0.1622,0.0206,0.037,0.7802,"Python_1","Pyt_H"
"460",459,0.16225,0.0193,0.0373,0.78115,"Python_1","Pyt_H"
"461",460,0.16215,0.0196,0.0375,0.78075,"Python_1","Pyt_H"
"462",461,0.162,0.02045,0.03605,0.7815,"Python_1","Pyt_H"
"463",462,0.1617,0.0207,0.03485,0.78275,"Python_1","Pyt_H"
"464",463,0.1622,0.02015,0.03505,0.7826,"Python_1","Pyt_H"
"465",464,0.163,0.0194,0.03485,0.78275,"Python_1","Pyt_H"
"466",465,0.16375,0.01975,0.03485,0.78165,"Python_1","Pyt_H"
"467",466,0.16525,0.0194,0.03525,0.7801,"Python_1","Pyt_H"
"468",467,0.16495,0.0194,0.0352,0.78045,"Python_1","Pyt_H"
"469",468,0.166,0.0186,0.0358,0.7796,"Python_1","Pyt_H"
"470",469,0.16615,0.0204,0.03495,0.7785,"Python_1","Pyt_H"
"471",470,0.1677,0.01965,0.03505,0.7776,"Python_1","Pyt_H"
"472",471,0.1689,0.0189,0.03575,0.77645,"Python_1","Pyt_H"
"473",472,0.16905,0.01915,0.0356,0.7762,"Python_1","Pyt_H"
"474",473,0.1694,0.01965,0.036,0.77495,"Python_1","Pyt_H"
"475",474,0.1694,0.02075,0.03565,0.7742,"Python_1","Pyt_H"
"476",475,0.1706,0.0203,0.0362,0.7729,"Python_1","Pyt_H"
"477",476,0.1691,0.02095,0.0362,0.77375,"Python_1","Pyt_H"
"478",477,0.1703,0.021,0.0361,0.7726,"Python_1","Pyt_H"
"479",478,0.16955,0.0209,0.037,0.77255,"Python_1","Pyt_H"
"480",479,0.16965,0.02145,0.03665,0.77225,"Python_1","Pyt_H"
"481",480,0.17065,0.02115,0.0368,0.7714,"Python_1","Pyt_H"
"482",481,0.17075,0.0203,0.03675,0.7722,"Python_1","Pyt_H"
"483",482,0.1709,0.02085,0.0367,0.77155,"Python_1","Pyt_H"
"484",483,0.1694,0.02205,0.0365,0.77205,"Python_1","Pyt_H"
"485",484,0.16905,0.0226,0.03595,0.7724,"Python_1","Pyt_H"
"486",485,0.1686,0.0223,0.0374,0.7717,"Python_1","Pyt_H"
"487",486,0.1695,0.02235,0.03745,0.7707,"Python_1","Pyt_H"
"488",487,0.16935,0.02225,0.03865,0.76975,"Python_1","Pyt_H"
"489",488,0.1694,0.0233,0.03865,0.76865,"Python_1","Pyt_H"
"490",489,0.1687,0.0229,0.039,0.7694,"Python_1","Pyt_H"
"491",490,0.16915,0.0234,0.0391,0.76835,"Python_1","Pyt_H"
"492",491,0.1677,0.02425,0.0396,0.76845,"Python_1","Pyt_H"
"493",492,0.1671,0.025,0.0394,0.7685,"Python_1","Pyt_H"
"494",493,0.16625,0.02515,0.03975,0.76885,"Python_1","Pyt_H"
"495",494,0.1645,0.0255,0.0405,0.7695,"Python_1","Pyt_H"
"496",495,0.1653,0.0251,0.04155,0.76805,"Python_1","Pyt_H"
"497",496,0.1658,0.02385,0.04215,0.7682,"Python_1","Pyt_H"
"498",497,0.16525,0.02335,0.0425,0.7689,"Python_1","Pyt_H"
"499",498,0.16505,0.02285,0.0436,0.7685,"Python_1","Pyt_H"
"500",499,0.1643,0.02315,0.0431,0.76945,"Python_1","Pyt_H"
"501",500,0.1644,0.024,0.0432,0.7684,"Python_1","Pyt_H"
"502",501,0.1638,0.02425,0.04345,0.7685,"Python_1","Pyt_H"
"503",502,0.16335,0.0251,0.0432,0.76835,"Python_1","Pyt_H"
"504",503,0.16205,0.02535,0.04315,0.76945,"Python_1","Pyt_H"
"505",504,0.1617,0.02445,0.04365,0.7702,"Python_1","Pyt_H"
"506",505,0.16195,0.0238,0.0434,0.77085,"Python_1","Pyt_H"
"507",506,0.16215,0.0238,0.043,0.77105,"Python_1","Pyt_H"
"508",507,0.16215,0.02285,0.0434,0.7716,"Python_1","Pyt_H"
"509",508,0.16205,0.0225,0.0432,0.77225,"Python_1","Pyt_H"
"510",509,0.16215,0.02355,0.04215,0.77215,"Python_1","Pyt_H"
"511",510,0.16175,0.0238,0.04225,0.7722,"Python_1","Pyt_H"
"512",511,0.1618,0.02345,0.04295,0.7718,"Python_1","Pyt_H"
"513",512,0.1605,0.02335,0.0436,0.77255,"Python_1","Pyt_H"
"514",513,0.1605,0.0223,0.0432,0.774,"Python_1","Pyt_H"
"515",514,0.1611,0.0219,0.0427,0.7743,"Python_1","Pyt_H"
"516",515,0.1597,0.02275,0.04175,0.7758,"Python_1","Pyt_H"
"517",516,0.1612,0.0222,0.0406,0.776,"Python_1","Pyt_H"
"518",517,0.16145,0.0219,0.04075,0.7759,"Python_1","Pyt_H"
"519",518,0.16245,0.02215,0.0401,0.7753,"Python_1","Pyt_H"
"520",519,0.16245,0.0224,0.03985,0.7753,"Python_1","Pyt_H"
"521",520,0.16305,0.02225,0.03955,0.77515,"Python_1","Pyt_H"
"522",521,0.16375,0.0223,0.03965,0.7743,"Python_1","Pyt_H"
"523",522,0.1626,0.02415,0.03925,0.774,"Python_1","Pyt_H"
"524",523,0.16255,0.0239,0.03925,0.7743,"Python_1","Pyt_H"
"525",524,0.16165,0.0244,0.0399,0.77405,"Python_1","Pyt_H"
"526",525,0.1621,0.0238,0.0396,0.7745,"Python_1","Pyt_H"
"527",526,0.1624,0.0236,0.03995,0.77405,"Python_1","Pyt_H"
"528",527,0.16175,0.02325,0.04055,0.77445,"Python_1","Pyt_H"
"529",528,0.16155,0.0245,0.0395,0.77445,"Python_1","Pyt_H"
"530",529,0.16085,0.02435,0.03995,0.77485,"Python_1","Pyt_H"
"531",530,0.16205,0.0232,0.04115,0.7736,"Python_1","Pyt_H"
"532",531,0.162,0.02325,0.04155,0.7732,"Python_1","Pyt_H"
"533",532,0.1626,0.02205,0.04245,0.7729,"Python_1","Pyt_H"
"534",533,0.1616,0.02305,0.04145,0.7739,"Python_1","Pyt_H"
"535",534,0.16155,0.02325,0.04155,0.77365,"Python_1","Pyt_H"
"536",535,0.16195,0.02295,0.0415,0.7736,"Python_1","Pyt_H"
"537",536,0.16145,0.02185,0.042,0.7747,"Python_1","Pyt_H"
"538",537,0.16175,0.02285,0.0412,0.7742,"Python_1","Pyt_H"
"539",538,0.1608,0.024,0.0408,0.7744,"Python_1","Pyt_H"
"540",539,0.15985,0.0245,0.0421,0.77355,"Python_1","Pyt_H"
"541",540,0.1611,0.02395,0.0419,0.77305,"Python_1","Pyt_H"
"542",541,0.1613,0.0241,0.0426,0.772,"Python_1","Pyt_H"
"543",542,0.1634,0.02385,0.04135,0.7714,"Python_1","Pyt_H"
"544",543,0.16175,0.02305,0.0425,0.7727,"Python_1","Pyt_H"
"545",544,0.16165,0.02365,0.0419,0.7728,"Python_1","Pyt_H"
"546",545,0.1611,0.02455,0.04215,0.7722,"Python_1","Pyt_H"
"547",546,0.15975,0.02495,0.0422,0.7731,"Python_1","Pyt_H"
"548",547,0.16075,0.02385,0.043,0.7724,"Python_1","Pyt_H"
"549",548,0.16075,0.02415,0.0424,0.7727,"Python_1","Pyt_H"
"550",549,0.15955,0.0251,0.04275,0.7726,"Python_1","Pyt_H"
"551",550,0.1587,0.02515,0.04445,0.7717,"Python_1","Pyt_H"
"552",551,0.15705,0.0261,0.0435,0.77335,"Python_1","Pyt_H"
"553",552,0.1575,0.02585,0.04325,0.7734,"Python_1","Pyt_H"
"554",553,0.15805,0.0246,0.04365,0.7737,"Python_1","Pyt_H"
"555",554,0.15705,0.02565,0.04405,0.77325,"Python_1","Pyt_H"
"556",555,0.15715,0.0242,0.04405,0.7746,"Python_1","Pyt_H"
"557",556,0.1562,0.0244,0.04445,0.77495,"Python_1","Pyt_H"
"558",557,0.15555,0.02455,0.04425,0.77565,"Python_1","Pyt_H"
"559",558,0.15585,0.02415,0.04435,0.77565,"Python_1","Pyt_H"
"560",559,0.1541,0.02475,0.04485,0.7763,"Python_1","Pyt_H"
"561",560,0.15425,0.0243,0.04485,0.7766,"Python_1","Pyt_H"
"562",561,0.15415,0.0246,0.04365,0.7776,"Python_1","Pyt_H"
"563",562,0.1547,0.0241,0.04415,0.77705,"Python_1","Pyt_H"
"564",563,0.15285,0.02535,0.04365,0.77815,"Python_1","Pyt_H"
"565",564,0.1536,0.0257,0.04395,0.77675,"Python_1","Pyt_H"
"566",565,0.1534,0.0251,0.0441,0.7774,"Python_1","Pyt_H"
"567",566,0.15305,0.0249,0.04475,0.7773,"Python_1","Pyt_H"
"568",567,0.155,0.0223,0.0456,0.7771,"Python_1","Pyt_H"
"569",568,0.15265,0.02275,0.04615,0.77845,"Python_1","Pyt_H"
"570",569,0.1525,0.02415,0.04375,0.7796,"Python_1","Pyt_H"
"571",570,0.15285,0.0243,0.0438,0.77905,"Python_1","Pyt_H"
"572",571,0.1514,0.0249,0.04535,0.77835,"Python_1","Pyt_H"
"573",572,0.1495,0.02625,0.044,0.78025,"Python_1","Pyt_H"
"574",573,0.1494,0.0264,0.0434,0.7808,"Python_1","Pyt_H"
"575",574,0.1494,0.0259,0.0445,0.7802,"Python_1","Pyt_H"
"576",575,0.1501,0.0255,0.0449,0.7795,"Python_1","Pyt_H"
"577",576,0.14895,0.02505,0.04585,0.78015,"Python_1","Pyt_H"
"578",577,0.1492,0.0248,0.04595,0.78005,"Python_1","Pyt_H"
"579",578,0.1498,0.02395,0.04575,0.7805,"Python_1","Pyt_H"
"580",579,0.14835,0.02525,0.04565,0.78075,"Python_1","Pyt_H"
"581",580,0.14935,0.02435,0.04545,0.78085,"Python_1","Pyt_H"
"582",581,0.1499,0.02395,0.04355,0.7826,"Python_1","Pyt_H"
"583",582,0.14805,0.02375,0.04435,0.78385,"Python_1","Pyt_H"
"584",583,0.14875,0.0235,0.0447,0.78305,"Python_1","Pyt_H"
"585",584,0.1497,0.02245,0.0449,0.78295,"Python_1","Pyt_H"
"586",585,0.14955,0.02285,0.0444,0.7832,"Python_1","Pyt_H"
"587",586,0.151,0.02235,0.044,0.78265,"Python_1","Pyt_H"
"588",587,0.14945,0.02285,0.04415,0.78355,"Python_1","Pyt_H"
"589",588,0.14955,0.02335,0.04295,0.78415,"Python_1","Pyt_H"
"590",589,0.14985,0.0234,0.04155,0.7852,"Python_1","Pyt_H"
"591",590,0.15055,0.02345,0.04195,0.78405,"Python_1","Pyt_H"
"592",591,0.15125,0.0228,0.0428,0.78315,"Python_1","Pyt_H"
"593",592,0.15165,0.02185,0.0436,0.7829,"Python_1","Pyt_H"
"594",593,0.1518,0.02175,0.04225,0.7842,"Python_1","Pyt_H"
"595",594,0.15285,0.02085,0.0405,0.7858,"Python_1","Pyt_H"
"596",595,0.1546,0.02,0.041,0.7844,"Python_1","Pyt_H"
"597",596,0.15495,0.01975,0.0409,0.7844,"Python_1","Pyt_H"
"598",597,0.154,0.02025,0.04015,0.7856,"Python_1","Pyt_H"
"599",598,0.15355,0.0212,0.0401,0.78515,"Python_1","Pyt_H"
"600",599,0.1541,0.02165,0.03905,0.7852,"Python_1","Pyt_H"
"601",600,0.1549,0.02135,0.03965,0.7841,"Python_1","Pyt_H"
"602",601,0.1554,0.02145,0.04025,0.7829,"Python_1","Pyt_H"
"603",602,0.156,0.02175,0.0406,0.78165,"Python_1","Pyt_H"
"604",603,0.1556,0.02225,0.04105,0.7811,"Python_1","Pyt_H"
"605",604,0.1565,0.0223,0.0406,0.7806,"Python_1","Pyt_H"
"606",605,0.15585,0.02325,0.03995,0.78095,"Python_1","Pyt_H"
"607",606,0.15545,0.0236,0.03975,0.7812,"Python_1","Pyt_H"
"608",607,0.1563,0.0226,0.0388,0.7823,"Python_1","Pyt_H"
"609",608,0.15655,0.0224,0.03945,0.7816,"Python_1","Pyt_H"
"610",609,0.1559,0.02245,0.0403,0.78135,"Python_1","Pyt_H"
"611",610,0.1559,0.02185,0.04115,0.7811,"Python_1","Pyt_H"
"612",611,0.1572,0.02095,0.0408,0.78105,"Python_1","Pyt_H"
"613",612,0.15705,0.02115,0.04085,0.78095,"Python_1","Pyt_H"
"614",613,0.157,0.02115,0.0404,0.78145,"Python_1","Pyt_H"
"615",614,0.1579,0.021,0.04065,0.78045,"Python_1","Pyt_H"
"616",615,0.1587,0.02075,0.0407,0.77985,"Python_1","Pyt_H"
"617",616,0.15905,0.02075,0.0407,0.7795,"Python_1","Pyt_H"
"618",617,0.1591,0.021,0.0404,0.7795,"Python_1","Pyt_H"
"619",618,0.15985,0.02125,0.03885,0.78005,"Python_1","Pyt_H"
"620",619,0.1598,0.022,0.038,0.7802,"Python_1","Pyt_H"
"621",620,0.15945,0.0215,0.0387,0.78035,"Python_1","Pyt_H"
"622",621,0.15995,0.0212,0.0385,0.78035,"Python_1","Pyt_H"
"623",622,0.16245,0.02,0.03825,0.7793,"Python_1","Pyt_H"
"624",623,0.16145,0.0208,0.03825,0.7795,"Python_1","Pyt_H"
"625",624,0.162,0.02115,0.0379,0.77895,"Python_1","Pyt_H"
"626",625,0.16265,0.02055,0.03825,0.77855,"Python_1","Pyt_H"
"627",626,0.16225,0.02165,0.03845,0.77765,"Python_1","Pyt_H"
"628",627,0.1634,0.0214,0.038,0.7772,"Python_1","Pyt_H"
"629",628,0.16345,0.02185,0.03745,0.77725,"Python_1","Pyt_H"
"630",629,0.16385,0.02225,0.03765,0.77625,"Python_1","Pyt_H"
"631",630,0.1643,0.02135,0.03755,0.7768,"Python_1","Pyt_H"
"632",631,0.16535,0.02195,0.0366,0.7761,"Python_1","Pyt_H"
"633",632,0.16515,0.0223,0.03695,0.7756,"Python_1","Pyt_H"
"634",633,0.16535,0.02265,0.03725,0.77475,"Python_1","Pyt_H"
"635",634,0.1663,0.02235,0.03815,0.7732,"Python_1","Pyt_H"
"636",635,0.168,0.02165,0.039,0.77135,"Python_1","Pyt_H"
"637",636,0.1679,0.02245,0.03885,0.7708,"Python_1","Pyt_H"
"638",637,0.1686,0.022,0.0387,0.7707,"Python_1","Pyt_H"
"639",638,0.1682,0.0222,0.03915,0.77045,"Python_1","Pyt_H"
"640",639,0.16935,0.02145,0.03975,0.76945,"Python_1","Pyt_H"
"641",640,0.16995,0.0208,0.03975,0.7695,"Python_1","Pyt_H"
"642",641,0.17055,0.02145,0.0392,0.7688,"Python_1","Pyt_H"
"643",642,0.1715,0.02125,0.03915,0.7681,"Python_1","Pyt_H"
"644",643,0.17185,0.02095,0.0391,0.7681,"Python_1","Pyt_H"
"645",644,0.1714,0.02085,0.03835,0.7694,"Python_1","Pyt_H"
"646",645,0.172,0.02075,0.0392,0.76805,"Python_1","Pyt_H"
"647",646,0.1709,0.0217,0.0392,0.7682,"Python_1","Pyt_H"
"648",647,0.17045,0.02255,0.0385,0.7685,"Python_1","Pyt_H"
"649",648,0.16945,0.02215,0.0401,0.7683,"Python_1","Pyt_H"
"650",649,0.1695,0.0231,0.0396,0.7678,"Python_1","Pyt_H"
"651",650,0.1679,0.02385,0.0404,0.76785,"Python_1","Pyt_H"
"652",651,0.1676,0.02445,0.04015,0.7678,"Python_1","Pyt_H"
"653",652,0.1677,0.02475,0.04105,0.7665,"Python_1","Pyt_H"
"654",653,0.168,0.02395,0.0413,0.76675,"Python_1","Pyt_H"
"655",654,0.16785,0.0238,0.0412,0.76715,"Python_1","Pyt_H"
"656",655,0.16795,0.0236,0.04145,0.767,"Python_1","Pyt_H"
"657",656,0.1671,0.0241,0.0412,0.7676,"Python_1","Pyt_H"
"658",657,0.1674,0.02425,0.0425,0.76585,"Python_1","Pyt_H"
"659",658,0.16745,0.02415,0.0425,0.7659,"Python_1","Pyt_H"
"660",659,0.1672,0.02475,0.04235,0.7657,"Python_1","Pyt_H"
"661",660,0.16615,0.0251,0.04255,0.7662,"Python_1","Pyt_H"
"662",661,0.16645,0.02455,0.04265,0.76635,"Python_1","Pyt_H"
"663",662,0.165,0.02555,0.04385,0.7656,"Python_1","Pyt_H"
"664",663,0.16425,0.0255,0.0439,0.76635,"Python_1","Pyt_H"
"665",664,0.16455,0.025,0.04415,0.7663,"Python_1","Pyt_H"
"666",665,0.16355,0.02545,0.0441,0.7669,"Python_1","Pyt_H"
"667",666,0.1642,0.02515,0.0438,0.76685,"Python_1","Pyt_H"
"668",667,0.1649,0.02415,0.04555,0.7654,"Python_1","Pyt_H"
"669",668,0.16435,0.02345,0.0467,0.7655,"Python_1","Pyt_H"
"670",669,0.1649,0.02355,0.04545,0.7661,"Python_1","Pyt_H"
"671",670,0.16335,0.0241,0.0444,0.76815,"Python_1","Pyt_H"
"672",671,0.16215,0.0243,0.0445,0.76905,"Python_1","Pyt_H"
