"","step","S","E","I","R","simu","Langage"
"1",0,0.999,0,0.001,0,"Python_7","Pyt_H"
"2",1,0.9983,7e-04,0.001,0,"Python_7","Pyt_H"
"3",2,0.99755,0.00145,0.00085,0.00015,"Python_7","Pyt_H"
"4",3,0.9965,0.0024,7e-04,4e-04,"Python_7","Pyt_H"
"5",4,0.99575,0.0029,0.00085,5e-04,"Python_7","Pyt_H"
"6",5,0.99495,0.0032,0.00125,6e-04,"Python_7","Pyt_H"
"7",6,0.9936,0.0039,0.00175,0.00075,"Python_7","Pyt_H"
"8",7,0.99175,0.00465,0.0028,8e-04,"Python_7","Pyt_H"
"9",8,0.98955,0.0062,0.0031,0.00115,"Python_7","Pyt_H"
"10",9,0.98675,0.0076,0.0043,0.00135,"Python_7","Pyt_H"
"11",10,0.9831,0.0099,0.00535,0.00165,"Python_7","Pyt_H"
"12",11,0.9789,0.01285,0.00625,0.002,"Python_7","Pyt_H"
"13",12,0.97365,0.01565,0.008,0.0027,"Python_7","Pyt_H"
"14",13,0.96635,0.0197,0.0108,0.00315,"Python_7","Pyt_H"
"15",14,0.95725,0.02445,0.01425,0.00405,"Python_7","Pyt_H"
"16",15,0.9467,0.03055,0.0179,0.00485,"Python_7","Pyt_H"
"17",16,0.9305,0.04005,0.0227,0.00675,"Python_7","Pyt_H"
"18",17,0.9118,0.0515,0.02715,0.00955,"Python_7","Pyt_H"
"19",18,0.89005,0.0643,0.03325,0.0124,"Python_7","Pyt_H"
"20",19,0.86535,0.0757,0.04355,0.0154,"Python_7","Pyt_H"
"21",20,0.8317,0.0944,0.05445,0.01945,"Python_7","Pyt_H"
"22",21,0.79385,0.11435,0.06735,0.02445,"Python_7","Pyt_H"
"23",22,0.7466,0.1401,0.08245,0.03085,"Python_7","Pyt_H"
"24",23,0.69645,0.1641,0.10075,0.0387,"Python_7","Pyt_H"
"25",24,0.6362,0.1899,0.12545,0.04845,"Python_7","Pyt_H"
"26",25,0.57105,0.21765,0.1512,0.0601,"Python_7","Pyt_H"
"27",26,0.502,0.24245,0.18085,0.0747,"Python_7","Pyt_H"
"28",27,0.42955,0.2686,0.2095,0.09235,"Python_7","Pyt_H"
"29",28,0.36125,0.2824,0.2439,0.11245,"Python_7","Pyt_H"
"30",29,0.2931,0.28945,0.2788,0.13865,"Python_7","Pyt_H"
"31",30,0.2336,0.2848,0.31535,0.16625,"Python_7","Pyt_H"
"32",31,0.18105,0.27555,0.345,0.1984,"Python_7","Pyt_H"
"33",32,0.13685,0.2574,0.36845,0.2373,"Python_7","Pyt_H"
"34",33,0.1014,0.23485,0.38655,0.2772,"Python_7","Pyt_H"
"35",34,0.074,0.20755,0.3998,0.31865,"Python_7","Pyt_H"
"36",35,0.0557,0.17785,0.4029,0.36355,"Python_7","Pyt_H"
"37",36,0.0416,0.14615,0.40385,0.4084,"Python_7","Pyt_H"
"38",37,0.03175,0.1209,0.39165,0.4557,"Python_7","Pyt_H"
"39",38,0.02415,0.09935,0.3779,0.4986,"Python_7","Pyt_H"
"40",39,0.0197,0.07865,0.35865,0.543,"Python_7","Pyt_H"
"41",40,0.01695,0.06085,0.3349,0.5873,"Python_7","Pyt_H"
"42",41,0.0145,0.0483,0.311,0.6262,"Python_7","Pyt_H"
"43",42,0.01285,0.0394,0.2815,0.66625,"Python_7","Pyt_H"
"44",43,0.01195,0.03225,0.25675,0.69905,"Python_7","Pyt_H"
"45",44,0.01215,0.02665,0.2321,0.7291,"Python_7","Pyt_H"
"46",45,0.01175,0.02145,0.21025,0.75655,"Python_7","Pyt_H"
"47",46,0.0123,0.01755,0.1894,0.78075,"Python_7","Pyt_H"
"48",47,0.0132,0.0143,0.16925,0.80325,"Python_7","Pyt_H"
"49",48,0.0141,0.0123,0.14995,0.82365,"Python_7","Pyt_H"
"50",49,0.01555,0.01035,0.13505,0.83905,"Python_7","Pyt_H"
"51",50,0.0172,0.00885,0.11955,0.8544,"Python_7","Pyt_H"
"52",51,0.01805,0.00795,0.10545,0.86855,"Python_7","Pyt_H"
"53",52,0.0189,0.0073,0.09255,0.88125,"Python_7","Pyt_H"
"54",53,0.02035,0.00705,0.08145,0.89115,"Python_7","Pyt_H"
"55",54,0.02235,0.00595,0.0722,0.8995,"Python_7","Pyt_H"
"56",55,0.0236,0.00565,0.064,0.90675,"Python_7","Pyt_H"
"57",56,0.0261,0.00525,0.05625,0.9124,"Python_7","Pyt_H"
"58",57,0.02825,0.00495,0.04925,0.91755,"Python_7","Pyt_H"
"59",58,0.0299,0.0043,0.04345,0.92235,"Python_7","Pyt_H"
"60",59,0.03165,0.00385,0.03905,0.92545,"Python_7","Pyt_H"
"61",60,0.03365,0.00405,0.03465,0.92765,"Python_7","Pyt_H"
"62",61,0.03565,0.00375,0.03065,0.92995,"Python_7","Pyt_H"
"63",62,0.0378,0.00435,0.0279,0.92995,"Python_7","Pyt_H"
"64",63,0.0406,0.0036,0.02455,0.93125,"Python_7","Pyt_H"
"65",64,0.0436,0.0029,0.0224,0.9311,"Python_7","Pyt_H"
"66",65,0.0461,0.00285,0.0204,0.93065,"Python_7","Pyt_H"
"67",66,0.04885,0.00295,0.01835,0.92985,"Python_7","Pyt_H"
"68",67,0.05155,0.00285,0.01675,0.92885,"Python_7","Pyt_H"
"69",68,0.0543,0.00245,0.0147,0.92855,"Python_7","Pyt_H"
"70",69,0.0566,0.0025,0.01315,0.92775,"Python_7","Pyt_H"
"71",70,0.05895,0.003,0.01185,0.9262,"Python_7","Pyt_H"
"72",71,0.0614,0.003,0.01115,0.92445,"Python_7","Pyt_H"
"73",72,0.064,0.00295,0.01,0.92305,"Python_7","Pyt_H"
"74",73,0.0673,0.00255,0.00925,0.9209,"Python_7","Pyt_H"
"75",74,0.07005,0.0024,0.0086,0.91895,"Python_7","Pyt_H"
"76",75,0.073,0.00225,0.0078,0.91695,"Python_7","Pyt_H"
"77",76,0.07545,0.00215,0.0069,0.9155,"Python_7","Pyt_H"
"78",77,0.0777,0.0019,0.00635,0.91405,"Python_7","Pyt_H"
"79",78,0.0812,0.00165,0.00605,0.9111,"Python_7","Pyt_H"
"80",79,0.08415,0.00145,0.0056,0.9088,"Python_7","Pyt_H"
"81",80,0.0868,0.0014,0.005,0.9068,"Python_7","Pyt_H"
"82",81,0.0895,0.0013,0.00495,0.90425,"Python_7","Pyt_H"
"83",82,0.09185,0.00145,0.0046,0.9021,"Python_7","Pyt_H"
"84",83,0.09415,0.0014,0.004,0.90045,"Python_7","Pyt_H"
"85",84,0.09655,0.00125,0.00375,0.89845,"Python_7","Pyt_H"
"86",85,0.09945,0.0013,0.0034,0.89585,"Python_7","Pyt_H"
"87",86,0.10195,0.00145,0.0034,0.8932,"Python_7","Pyt_H"
"88",87,0.10445,0.0015,0.00305,0.891,"Python_7","Pyt_H"
"89",88,0.1067,0.0016,0.00315,0.88855,"Python_7","Pyt_H"
"90",89,0.1094,0.0016,0.00295,0.88605,"Python_7","Pyt_H"
"91",90,0.11235,0.0014,0.0032,0.88305,"Python_7","Pyt_H"
"92",91,0.11455,0.00135,0.0032,0.8809,"Python_7","Pyt_H"
"93",92,0.11695,0.00125,0.00285,0.87895,"Python_7","Pyt_H"
"94",93,0.11955,0.0014,0.00285,0.8762,"Python_7","Pyt_H"
"95",94,0.12165,0.00135,0.0028,0.8742,"Python_7","Pyt_H"
"96",95,0.12515,0.0011,0.0027,0.87105,"Python_7","Pyt_H"
"97",96,0.1281,0.0012,0.0025,0.8682,"Python_7","Pyt_H"
"98",97,0.1304,0.00125,0.00225,0.8661,"Python_7","Pyt_H"
"99",98,0.133,0.0014,0.0019,0.8637,"Python_7","Pyt_H"
"100",99,0.1353,0.00135,0.00165,0.8617,"Python_7","Pyt_H"
"101",100,0.13795,0.00135,0.00175,0.85895,"Python_7","Pyt_H"
"102",101,0.1406,0.00125,0.0017,0.85645,"Python_7","Pyt_H"
"103",102,0.14305,0.001,0.00175,0.8542,"Python_7","Pyt_H"
"104",103,0.14625,7e-04,0.00175,0.8513,"Python_7","Pyt_H"
"105",104,0.14915,7e-04,0.0016,0.84855,"Python_7","Pyt_H"
"106",105,0.1513,0.0011,0.0015,0.8461,"Python_7","Pyt_H"
"107",106,0.15375,0.0013,0.0014,0.84355,"Python_7","Pyt_H"
"108",107,0.15605,0.00115,0.0015,0.8413,"Python_7","Pyt_H"
"109",108,0.15845,0.00095,0.00145,0.83915,"Python_7","Pyt_H"
"110",109,0.16125,0.00075,0.0017,0.8363,"Python_7","Pyt_H"
"111",110,0.1637,6e-04,0.00185,0.83385,"Python_7","Pyt_H"
"112",111,0.16665,0.00055,0.0017,0.8311,"Python_7","Pyt_H"
"113",112,0.1682,7e-04,0.00155,0.82955,"Python_7","Pyt_H"
"114",113,0.1701,0.00085,0.0015,0.82755,"Python_7","Pyt_H"
"115",114,0.17255,0.00085,0.00135,0.82525,"Python_7","Pyt_H"
"116",115,0.17435,9e-04,0.00135,0.8234,"Python_7","Pyt_H"
"117",116,0.17655,8e-04,0.0016,0.82105,"Python_7","Pyt_H"
"118",117,0.17935,0.00085,0.00175,0.81805,"Python_7","Pyt_H"
"119",118,0.1819,0.00085,0.0017,0.81555,"Python_7","Pyt_H"
"120",119,0.18385,9e-04,0.00175,0.8135,"Python_7","Pyt_H"
"121",120,0.18645,0.00085,0.0017,0.811,"Python_7","Pyt_H"
"122",121,0.18845,0.00055,0.0019,0.8091,"Python_7","Pyt_H"
"123",122,0.1908,8e-04,0.00185,0.80655,"Python_7","Pyt_H"
"124",123,0.19285,0.00105,0.00185,0.80425,"Python_7","Pyt_H"
"125",124,0.19475,0.0014,0.0018,0.80205,"Python_7","Pyt_H"
"126",125,0.1962,0.00135,0.0017,0.80075,"Python_7","Pyt_H"
"127",126,0.1981,0.00135,0.00205,0.7985,"Python_7","Pyt_H"
"128",127,0.1997,0.00135,0.00215,0.7968,"Python_7","Pyt_H"
"129",128,0.2017,0.00125,0.0024,0.79465,"Python_7","Pyt_H"
"130",129,0.20385,0.0014,0.00225,0.7925,"Python_7","Pyt_H"
"131",130,0.20545,0.00155,0.00215,0.79085,"Python_7","Pyt_H"
"132",131,0.2072,0.0016,0.0023,0.7889,"Python_7","Pyt_H"
"133",132,0.2089,0.0016,0.0024,0.7871,"Python_7","Pyt_H"
"134",133,0.2112,0.00195,0.00235,0.7845,"Python_7","Pyt_H"
"135",134,0.21305,0.0016,0.0026,0.78275,"Python_7","Pyt_H"
"136",135,0.2147,0.00135,0.00265,0.7813,"Python_7","Pyt_H"
"137",136,0.2165,0.00145,0.00245,0.7796,"Python_7","Pyt_H"
"138",137,0.2185,0.0015,0.0026,0.7774,"Python_7","Pyt_H"
"139",138,0.22085,0.00135,0.0026,0.7752,"Python_7","Pyt_H"
"140",139,0.22245,0.00135,0.00275,0.77345,"Python_7","Pyt_H"
"141",140,0.2239,0.00145,0.0027,0.77195,"Python_7","Pyt_H"
"142",141,0.22605,0.00155,0.00255,0.76985,"Python_7","Pyt_H"
"143",142,0.22865,0.0015,0.0026,0.76725,"Python_7","Pyt_H"
"144",143,0.2311,0.00145,0.0025,0.76495,"Python_7","Pyt_H"
"145",144,0.2324,0.00185,0.00265,0.7631,"Python_7","Pyt_H"
"146",145,0.2347,0.002,0.00265,0.76065,"Python_7","Pyt_H"
"147",146,0.23645,0.0021,0.00275,0.7587,"Python_7","Pyt_H"
"148",147,0.2381,0.00215,0.00305,0.7567,"Python_7","Pyt_H"
"149",148,0.2391,0.0023,0.00305,0.75555,"Python_7","Pyt_H"
"150",149,0.2409,0.00225,0.00335,0.7535,"Python_7","Pyt_H"
"151",150,0.24245,0.0023,0.0034,0.75185,"Python_7","Pyt_H"
"152",151,0.24345,0.00265,0.0036,0.7503,"Python_7","Pyt_H"
"153",152,0.24485,0.00265,0.00365,0.74885,"Python_7","Pyt_H"
"154",153,0.2464,0.0027,0.0038,0.7471,"Python_7","Pyt_H"
"155",154,0.2473,0.0033,0.0039,0.7455,"Python_7","Pyt_H"
"156",155,0.2481,0.00345,0.004,0.74445,"Python_7","Pyt_H"
"157",156,0.24965,0.00345,0.0042,0.7427,"Python_7","Pyt_H"
"158",157,0.2512,0.0035,0.00465,0.74065,"Python_7","Pyt_H"
"159",158,0.2528,0.0035,0.00485,0.73885,"Python_7","Pyt_H"
"160",159,0.2539,0.0042,0.00515,0.73675,"Python_7","Pyt_H"
"161",160,0.2554,0.0043,0.00535,0.73495,"Python_7","Pyt_H"
"162",161,0.25655,0.00465,0.0057,0.7331,"Python_7","Pyt_H"
"163",162,0.2572,0.00525,0.00615,0.7314,"Python_7","Pyt_H"
"164",163,0.258,0.00525,0.00675,0.73,"Python_7","Pyt_H"
"165",164,0.2585,0.00535,0.0074,0.72875,"Python_7","Pyt_H"
"166",165,0.2594,0.00515,0.0077,0.72775,"Python_7","Pyt_H"
"167",166,0.25995,0.00565,0.00785,0.72655,"Python_7","Pyt_H"
"168",167,0.2604,0.0062,0.0078,0.7256,"Python_7","Pyt_H"
"169",168,0.2605,0.0064,0.0085,0.7246,"Python_7","Pyt_H"
"170",169,0.2609,0.00745,0.00825,0.7234,"Python_7","Pyt_H"
"171",170,0.26145,0.0075,0.00845,0.7226,"Python_7","Pyt_H"
"172",171,0.2613,0.008,0.00895,0.72175,"Python_7","Pyt_H"
"173",172,0.26225,0.0079,0.00985,0.72,"Python_7","Pyt_H"
"174",173,0.2626,0.0077,0.01025,0.71945,"Python_7","Pyt_H"
"175",174,0.26325,0.00755,0.01075,0.71845,"Python_7","Pyt_H"
"176",175,0.26255,0.00845,0.0107,0.7183,"Python_7","Pyt_H"
"177",176,0.2624,0.00845,0.0116,0.71755,"Python_7","Pyt_H"
"178",177,0.2621,0.00905,0.01205,0.7168,"Python_7","Pyt_H"
"179",178,0.2623,0.0097,0.01245,0.71555,"Python_7","Pyt_H"
"180",179,0.26195,0.00915,0.01345,0.71545,"Python_7","Pyt_H"
"181",180,0.26125,0.0098,0.0139,0.71505,"Python_7","Pyt_H"
"182",181,0.25965,0.01205,0.01445,0.71385,"Python_7","Pyt_H"
"183",182,0.259,0.0128,0.0149,0.7133,"Python_7","Pyt_H"
"184",183,0.2591,0.0123,0.0162,0.7124,"Python_7","Pyt_H"
"185",184,0.259,0.01225,0.0173,0.71145,"Python_7","Pyt_H"
"186",185,0.25795,0.01285,0.0172,0.712,"Python_7","Pyt_H"
"187",186,0.2561,0.0144,0.0175,0.712,"Python_7","Pyt_H"
"188",187,0.2552,0.01455,0.0185,0.71175,"Python_7","Pyt_H"
"189",188,0.2543,0.01495,0.01895,0.7118,"Python_7","Pyt_H"
"190",189,0.25185,0.0159,0.02015,0.7121,"Python_7","Pyt_H"
"191",190,0.2506,0.0165,0.02115,0.71175,"Python_7","Pyt_H"
"192",191,0.24935,0.0162,0.0221,0.71235,"Python_7","Pyt_H"
"193",192,0.24755,0.01685,0.02325,0.71235,"Python_7","Pyt_H"
"194",193,0.2447,0.0183,0.02455,0.71245,"Python_7","Pyt_H"
"195",194,0.24235,0.0191,0.0259,0.71265,"Python_7","Pyt_H"
"196",195,0.24115,0.01855,0.0269,0.7134,"Python_7","Pyt_H"
"197",196,0.2376,0.0203,0.02815,0.71395,"Python_7","Pyt_H"
"198",197,0.2346,0.02035,0.0302,0.71485,"Python_7","Pyt_H"
"199",198,0.2317,0.0212,0.0315,0.7156,"Python_7","Pyt_H"
"200",199,0.22775,0.02265,0.03285,0.71675,"Python_7","Pyt_H"
"201",200,0.2248,0.0236,0.03435,0.71725,"Python_7","Pyt_H"
"202",201,0.22075,0.02525,0.0355,0.7185,"Python_7","Pyt_H"
"203",202,0.2185,0.0234,0.03855,0.71955,"Python_7","Pyt_H"
"204",203,0.21445,0.02475,0.0404,0.7204,"Python_7","Pyt_H"
"205",204,0.2111,0.02575,0.04145,0.7217,"Python_7","Pyt_H"
"206",205,0.20685,0.0269,0.04215,0.7241,"Python_7","Pyt_H"
"207",206,0.20125,0.0286,0.0435,0.72665,"Python_7","Pyt_H"
"208",207,0.1966,0.02975,0.04385,0.7298,"Python_7","Pyt_H"
"209",208,0.19305,0.0308,0.0451,0.73105,"Python_7","Pyt_H"
"210",209,0.18855,0.03045,0.0469,0.7341,"Python_7","Pyt_H"
"211",210,0.18485,0.03015,0.04815,0.73685,"Python_7","Pyt_H"
"212",211,0.18115,0.03045,0.04865,0.73975,"Python_7","Pyt_H"
"213",212,0.17745,0.02915,0.0509,0.7425,"Python_7","Pyt_H"
"214",213,0.1729,0.0303,0.05075,0.74605,"Python_7","Pyt_H"
"215",214,0.16945,0.0294,0.05095,0.7502,"Python_7","Pyt_H"
"216",215,0.1644,0.02975,0.05285,0.753,"Python_7","Pyt_H"
"217",216,0.16085,0.0309,0.05225,0.756,"Python_7","Pyt_H"
"218",217,0.1583,0.02955,0.0519,0.76025,"Python_7","Pyt_H"
"219",218,0.15515,0.0296,0.05145,0.7638,"Python_7","Pyt_H"
"220",219,0.1511,0.0294,0.051,0.7685,"Python_7","Pyt_H"
"221",220,0.147,0.02955,0.05005,0.7734,"Python_7","Pyt_H"
"222",221,0.145,0.02745,0.05185,0.7757,"Python_7","Pyt_H"
"223",222,0.1435,0.02485,0.0526,0.77905,"Python_7","Pyt_H"
"224",223,0.14195,0.02525,0.0524,0.7804,"Python_7","Pyt_H"
"225",224,0.14045,0.02475,0.0504,0.7844,"Python_7","Pyt_H"
"226",225,0.13885,0.02345,0.04955,0.78815,"Python_7","Pyt_H"
"227",226,0.13675,0.0234,0.04875,0.7911,"Python_7","Pyt_H"
"228",227,0.1354,0.0227,0.04805,0.79385,"Python_7","Pyt_H"
"229",228,0.13245,0.0232,0.0468,0.79755,"Python_7","Pyt_H"
"230",229,0.13105,0.0234,0.04625,0.7993,"Python_7","Pyt_H"
"231",230,0.13055,0.02265,0.0455,0.8013,"Python_7","Pyt_H"
"232",231,0.12915,0.0221,0.04545,0.8033,"Python_7","Pyt_H"
"233",232,0.1275,0.02245,0.0444,0.80565,"Python_7","Pyt_H"
"234",233,0.126,0.0216,0.04575,0.80665,"Python_7","Pyt_H"
"235",234,0.12605,0.02075,0.0442,0.809,"Python_7","Pyt_H"
"236",235,0.126,0.0206,0.04335,0.81005,"Python_7","Pyt_H"
"237",236,0.1271,0.0198,0.0422,0.8109,"Python_7","Pyt_H"
"238",237,0.12585,0.02025,0.0412,0.8127,"Python_7","Pyt_H"
"239",238,0.1257,0.02075,0.03995,0.8136,"Python_7","Pyt_H"
"240",239,0.1248,0.02005,0.0391,0.81605,"Python_7","Pyt_H"
"241",240,0.1257,0.0193,0.0389,0.8161,"Python_7","Pyt_H"
"242",241,0.1264,0.01785,0.0377,0.81805,"Python_7","Pyt_H"
"243",242,0.12555,0.0176,0.0385,0.81835,"Python_7","Pyt_H"
"244",243,0.12605,0.0174,0.03835,0.8182,"Python_7","Pyt_H"
"245",244,0.1269,0.0169,0.0384,0.8178,"Python_7","Pyt_H"
"246",245,0.12745,0.01675,0.037,0.8188,"Python_7","Pyt_H"
"247",246,0.1265,0.0169,0.03645,0.82015,"Python_7","Pyt_H"
"248",247,0.1271,0.0167,0.0359,0.8203,"Python_7","Pyt_H"
"249",248,0.1294,0.01555,0.03535,0.8197,"Python_7","Pyt_H"
"250",249,0.1297,0.0156,0.03435,0.82035,"Python_7","Pyt_H"
"251",250,0.13005,0.01575,0.03255,0.82165,"Python_7","Pyt_H"
"252",251,0.13115,0.01475,0.0328,0.8213,"Python_7","Pyt_H"
"253",252,0.1311,0.01565,0.0317,0.82155,"Python_7","Pyt_H"
"254",253,0.13275,0.0157,0.0313,0.82025,"Python_7","Pyt_H"
"255",254,0.1332,0.0149,0.0316,0.8203,"Python_7","Pyt_H"
"256",255,0.13355,0.01515,0.03115,0.82015,"Python_7","Pyt_H"
"257",256,0.1349,0.01415,0.0309,0.82005,"Python_7","Pyt_H"
"258",257,0.1357,0.0143,0.03065,0.81935,"Python_7","Pyt_H"
"259",258,0.137,0.01375,0.02995,0.8193,"Python_7","Pyt_H"
"260",259,0.13845,0.01365,0.0285,0.8194,"Python_7","Pyt_H"
"261",260,0.1396,0.0131,0.02815,0.81915,"Python_7","Pyt_H"
"262",261,0.14055,0.013,0.0276,0.81885,"Python_7","Pyt_H"
"263",262,0.1422,0.01365,0.02595,0.8182,"Python_7","Pyt_H"
"264",263,0.14435,0.01365,0.02595,0.81605,"Python_7","Pyt_H"
"265",264,0.1452,0.01375,0.0262,0.81485,"Python_7","Pyt_H"
"266",265,0.1472,0.01375,0.0257,0.81335,"Python_7","Pyt_H"
"267",266,0.149,0.01375,0.02605,0.8112,"Python_7","Pyt_H"
"268",267,0.15075,0.01365,0.02605,0.80955,"Python_7","Pyt_H"
"269",268,0.1519,0.01315,0.02625,0.8087,"Python_7","Pyt_H"
"270",269,0.1531,0.0139,0.0259,0.8071,"Python_7","Pyt_H"
"271",270,0.15485,0.0128,0.0258,0.80655,"Python_7","Pyt_H"
"272",271,0.15705,0.0121,0.02595,0.8049,"Python_7","Pyt_H"
"273",272,0.1597,0.01185,0.02605,0.8024,"Python_7","Pyt_H"
"274",273,0.16105,0.0123,0.0245,0.80215,"Python_7","Pyt_H"
"275",274,0.16275,0.0125,0.02415,0.8006,"Python_7","Pyt_H"
"276",275,0.16415,0.0126,0.0246,0.79865,"Python_7","Pyt_H"
"277",276,0.1636,0.01405,0.0241,0.79825,"Python_7","Pyt_H"
"278",277,0.1652,0.0139,0.0237,0.7972,"Python_7","Pyt_H"
"279",278,0.1666,0.0135,0.0245,0.7954,"Python_7","Pyt_H"
"280",279,0.16845,0.01285,0.0251,0.7936,"Python_7","Pyt_H"
"281",280,0.16945,0.01295,0.0251,0.7925,"Python_7","Pyt_H"
"282",281,0.1704,0.01305,0.0255,0.79105,"Python_7","Pyt_H"
"283",282,0.17215,0.01345,0.0249,0.7895,"Python_7","Pyt_H"
"284",283,0.17325,0.01405,0.0248,0.7879,"Python_7","Pyt_H"
"285",284,0.1748,0.01505,0.02385,0.7863,"Python_7","Pyt_H"
"286",285,0.17605,0.01535,0.0247,0.7839,"Python_7","Pyt_H"
"287",286,0.1769,0.01575,0.02495,0.7824,"Python_7","Pyt_H"
"288",287,0.1782,0.0152,0.0258,0.7808,"Python_7","Pyt_H"
"289",288,0.17805,0.0153,0.0262,0.78045,"Python_7","Pyt_H"
"290",289,0.17895,0.0162,0.0267,0.77815,"Python_7","Pyt_H"
"291",290,0.17845,0.0172,0.0269,0.77745,"Python_7","Pyt_H"
"292",291,0.18035,0.0176,0.02705,0.775,"Python_7","Pyt_H"
"293",292,0.18125,0.0172,0.0282,0.77335,"Python_7","Pyt_H"
"294",293,0.18075,0.01785,0.02835,0.77305,"Python_7","Pyt_H"
"295",294,0.1812,0.0173,0.02895,0.77255,"Python_7","Pyt_H"
"296",295,0.1803,0.0182,0.029,0.7725,"Python_7","Pyt_H"
"297",296,0.1807,0.01815,0.02915,0.772,"Python_7","Pyt_H"
"298",297,0.18065,0.0186,0.0296,0.77115,"Python_7","Pyt_H"
"299",298,0.18225,0.01775,0.02995,0.77005,"Python_7","Pyt_H"
"300",299,0.1822,0.01835,0.03065,0.7688,"Python_7","Pyt_H"
"301",300,0.18135,0.01975,0.02955,0.76935,"Python_7","Pyt_H"
"302",301,0.18165,0.0196,0.02935,0.7694,"Python_7","Pyt_H"
"303",302,0.1825,0.019,0.03065,0.76785,"Python_7","Pyt_H"
"304",303,0.182,0.0193,0.03125,0.76745,"Python_7","Pyt_H"
"305",304,0.1819,0.01905,0.03175,0.7673,"Python_7","Pyt_H"
"306",305,0.1804,0.02,0.03245,0.76715,"Python_7","Pyt_H"
"307",306,0.1808,0.02115,0.03265,0.7654,"Python_7","Pyt_H"
"308",307,0.18065,0.02055,0.0341,0.7647,"Python_7","Pyt_H"
"309",308,0.18085,0.02115,0.0346,0.7634,"Python_7","Pyt_H"
"310",309,0.1807,0.021,0.0353,0.763,"Python_7","Pyt_H"
"311",310,0.18095,0.0205,0.03655,0.762,"Python_7","Pyt_H"
"312",311,0.1805,0.02045,0.0371,0.76195,"Python_7","Pyt_H"
"313",312,0.18045,0.02045,0.03775,0.76135,"Python_7","Pyt_H"
"314",313,0.1779,0.02245,0.0372,0.76245,"Python_7","Pyt_H"
"315",314,0.178,0.02295,0.0372,0.76185,"Python_7","Pyt_H"
"316",315,0.177,0.0217,0.03845,0.76285,"Python_7","Pyt_H"
"317",316,0.17715,0.0219,0.03875,0.7622,"Python_7","Pyt_H"
"318",317,0.1759,0.0225,0.03865,0.76295,"Python_7","Pyt_H"
"319",318,0.17635,0.0216,0.0392,0.76285,"Python_7","Pyt_H"
"320",319,0.17495,0.02175,0.04005,0.76325,"Python_7","Pyt_H"
"321",320,0.1737,0.02275,0.03975,0.7638,"Python_7","Pyt_H"
"322",321,0.173,0.0234,0.04005,0.76355,"Python_7","Pyt_H"
"323",322,0.17215,0.02395,0.04055,0.76335,"Python_7","Pyt_H"
"324",323,0.17155,0.0238,0.04135,0.7633,"Python_7","Pyt_H"
"325",324,0.17115,0.024,0.04075,0.7641,"Python_7","Pyt_H"
"326",325,0.17055,0.0235,0.0409,0.76505,"Python_7","Pyt_H"
"327",326,0.1696,0.02345,0.04085,0.7661,"Python_7","Pyt_H"
"328",327,0.16775,0.024,0.0407,0.76755,"Python_7","Pyt_H"
"329",328,0.1678,0.0234,0.0417,0.7671,"Python_7","Pyt_H"
"330",329,0.1669,0.0236,0.0425,0.767,"Python_7","Pyt_H"
"331",330,0.1662,0.02385,0.0423,0.76765,"Python_7","Pyt_H"
"332",331,0.165,0.0246,0.0421,0.7683,"Python_7","Pyt_H"
"333",332,0.16385,0.02465,0.0423,0.7692,"Python_7","Pyt_H"
"334",333,0.1632,0.02465,0.0429,0.76925,"Python_7","Pyt_H"
"335",334,0.1631,0.02335,0.04345,0.7701,"Python_7","Pyt_H"
"336",335,0.16145,0.0242,0.0436,0.77075,"Python_7","Pyt_H"
"337",336,0.1604,0.0247,0.04335,0.77155,"Python_7","Pyt_H"
"338",337,0.16135,0.02445,0.0436,0.7706,"Python_7","Pyt_H"
"339",338,0.16115,0.02335,0.04435,0.77115,"Python_7","Pyt_H"
"340",339,0.16065,0.0232,0.04495,0.7712,"Python_7","Pyt_H"
"341",340,0.16035,0.0228,0.04395,0.7729,"Python_7","Pyt_H"
"342",341,0.15875,0.02275,0.0437,0.7748,"Python_7","Pyt_H"
"343",342,0.15875,0.024,0.0422,0.77505,"Python_7","Pyt_H"
"344",343,0.1584,0.0237,0.0427,0.7752,"Python_7","Pyt_H"
"345",344,0.1577,0.02485,0.04275,0.7747,"Python_7","Pyt_H"
"346",345,0.1578,0.0246,0.04245,0.77515,"Python_7","Pyt_H"
"347",346,0.1582,0.0239,0.04205,0.77585,"Python_7","Pyt_H"
"348",347,0.15785,0.02295,0.0431,0.7761,"Python_7","Pyt_H"
"349",348,0.1587,0.02235,0.0435,0.77545,"Python_7","Pyt_H"
"350",349,0.15825,0.022,0.04275,0.777,"Python_7","Pyt_H"
"351",350,0.15725,0.02215,0.04305,0.77755,"Python_7","Pyt_H"
"352",351,0.1555,0.02325,0.0427,0.77855,"Python_7","Pyt_H"
"353",352,0.15485,0.0227,0.04385,0.7786,"Python_7","Pyt_H"
"354",353,0.1539,0.0227,0.04375,0.77965,"Python_7","Pyt_H"
"355",354,0.15315,0.023,0.04355,0.7803,"Python_7","Pyt_H"
"356",355,0.15275,0.02305,0.04315,0.78105,"Python_7","Pyt_H"
"357",356,0.1526,0.02235,0.04425,0.7808,"Python_7","Pyt_H"
"358",357,0.15265,0.0227,0.0436,0.78105,"Python_7","Pyt_H"
"359",358,0.1528,0.0219,0.0428,0.7825,"Python_7","Pyt_H"
"360",359,0.1514,0.02175,0.04305,0.7838,"Python_7","Pyt_H"
"361",360,0.15235,0.02035,0.0437,0.7836,"Python_7","Pyt_H"
"362",361,0.15215,0.02115,0.0427,0.784,"Python_7","Pyt_H"
"363",362,0.151,0.0222,0.0422,0.7846,"Python_7","Pyt_H"
"364",363,0.15055,0.0233,0.0417,0.78445,"Python_7","Pyt_H"
"365",364,0.1514,0.02115,0.0431,0.78435,"Python_7","Pyt_H"
"366",365,0.1499,0.02145,0.0427,0.78595,"Python_7","Pyt_H"
"367",366,0.14955,0.02175,0.0425,0.7862,"Python_7","Pyt_H"
"368",367,0.15015,0.0222,0.04195,0.7857,"Python_7","Pyt_H"
"369",368,0.1505,0.0227,0.04155,0.78525,"Python_7","Pyt_H"
"370",369,0.1516,0.02145,0.0414,0.78555,"Python_7","Pyt_H"
"371",370,0.1526,0.02045,0.0427,0.78425,"Python_7","Pyt_H"
"372",371,0.1535,0.0205,0.04235,0.78365,"Python_7","Pyt_H"
"373",372,0.1534,0.02095,0.04165,0.784,"Python_7","Pyt_H"
"374",373,0.154,0.02155,0.04085,0.7836,"Python_7","Pyt_H"
"375",374,0.1551,0.0211,0.0409,0.7829,"Python_7","Pyt_H"
"376",375,0.1544,0.0225,0.04065,0.78245,"Python_7","Pyt_H"
"377",376,0.15495,0.0226,0.04105,0.7814,"Python_7","Pyt_H"
"378",377,0.15515,0.02255,0.0421,0.7802,"Python_7","Pyt_H"
"379",378,0.15515,0.0228,0.0415,0.78055,"Python_7","Pyt_H"
"380",379,0.15605,0.0219,0.0422,0.77985,"Python_7","Pyt_H"
"381",380,0.15635,0.02185,0.04205,0.77975,"Python_7","Pyt_H"
"382",381,0.1568,0.0214,0.0418,0.78,"Python_7","Pyt_H"
"383",382,0.15585,0.02085,0.042,0.7813,"Python_7","Pyt_H"
"384",383,0.15465,0.0219,0.04255,0.7809,"Python_7","Pyt_H"
"385",384,0.1543,0.02205,0.0418,0.78185,"Python_7","Pyt_H"
"386",385,0.15385,0.0227,0.0415,0.78195,"Python_7","Pyt_H"
"387",386,0.1542,0.02205,0.0413,0.78245,"Python_7","Pyt_H"
"388",387,0.15425,0.0223,0.04105,0.7824,"Python_7","Pyt_H"
"389",388,0.1548,0.02175,0.0415,0.78195,"Python_7","Pyt_H"
"390",389,0.1554,0.02205,0.04045,0.7821,"Python_7","Pyt_H"
"391",390,0.155,0.022,0.0411,0.7819,"Python_7","Pyt_H"
"392",391,0.15545,0.02165,0.04115,0.78175,"Python_7","Pyt_H"
"393",392,0.1558,0.02195,0.04065,0.7816,"Python_7","Pyt_H"
"394",393,0.15535,0.02255,0.0409,0.7812,"Python_7","Pyt_H"
"395",394,0.15535,0.02235,0.0401,0.7822,"Python_7","Pyt_H"
"396",395,0.1551,0.02205,0.0396,0.78325,"Python_7","Pyt_H"
"397",396,0.15505,0.02185,0.03985,0.78325,"Python_7","Pyt_H"
"398",397,0.1546,0.02125,0.04125,0.7829,"Python_7","Pyt_H"
"399",398,0.1546,0.0216,0.0399,0.7839,"Python_7","Pyt_H"
"400",399,0.1557,0.0204,0.04035,0.78355,"Python_7","Pyt_H"
"401",400,0.1569,0.01895,0.0405,0.78365,"Python_7","Pyt_H"
"402",401,0.15775,0.01945,0.03965,0.78315,"Python_7","Pyt_H"
"403",402,0.15755,0.02005,0.03885,0.78355,"Python_7","Pyt_H"
"404",403,0.1572,0.02105,0.03885,0.7829,"Python_7","Pyt_H"
"405",404,0.15755,0.0213,0.03805,0.7831,"Python_7","Pyt_H"
"406",405,0.15785,0.02055,0.03845,0.78315,"Python_7","Pyt_H"
"407",406,0.15865,0.02015,0.0386,0.7826,"Python_7","Pyt_H"
"408",407,0.1587,0.02105,0.0385,0.78175,"Python_7","Pyt_H"
"409",408,0.15945,0.02095,0.0389,0.7807,"Python_7","Pyt_H"
"410",409,0.1595,0.0213,0.03845,0.78075,"Python_7","Pyt_H"
"411",410,0.1591,0.02075,0.039,0.78115,"Python_7","Pyt_H"
"412",411,0.15935,0.0212,0.0393,0.78015,"Python_7","Pyt_H"
"413",412,0.1609,0.02055,0.0394,0.77915,"Python_7","Pyt_H"
"414",413,0.1609,0.0207,0.0392,0.7792,"Python_7","Pyt_H"
"415",414,0.161,0.0205,0.03945,0.77905,"Python_7","Pyt_H"
"416",415,0.15995,0.0219,0.0387,0.77945,"Python_7","Pyt_H"
"417",416,0.15965,0.0221,0.0387,0.77955,"Python_7","Pyt_H"
"418",417,0.1593,0.022,0.03845,0.78025,"Python_7","Pyt_H"
"419",418,0.15845,0.02245,0.03825,0.78085,"Python_7","Pyt_H"
"420",419,0.1593,0.0209,0.03885,0.78095,"Python_7","Pyt_H"
"421",420,0.15995,0.02215,0.03785,0.78005,"Python_7","Pyt_H"
"422",421,0.16055,0.02145,0.0382,0.7798,"Python_7","Pyt_H"
"423",422,0.1596,0.02065,0.03925,0.7805,"Python_7","Pyt_H"
"424",423,0.1602,0.0207,0.03905,0.78005,"Python_7","Pyt_H"
"425",424,0.1611,0.021,0.03825,0.77965,"Python_7","Pyt_H"
"426",425,0.161,0.0207,0.03895,0.77935,"Python_7","Pyt_H"
"427",426,0.1605,0.01985,0.0401,0.77955,"Python_7","Pyt_H"
"428",427,0.15985,0.0214,0.0387,0.78005,"Python_7","Pyt_H"
"429",428,0.1603,0.02195,0.03935,0.7784,"Python_7","Pyt_H"
"430",429,0.1593,0.02245,0.0396,0.77865,"Python_7","Pyt_H"
"431",430,0.15975,0.02115,0.04095,0.77815,"Python_7","Pyt_H"
"432",431,0.15925,0.0224,0.04025,0.7781,"Python_7","Pyt_H"
"433",432,0.1591,0.022,0.0396,0.7793,"Python_7","Pyt_H"
"434",433,0.1597,0.022,0.0394,0.7789,"Python_7","Pyt_H"
"435",434,0.15955,0.02085,0.0396,0.78,"Python_7","Pyt_H"
"436",435,0.15935,0.02105,0.0393,0.7803,"Python_7","Pyt_H"
"437",436,0.16065,0.0202,0.039,0.78015,"Python_7","Pyt_H"
"438",437,0.1611,0.01935,0.03805,0.7815,"Python_7","Pyt_H"
"439",438,0.16025,0.01895,0.03905,0.78175,"Python_7","Pyt_H"
"440",439,0.16055,0.0189,0.03905,0.7815,"Python_7","Pyt_H"
"441",440,0.16235,0.0191,0.03745,0.7811,"Python_7","Pyt_H"
"442",441,0.1619,0.0191,0.03735,0.78165,"Python_7","Pyt_H"
"443",442,0.1615,0.02025,0.03635,0.7819,"Python_7","Pyt_H"
"444",443,0.16285,0.0197,0.03635,0.7811,"Python_7","Pyt_H"
"445",444,0.16225,0.0196,0.0365,0.78165,"Python_7","Pyt_H"
"446",445,0.16215,0.02,0.0368,0.78105,"Python_7","Pyt_H"
"447",446,0.16215,0.01975,0.0371,0.781,"Python_7","Pyt_H"
"448",447,0.1627,0.0183,0.03775,0.78125,"Python_7","Pyt_H"
"449",448,0.16235,0.01885,0.0372,0.7816,"Python_7","Pyt_H"
"450",449,0.1634,0.01915,0.03745,0.78,"Python_7","Pyt_H"
"451",450,0.1641,0.01995,0.0373,0.77865,"Python_7","Pyt_H"
"452",451,0.1632,0.02085,0.0365,0.77945,"Python_7","Pyt_H"
"453",452,0.16395,0.0199,0.03685,0.7793,"Python_7","Pyt_H"
"454",453,0.16445,0.0204,0.03675,0.7784,"Python_7","Pyt_H"
"455",454,0.1642,0.02085,0.0362,0.77875,"Python_7","Pyt_H"
"456",455,0.16355,0.0209,0.0373,0.77825,"Python_7","Pyt_H"
"457",456,0.1653,0.0211,0.03685,0.77675,"Python_7","Pyt_H"
"458",457,0.16435,0.02085,0.0374,0.7774,"Python_7","Pyt_H"
"459",458,0.1638,0.0211,0.03785,0.77725,"Python_7","Pyt_H"
"460",459,0.1634,0.02115,0.03855,0.7769,"Python_7","Pyt_H"
"461",460,0.1642,0.0205,0.0391,0.7762,"Python_7","Pyt_H"
"462",461,0.16345,0.02155,0.0392,0.7758,"Python_7","Pyt_H"
"463",462,0.1633,0.0215,0.03875,0.77645,"Python_7","Pyt_H"
"464",463,0.1635,0.0223,0.03875,0.77545,"Python_7","Pyt_H"
"465",464,0.16265,0.02375,0.03835,0.77525,"Python_7","Pyt_H"
"466",465,0.16195,0.02305,0.03975,0.77525,"Python_7","Pyt_H"
"467",466,0.1612,0.02235,0.0409,0.77555,"Python_7","Pyt_H"
"468",467,0.1602,0.0222,0.0417,0.7759,"Python_7","Pyt_H"
"469",468,0.1604,0.0216,0.04235,0.77565,"Python_7","Pyt_H"
"470",469,0.1591,0.02185,0.04165,0.7774,"Python_7","Pyt_H"
"471",470,0.158,0.02175,0.0413,0.77895,"Python_7","Pyt_H"
"472",471,0.15755,0.0219,0.0412,0.77935,"Python_7","Pyt_H"
"473",472,0.1571,0.0222,0.04005,0.78065,"Python_7","Pyt_H"
"474",473,0.1575,0.0206,0.0404,0.7815,"Python_7","Pyt_H"
"475",474,0.15785,0.02105,0.03925,0.78185,"Python_7","Pyt_H"
"476",475,0.1581,0.021,0.03885,0.78205,"Python_7","Pyt_H"
"477",476,0.15775,0.0216,0.0387,0.78195,"Python_7","Pyt_H"
"478",477,0.1578,0.021,0.0382,0.783,"Python_7","Pyt_H"
"479",478,0.1567,0.0207,0.0392,0.7834,"Python_7","Pyt_H"
"480",479,0.157,0.02135,0.03865,0.783,"Python_7","Pyt_H"
"481",480,0.15675,0.0213,0.0396,0.78235,"Python_7","Pyt_H"
"482",481,0.1577,0.02175,0.03925,0.7813,"Python_7","Pyt_H"
"483",482,0.1578,0.0226,0.03915,0.78045,"Python_7","Pyt_H"
"484",483,0.157,0.0226,0.03895,0.78145,"Python_7","Pyt_H"
"485",484,0.1579,0.0221,0.03855,0.78145,"Python_7","Pyt_H"
"486",485,0.15825,0.02135,0.0394,0.781,"Python_7","Pyt_H"
"487",486,0.1585,0.0201,0.0398,0.7816,"Python_7","Pyt_H"
"488",487,0.1581,0.0211,0.0396,0.7812,"Python_7","Pyt_H"
"489",488,0.1586,0.02105,0.039,0.78135,"Python_7","Pyt_H"
"490",489,0.15915,0.022,0.0375,0.78135,"Python_7","Pyt_H"
"491",490,0.1592,0.02135,0.03765,0.7818,"Python_7","Pyt_H"
"492",491,0.16005,0.0197,0.0385,0.78175,"Python_7","Pyt_H"
"493",492,0.1609,0.01965,0.0393,0.78015,"Python_7","Pyt_H"
"494",493,0.16025,0.0208,0.038,0.78095,"Python_7","Pyt_H"
"495",494,0.16125,0.02125,0.0378,0.7797,"Python_7","Pyt_H"
"496",495,0.16165,0.021,0.0385,0.77885,"Python_7","Pyt_H"
"497",496,0.1611,0.0216,0.03825,0.77905,"Python_7","Pyt_H"
"498",497,0.1605,0.0226,0.0387,0.7782,"Python_7","Pyt_H"
"499",498,0.15955,0.0239,0.0383,0.77825,"Python_7","Pyt_H"
"500",499,0.15975,0.02395,0.03915,0.77715,"Python_7","Pyt_H"
"501",500,0.15965,0.02305,0.04035,0.77695,"Python_7","Pyt_H"
"502",501,0.1589,0.02295,0.04145,0.7767,"Python_7","Pyt_H"
"503",502,0.15795,0.0234,0.0414,0.77725,"Python_7","Pyt_H"
"504",503,0.1581,0.0227,0.04175,0.77745,"Python_7","Pyt_H"
"505",504,0.1585,0.02235,0.0422,0.77695,"Python_7","Pyt_H"
"506",505,0.15885,0.02265,0.04085,0.77765,"Python_7","Pyt_H"
"507",506,0.1585,0.02175,0.04185,0.7779,"Python_7","Pyt_H"
"508",507,0.158,0.02215,0.0408,0.77905,"Python_7","Pyt_H"
"509",508,0.157,0.02045,0.04215,0.7804,"Python_7","Pyt_H"
"510",509,0.1571,0.0201,0.0433,0.7795,"Python_7","Pyt_H"
"511",510,0.1563,0.0211,0.0434,0.7792,"Python_7","Pyt_H"
"512",511,0.15615,0.0218,0.04285,0.7792,"Python_7","Pyt_H"
"513",512,0.1557,0.0224,0.042,0.7799,"Python_7","Pyt_H"
"514",513,0.156,0.0217,0.04135,0.78095,"Python_7","Pyt_H"
"515",514,0.1567,0.02215,0.0409,0.78025,"Python_7","Pyt_H"
"516",515,0.15665,0.02165,0.0413,0.7804,"Python_7","Pyt_H"
"517",516,0.15705,0.0217,0.0413,0.77995,"Python_7","Pyt_H"
"518",517,0.15635,0.0223,0.04125,0.7801,"Python_7","Pyt_H"
"519",518,0.1553,0.0232,0.0403,0.7812,"Python_7","Pyt_H"
"520",519,0.15595,0.0225,0.0398,0.78175,"Python_7","Pyt_H"
"521",520,0.1567,0.0225,0.0402,0.7806,"Python_7","Pyt_H"
"522",521,0.1567,0.02185,0.0409,0.78055,"Python_7","Pyt_H"
"523",522,0.1569,0.0215,0.03965,0.78195,"Python_7","Pyt_H"
"524",523,0.158,0.02095,0.03985,0.7812,"Python_7","Pyt_H"
"525",524,0.15785,0.0212,0.03975,0.7812,"Python_7","Pyt_H"
"526",525,0.1589,0.02095,0.039,0.78115,"Python_7","Pyt_H"
"527",526,0.15935,0.02095,0.03815,0.78155,"Python_7","Pyt_H"
"528",527,0.1594,0.02135,0.03785,0.7814,"Python_7","Pyt_H"
"529",528,0.16045,0.0209,0.0377,0.78095,"Python_7","Pyt_H"
"530",529,0.16115,0.02185,0.03715,0.77985,"Python_7","Pyt_H"
"531",530,0.16185,0.0218,0.0376,0.77875,"Python_7","Pyt_H"
"532",531,0.16245,0.0212,0.0381,0.77825,"Python_7","Pyt_H"
"533",532,0.16255,0.0218,0.0385,0.77715,"Python_7","Pyt_H"
"534",533,0.16225,0.0219,0.03985,0.776,"Python_7","Pyt_H"
"535",534,0.1632,0.0219,0.04055,0.77435,"Python_7","Pyt_H"
"536",535,0.1634,0.0213,0.0413,0.774,"Python_7","Pyt_H"
"537",536,0.16225,0.0221,0.04115,0.7745,"Python_7","Pyt_H"
"538",537,0.16175,0.0221,0.04135,0.7748,"Python_7","Pyt_H"
"539",538,0.1608,0.02235,0.0413,0.77555,"Python_7","Pyt_H"
"540",539,0.16085,0.0215,0.0409,0.77675,"Python_7","Pyt_H"
"541",540,0.1602,0.0218,0.04135,0.77665,"Python_7","Pyt_H"
"542",541,0.1605,0.0221,0.0413,0.7761,"Python_7","Pyt_H"
"543",542,0.16135,0.0212,0.042,0.77545,"Python_7","Pyt_H"
"544",543,0.1599,0.0217,0.0416,0.7768,"Python_7","Pyt_H"
"545",544,0.16115,0.0214,0.042,0.77545,"Python_7","Pyt_H"
"546",545,0.16105,0.022,0.0417,0.77525,"Python_7","Pyt_H"
"547",546,0.1614,0.02155,0.04125,0.7758,"Python_7","Pyt_H"
"548",547,0.1621,0.0211,0.04115,0.77565,"Python_7","Pyt_H"
"549",548,0.16215,0.0214,0.04085,0.7756,"Python_7","Pyt_H"
"550",549,0.1633,0.0206,0.0401,0.776,"Python_7","Pyt_H"
"551",550,0.16285,0.02135,0.0397,0.7761,"Python_7","Pyt_H"
"552",551,0.1627,0.0228,0.03825,0.77625,"Python_7","Pyt_H"
"553",552,0.1622,0.02305,0.03825,0.7765,"Python_7","Pyt_H"
"554",553,0.16175,0.0235,0.03845,0.7763,"Python_7","Pyt_H"
"555",554,0.16175,0.02255,0.03965,0.77605,"Python_7","Pyt_H"
"556",555,0.16205,0.0222,0.04155,0.7742,"Python_7","Pyt_H"
"557",556,0.16175,0.02185,0.0419,0.7745,"Python_7","Pyt_H"
"558",557,0.16145,0.02205,0.04205,0.77445,"Python_7","Pyt_H"
"559",558,0.16075,0.02395,0.03965,0.77565,"Python_7","Pyt_H"
"560",559,0.16045,0.0229,0.04055,0.7761,"Python_7","Pyt_H"
"561",560,0.15975,0.0229,0.04185,0.7755,"Python_7","Pyt_H"
"562",561,0.1602,0.02295,0.04085,0.776,"Python_7","Pyt_H"
"563",562,0.1601,0.023,0.0413,0.7756,"Python_7","Pyt_H"
"564",563,0.1604,0.02345,0.0412,0.77495,"Python_7","Pyt_H"
"565",564,0.1594,0.02305,0.0425,0.77505,"Python_7","Pyt_H"
"566",565,0.1593,0.02275,0.0441,0.77385,"Python_7","Pyt_H"
"567",566,0.15835,0.02375,0.04375,0.77415,"Python_7","Pyt_H"
"568",567,0.15875,0.02385,0.04355,0.77385,"Python_7","Pyt_H"
"569",568,0.1586,0.0236,0.04295,0.77485,"Python_7","Pyt_H"
"570",569,0.1579,0.02375,0.0427,0.77565,"Python_7","Pyt_H"
"571",570,0.15795,0.0242,0.0425,0.77535,"Python_7","Pyt_H"
"572",571,0.1584,0.0246,0.04295,0.77405,"Python_7","Pyt_H"
"573",572,0.1588,0.02395,0.0435,0.77375,"Python_7","Pyt_H"
"574",573,0.1588,0.023,0.043,0.7752,"Python_7","Pyt_H"
"575",574,0.1589,0.0229,0.04275,0.77545,"Python_7","Pyt_H"
"576",575,0.15915,0.02325,0.04115,0.77645,"Python_7","Pyt_H"
"577",576,0.15825,0.02325,0.0424,0.7761,"Python_7","Pyt_H"
"578",577,0.15825,0.02365,0.0423,0.7758,"Python_7","Pyt_H"
"579",578,0.1585,0.0227,0.0427,0.7761,"Python_7","Pyt_H"
"580",579,0.15805,0.0235,0.0411,0.77735,"Python_7","Pyt_H"
"581",580,0.15775,0.02345,0.0414,0.7774,"Python_7","Pyt_H"
"582",581,0.15785,0.0236,0.0409,0.77765,"Python_7","Pyt_H"
"583",582,0.1574,0.02295,0.04165,0.778,"Python_7","Pyt_H"
"584",583,0.15825,0.02205,0.04155,0.77815,"Python_7","Pyt_H"
"585",584,0.15805,0.0216,0.04205,0.7783,"Python_7","Pyt_H"
"586",585,0.15695,0.02265,0.04195,0.77845,"Python_7","Pyt_H"
"587",586,0.1584,0.0226,0.041,0.778,"Python_7","Pyt_H"
"588",587,0.15795,0.02265,0.0422,0.7772,"Python_7","Pyt_H"
"589",588,0.1583,0.0234,0.04185,0.77645,"Python_7","Pyt_H"
"590",589,0.1592,0.02345,0.041,0.77635,"Python_7","Pyt_H"
"591",590,0.15865,0.02305,0.04165,0.77665,"Python_7","Pyt_H"
"592",591,0.15935,0.0228,0.04155,0.7763,"Python_7","Pyt_H"
"593",592,0.16,0.0215,0.0427,0.7758,"Python_7","Pyt_H"
"594",593,0.15905,0.02235,0.04275,0.77585,"Python_7","Pyt_H"
"595",594,0.1589,0.02235,0.0426,0.77615,"Python_7","Pyt_H"
"596",595,0.1581,0.023,0.0431,0.7758,"Python_7","Pyt_H"
"597",596,0.15745,0.02285,0.0429,0.7768,"Python_7","Pyt_H"
"598",597,0.1568,0.02395,0.04275,0.7765,"Python_7","Pyt_H"
"599",598,0.1569,0.0238,0.04235,0.77695,"Python_7","Pyt_H"
"600",599,0.1569,0.02355,0.04235,0.7772,"Python_7","Pyt_H"
"601",600,0.15615,0.02515,0.04195,0.77675,"Python_7","Pyt_H"
"602",601,0.1567,0.02425,0.0416,0.77745,"Python_7","Pyt_H"
"603",602,0.15705,0.02395,0.0422,0.7768,"Python_7","Pyt_H"
"604",603,0.1572,0.0237,0.04295,0.77615,"Python_7","Pyt_H"
"605",604,0.15665,0.0235,0.0433,0.77655,"Python_7","Pyt_H"
"606",605,0.1566,0.02375,0.042,0.77765,"Python_7","Pyt_H"
"607",606,0.1561,0.0238,0.04195,0.77815,"Python_7","Pyt_H"
"608",607,0.15785,0.02325,0.04195,0.77695,"Python_7","Pyt_H"
"609",608,0.1589,0.0232,0.0414,0.7765,"Python_7","Pyt_H"
"610",609,0.15875,0.0228,0.0419,0.77655,"Python_7","Pyt_H"
"611",610,0.15935,0.0215,0.04335,0.7758,"Python_7","Pyt_H"
"612",611,0.15805,0.0232,0.04195,0.7768,"Python_7","Pyt_H"
"613",612,0.15825,0.02285,0.04255,0.77635,"Python_7","Pyt_H"
"614",613,0.15715,0.023,0.04205,0.7778,"Python_7","Pyt_H"
"615",614,0.15755,0.02235,0.04165,0.77845,"Python_7","Pyt_H"
"616",615,0.15725,0.02235,0.0415,0.7789,"Python_7","Pyt_H"
"617",616,0.1582,0.0223,0.0424,0.7771,"Python_7","Pyt_H"
"618",617,0.15805,0.0224,0.042,0.77755,"Python_7","Pyt_H"
"619",618,0.15835,0.02135,0.041,0.7793,"Python_7","Pyt_H"
"620",619,0.15885,0.02165,0.0402,0.7793,"Python_7","Pyt_H"
"621",620,0.15885,0.0213,0.04055,0.7793,"Python_7","Pyt_H"
"622",621,0.16,0.0207,0.04085,0.77845,"Python_7","Pyt_H"
"623",622,0.1605,0.02185,0.04035,0.7773,"Python_7","Pyt_H"
"624",623,0.1601,0.02165,0.0411,0.77715,"Python_7","Pyt_H"
"625",624,0.15905,0.02285,0.04035,0.77775,"Python_7","Pyt_H"
"626",625,0.1597,0.02245,0.04085,0.777,"Python_7","Pyt_H"
"627",626,0.1585,0.02325,0.0407,0.77755,"Python_7","Pyt_H"
"628",627,0.15805,0.02265,0.0411,0.7782,"Python_7","Pyt_H"
"629",628,0.15775,0.02175,0.04205,0.77845,"Python_7","Pyt_H"
"630",629,0.15765,0.02245,0.04135,0.77855,"Python_7","Pyt_H"
"631",630,0.1588,0.0219,0.04255,0.77675,"Python_7","Pyt_H"
"632",631,0.15695,0.02285,0.0421,0.7781,"Python_7","Pyt_H"
"633",632,0.15635,0.0234,0.04225,0.778,"Python_7","Pyt_H"
"634",633,0.15725,0.02205,0.04225,0.77845,"Python_7","Pyt_H"
"635",634,0.15625,0.02175,0.04265,0.77935,"Python_7","Pyt_H"
"636",635,0.15685,0.0225,0.0421,0.77855,"Python_7","Pyt_H"
"637",636,0.156,0.02235,0.0427,0.77895,"Python_7","Pyt_H"
"638",637,0.1561,0.02195,0.04315,0.7788,"Python_7","Pyt_H"
"639",638,0.1569,0.02145,0.04305,0.7786,"Python_7","Pyt_H"
"640",639,0.15565,0.02195,0.04295,0.77945,"Python_7","Pyt_H"
"641",640,0.1567,0.02195,0.04245,0.7789,"Python_7","Pyt_H"
"642",641,0.15565,0.02265,0.0425,0.7792,"Python_7","Pyt_H"
"643",642,0.15715,0.022,0.0429,0.77795,"Python_7","Pyt_H"
"644",643,0.15765,0.0218,0.04245,0.7781,"Python_7","Pyt_H"
"645",644,0.15745,0.0218,0.0427,0.77805,"Python_7","Pyt_H"
"646",645,0.15845,0.02095,0.0428,0.7778,"Python_7","Pyt_H"
"647",646,0.15965,0.02065,0.0418,0.7779,"Python_7","Pyt_H"
"648",647,0.1585,0.0208,0.0415,0.7792,"Python_7","Pyt_H"
"649",648,0.158,0.02185,0.04065,0.7795,"Python_7","Pyt_H"
"650",649,0.1577,0.022,0.04075,0.77955,"Python_7","Pyt_H"
"651",650,0.1562,0.0223,0.041,0.7805,"Python_7","Pyt_H"
"652",651,0.15675,0.022,0.04145,0.7798,"Python_7","Pyt_H"
"653",652,0.15545,0.02225,0.0423,0.78,"Python_7","Pyt_H"
"654",653,0.15485,0.02245,0.0424,0.7803,"Python_7","Pyt_H"
"655",654,0.1545,0.0228,0.0418,0.7809,"Python_7","Pyt_H"
"656",655,0.1539,0.0229,0.0415,0.7817,"Python_7","Pyt_H"
"657",656,0.1552,0.0216,0.04125,0.78195,"Python_7","Pyt_H"
"658",657,0.15655,0.0203,0.04165,0.7815,"Python_7","Pyt_H"
"659",658,0.1569,0.02015,0.04045,0.7825,"Python_7","Pyt_H"
"660",659,0.1565,0.0205,0.0404,0.7826,"Python_7","Pyt_H"
"661",660,0.1573,0.02135,0.03955,0.7818,"Python_7","Pyt_H"
"662",661,0.15805,0.0206,0.03965,0.7817,"Python_7","Pyt_H"
"663",662,0.15805,0.02055,0.0401,0.7813,"Python_7","Pyt_H"
"664",663,0.15915,0.02015,0.03925,0.78145,"Python_7","Pyt_H"
"665",664,0.15935,0.02035,0.03955,0.78075,"Python_7","Pyt_H"
"666",665,0.16045,0.0206,0.0393,0.77965,"Python_7","Pyt_H"
"667",666,0.16165,0.0197,0.03895,0.7797,"Python_7","Pyt_H"
"668",667,0.1622,0.0203,0.0385,0.779,"Python_7","Pyt_H"
"669",668,0.16175,0.02115,0.03855,0.77855,"Python_7","Pyt_H"
"670",669,0.16195,0.0207,0.0388,0.77855,"Python_7","Pyt_H"
"671",670,0.16235,0.02105,0.03905,0.77755,"Python_7","Pyt_H"
