"","step","S","E","I","R","simu","Langage"
"1",0,0.999,0,0.001,0,"Python_28","Pyt_H"
"2",1,0.9984,6e-04,0.001,0,"Python_28","Pyt_H"
"3",2,0.99775,0.00125,0.00085,0.00015,"Python_28","Pyt_H"
"4",3,0.9972,0.00175,0.00075,3e-04,"Python_28","Pyt_H"
"5",4,0.99665,0.00195,0.00105,0.00035,"Python_28","Pyt_H"
"6",5,0.99535,0.0029,0.0013,0.00045,"Python_28","Pyt_H"
"7",6,0.99465,0.0033,0.00145,6e-04,"Python_28","Pyt_H"
"8",7,0.9938,0.0035,0.0019,8e-04,"Python_28","Pyt_H"
"9",8,0.99195,0.0045,0.00255,0.001,"Python_28","Pyt_H"
"10",9,0.9897,0.00615,0.0029,0.00125,"Python_28","Pyt_H"
"11",10,0.9878,0.0071,0.00315,0.00195,"Python_28","Pyt_H"
"12",11,0.98485,0.00865,0.00415,0.00235,"Python_28","Pyt_H"
"13",12,0.98105,0.0108,0.0052,0.00295,"Python_28","Pyt_H"
"14",13,0.97675,0.0136,0.00625,0.0034,"Python_28","Pyt_H"
"15",14,0.97095,0.0165,0.00845,0.0041,"Python_28","Pyt_H"
"16",15,0.9642,0.0203,0.0104,0.0051,"Python_28","Pyt_H"
"17",16,0.95485,0.02545,0.0137,0.006,"Python_28","Pyt_H"
"18",17,0.9426,0.03265,0.01745,0.0073,"Python_28","Pyt_H"
"19",18,0.9296,0.0404,0.0207,0.0093,"Python_28","Pyt_H"
"20",19,0.912,0.0494,0.0271,0.0115,"Python_28","Pyt_H"
"21",20,0.89135,0.0608,0.0338,0.01405,"Python_28","Pyt_H"
"22",21,0.86425,0.0759,0.04285,0.017,"Python_28","Pyt_H"
"23",22,0.8341,0.0924,0.05265,0.02085,"Python_28","Pyt_H"
"24",23,0.7973,0.11095,0.06555,0.0262,"Python_28","Pyt_H"
"25",24,0.7516,0.13455,0.0813,0.03255,"Python_28","Pyt_H"
"26",25,0.6992,0.1618,0.09915,0.03985,"Python_28","Pyt_H"
"27",26,0.63925,0.1914,0.1194,0.04995,"Python_28","Pyt_H"
"28",27,0.5775,0.2165,0.1445,0.0615,"Python_28","Pyt_H"
"29",28,0.5101,0.2414,0.1721,0.0764,"Python_28","Pyt_H"
"30",29,0.43805,0.2624,0.207,0.09255,"Python_28","Pyt_H"
"31",30,0.37035,0.2756,0.24065,0.1134,"Python_28","Pyt_H"
"32",31,0.30145,0.2834,0.27575,0.1394,"Python_28","Pyt_H"
"33",32,0.2399,0.28225,0.30965,0.1682,"Python_28","Pyt_H"
"34",33,0.18245,0.2771,0.3374,0.20305,"Python_28","Pyt_H"
"35",34,0.13895,0.2592,0.36125,0.2406,"Python_28","Pyt_H"
"36",35,0.10505,0.23255,0.3822,0.2802,"Python_28","Pyt_H"
"37",36,0.07855,0.20575,0.39245,0.32325,"Python_28","Pyt_H"
"38",37,0.05785,0.17755,0.3997,0.3649,"Python_28","Pyt_H"
"39",38,0.04335,0.1471,0.4009,0.40865,"Python_28","Pyt_H"
"40",39,0.03365,0.12125,0.38965,0.45545,"Python_28","Pyt_H"
"41",40,0.0251,0.09775,0.3777,0.49945,"Python_28","Pyt_H"
"42",41,0.0197,0.07695,0.35865,0.5447,"Python_28","Pyt_H"
"43",42,0.01705,0.06115,0.33485,0.58695,"Python_28","Pyt_H"
"44",43,0.01575,0.0475,0.3094,0.62735,"Python_28","Pyt_H"
"45",44,0.0148,0.0379,0.28385,0.66345,"Python_28","Pyt_H"
"46",45,0.01425,0.0315,0.2565,0.69775,"Python_28","Pyt_H"
"47",46,0.01345,0.0251,0.233,0.72845,"Python_28","Pyt_H"
"48",47,0.01415,0.02065,0.20915,0.75605,"Python_28","Pyt_H"
"49",48,0.0145,0.01685,0.18585,0.7828,"Python_28","Pyt_H"
"50",49,0.0159,0.01405,0.1657,0.80435,"Python_28","Pyt_H"
"51",50,0.0163,0.01175,0.14755,0.8244,"Python_28","Pyt_H"
"52",51,0.01755,0.01015,0.13115,0.84115,"Python_28","Pyt_H"
"53",52,0.01795,0.00925,0.1164,0.8564,"Python_28","Pyt_H"
"54",53,0.01965,0.00845,0.10345,0.86845,"Python_28","Pyt_H"
"55",54,0.02145,0.00695,0.09115,0.88045,"Python_28","Pyt_H"
"56",55,0.02375,0.00625,0.08155,0.88845,"Python_28","Pyt_H"
"57",56,0.0251,0.0063,0.07165,0.89695,"Python_28","Pyt_H"
"58",57,0.02705,0.00585,0.0624,0.9047,"Python_28","Pyt_H"
"59",58,0.02885,0.0054,0.05555,0.9102,"Python_28","Pyt_H"
"60",59,0.0312,0.00505,0.04815,0.9156,"Python_28","Pyt_H"
"61",60,0.0331,0.00495,0.04265,0.9193,"Python_28","Pyt_H"
"62",61,0.03515,0.00455,0.03735,0.92295,"Python_28","Pyt_H"
"63",62,0.03715,0.00475,0.0329,0.9252,"Python_28","Pyt_H"
"64",63,0.03985,0.004,0.02955,0.9266,"Python_28","Pyt_H"
"65",64,0.04175,0.0036,0.02695,0.9277,"Python_28","Pyt_H"
"66",65,0.0437,0.00435,0.0232,0.92875,"Python_28","Pyt_H"
"67",66,0.0469,0.0039,0.0212,0.928,"Python_28","Pyt_H"
"68",67,0.04955,0.0033,0.01935,0.9278,"Python_28","Pyt_H"
"69",68,0.05125,0.00365,0.01715,0.92795,"Python_28","Pyt_H"
"70",69,0.0538,0.0036,0.0146,0.928,"Python_28","Pyt_H"
"71",70,0.0565,0.0032,0.01325,0.92705,"Python_28","Pyt_H"
"72",71,0.0594,0.0025,0.01315,0.92495,"Python_28","Pyt_H"
"73",72,0.0631,0.0025,0.0116,0.9228,"Python_28","Pyt_H"
"74",73,0.06575,0.0023,0.0106,0.92135,"Python_28","Pyt_H"
"75",74,0.0693,0.0019,0.00945,0.91935,"Python_28","Pyt_H"
"76",75,0.07245,0.00165,0.0087,0.9172,"Python_28","Pyt_H"
"77",76,0.0754,0.00155,0.0077,0.91535,"Python_28","Pyt_H"
"78",77,0.0784,0.0018,0.00645,0.91335,"Python_28","Pyt_H"
"79",78,0.08125,0.0019,0.0061,0.91075,"Python_28","Pyt_H"
"80",79,0.0844,0.00185,0.00575,0.908,"Python_28","Pyt_H"
"81",80,0.08695,0.00165,0.00545,0.90595,"Python_28","Pyt_H"
"82",81,0.0893,0.00155,0.0052,0.90395,"Python_28","Pyt_H"
"83",82,0.0923,0.0015,0.00505,0.90115,"Python_28","Pyt_H"
"84",83,0.09505,0.0016,0.0048,0.89855,"Python_28","Pyt_H"
"85",84,0.09745,0.0016,0.0045,0.89645,"Python_28","Pyt_H"
"86",85,0.1001,0.00175,0.00405,0.8941,"Python_28","Pyt_H"
"87",86,0.10295,0.00165,0.0039,0.8915,"Python_28","Pyt_H"
"88",87,0.1057,0.0014,0.0038,0.8891,"Python_28","Pyt_H"
"89",88,0.1084,0.00125,0.0038,0.88655,"Python_28","Pyt_H"
"90",89,0.1107,0.00135,0.0035,0.88445,"Python_28","Pyt_H"
"91",90,0.1134,0.0015,0.0035,0.8816,"Python_28","Pyt_H"
"92",91,0.1156,0.0016,0.00305,0.87975,"Python_28","Pyt_H"
"93",92,0.11845,0.00155,0.00285,0.87715,"Python_28","Pyt_H"
"94",93,0.1215,0.00135,0.00265,0.8745,"Python_28","Pyt_H"
"95",94,0.12485,0.0011,0.0025,0.87155,"Python_28","Pyt_H"
"96",95,0.1267,0.00135,0.00255,0.8694,"Python_28","Pyt_H"
"97",96,0.12865,0.00145,0.0024,0.8675,"Python_28","Pyt_H"
"98",97,0.131,0.00105,0.00245,0.8655,"Python_28","Pyt_H"
"99",98,0.1343,0.0012,0.00255,0.86195,"Python_28","Pyt_H"
"100",99,0.1375,0.00125,0.0023,0.85895,"Python_28","Pyt_H"
"101",100,0.13955,0.00095,0.00245,0.85705,"Python_28","Pyt_H"
"102",101,0.14195,0.00075,0.00275,0.85455,"Python_28","Pyt_H"
"103",102,0.14515,0.00075,0.0026,0.8515,"Python_28","Pyt_H"
"104",103,0.1471,0.001,0.0023,0.8496,"Python_28","Pyt_H"
"105",104,0.1494,0.00085,0.00245,0.8473,"Python_28","Pyt_H"
"106",105,0.15205,0.00065,0.0026,0.8447,"Python_28","Pyt_H"
"107",106,0.1537,0.0011,0.0024,0.8428,"Python_28","Pyt_H"
"108",107,0.15605,0.00105,0.0022,0.8407,"Python_28","Pyt_H"
"109",108,0.15865,0.00105,0.00205,0.83825,"Python_28","Pyt_H"
"110",109,0.1614,0.0011,0.0019,0.8356,"Python_28","Pyt_H"
"111",110,0.1627,0.0011,0.002,0.8342,"Python_28","Pyt_H"
"112",111,0.1649,0.00125,0.00215,0.8317,"Python_28","Pyt_H"
"113",112,0.1671,0.00135,0.00215,0.8294,"Python_28","Pyt_H"
"114",113,0.16925,0.0013,0.00225,0.8272,"Python_28","Pyt_H"
"115",114,0.1716,0.00125,0.00235,0.8248,"Python_28","Pyt_H"
"116",115,0.1739,0.0014,0.0023,0.8224,"Python_28","Pyt_H"
"117",116,0.17685,0.00115,0.0025,0.8195,"Python_28","Pyt_H"
"118",117,0.17875,0.00125,0.00255,0.81745,"Python_28","Pyt_H"
"119",118,0.1807,0.00155,0.0025,0.81525,"Python_28","Pyt_H"
"120",119,0.1828,0.0015,0.0024,0.8133,"Python_28","Pyt_H"
"121",120,0.1849,0.0014,0.00245,0.81125,"Python_28","Pyt_H"
"122",121,0.1866,0.00155,0.00245,0.8094,"Python_28","Pyt_H"
"123",122,0.1883,0.00205,0.00225,0.8074,"Python_28","Pyt_H"
"124",123,0.19035,0.00185,0.0023,0.8055,"Python_28","Pyt_H"
"125",124,0.19225,0.00145,0.0029,0.8034,"Python_28","Pyt_H"
"126",125,0.19455,0.00145,0.00295,0.80105,"Python_28","Pyt_H"
"127",126,0.19615,0.0016,0.0031,0.79915,"Python_28","Pyt_H"
"128",127,0.19805,0.0018,0.00305,0.7971,"Python_28","Pyt_H"
"129",128,0.1994,0.00195,0.003,0.79565,"Python_28","Pyt_H"
"130",129,0.2015,0.00195,0.00315,0.7934,"Python_28","Pyt_H"
"131",130,0.2036,0.002,0.00325,0.79115,"Python_28","Pyt_H"
"132",131,0.2059,0.002,0.0032,0.7889,"Python_28","Pyt_H"
"133",132,0.20875,0.00195,0.0031,0.7862,"Python_28","Pyt_H"
"134",133,0.2104,0.00165,0.00325,0.7847,"Python_28","Pyt_H"
"135",134,0.21285,0.0015,0.0032,0.78245,"Python_28","Pyt_H"
"136",135,0.2141,0.00185,0.00295,0.7811,"Python_28","Pyt_H"
"137",136,0.21555,0.0021,0.0029,0.77945,"Python_28","Pyt_H"
"138",137,0.21725,0.0024,0.00285,0.7775,"Python_28","Pyt_H"
"139",138,0.2184,0.0027,0.00295,0.77595,"Python_28","Pyt_H"
"140",139,0.21975,0.00295,0.00315,0.77415,"Python_28","Pyt_H"
"141",140,0.22175,0.00275,0.0034,0.7721,"Python_28","Pyt_H"
"142",141,0.2235,0.00265,0.00375,0.7701,"Python_28","Pyt_H"
"143",142,0.22575,0.00265,0.0038,0.7678,"Python_28","Pyt_H"
"144",143,0.22715,0.00255,0.0043,0.766,"Python_28","Pyt_H"
"145",144,0.22905,0.0028,0.0047,0.76345,"Python_28","Pyt_H"
"146",145,0.23045,0.00295,0.00475,0.76185,"Python_28","Pyt_H"
"147",146,0.2316,0.00325,0.0049,0.76025,"Python_28","Pyt_H"
"148",147,0.2323,0.00385,0.00475,0.7591,"Python_28","Pyt_H"
"149",148,0.2339,0.00375,0.0051,0.75725,"Python_28","Pyt_H"
"150",149,0.2347,0.0039,0.0053,0.7561,"Python_28","Pyt_H"
"151",150,0.236,0.00415,0.0055,0.75435,"Python_28","Pyt_H"
"152",151,0.23705,0.00465,0.0059,0.7524,"Python_28","Pyt_H"
"153",152,0.2379,0.0043,0.0064,0.7514,"Python_28","Pyt_H"
"154",153,0.2387,0.0045,0.0069,0.7499,"Python_28","Pyt_H"
"155",154,0.23935,0.00515,0.00695,0.74855,"Python_28","Pyt_H"
"156",155,0.2403,0.00555,0.007,0.74715,"Python_28","Pyt_H"
"157",156,0.2411,0.0054,0.0072,0.7463,"Python_28","Pyt_H"
"158",157,0.24185,0.0058,0.00705,0.7453,"Python_28","Pyt_H"
"159",158,0.2421,0.0058,0.0075,0.7446,"Python_28","Pyt_H"
"160",159,0.24255,0.0061,0.0076,0.74375,"Python_28","Pyt_H"
"161",160,0.24315,0.00665,0.0076,0.7426,"Python_28","Pyt_H"
"162",161,0.2439,0.00655,0.0081,0.74145,"Python_28","Pyt_H"
"163",162,0.2454,0.00695,0.00815,0.7395,"Python_28","Pyt_H"
"164",163,0.2463,0.0075,0.00855,0.73765,"Python_28","Pyt_H"
"165",164,0.2475,0.00735,0.0086,0.73655,"Python_28","Pyt_H"
"166",165,0.24825,0.0075,0.00895,0.7353,"Python_28","Pyt_H"
"167",166,0.2486,0.00795,0.00915,0.7343,"Python_28","Pyt_H"
"168",167,0.24815,0.00855,0.00995,0.73335,"Python_28","Pyt_H"
"169",168,0.24775,0.0092,0.0104,0.73265,"Python_28","Pyt_H"
"170",169,0.2482,0.009,0.01115,0.73165,"Python_28","Pyt_H"
"171",170,0.2477,0.0089,0.0126,0.7308,"Python_28","Pyt_H"
"172",171,0.24715,0.01,0.0134,0.72945,"Python_28","Pyt_H"
"173",172,0.24665,0.0107,0.01385,0.7288,"Python_28","Pyt_H"
"174",173,0.2461,0.0114,0.0142,0.7283,"Python_28","Pyt_H"
"175",174,0.24555,0.0115,0.01465,0.7283,"Python_28","Pyt_H"
"176",175,0.24545,0.0117,0.01485,0.728,"Python_28","Pyt_H"
"177",176,0.24505,0.01235,0.01505,0.72755,"Python_28","Pyt_H"
"178",177,0.24365,0.013,0.0158,0.72755,"Python_28","Pyt_H"
"179",178,0.2427,0.0138,0.0169,0.7266,"Python_28","Pyt_H"
"180",179,0.24145,0.01505,0.01755,0.72595,"Python_28","Pyt_H"
"181",180,0.24045,0.0155,0.01835,0.7257,"Python_28","Pyt_H"
"182",181,0.239,0.01545,0.0208,0.72475,"Python_28","Pyt_H"
"183",182,0.23775,0.01555,0.022,0.7247,"Python_28","Pyt_H"
"184",183,0.23585,0.01625,0.0233,0.7246,"Python_28","Pyt_H"
"185",184,0.23365,0.017,0.02395,0.7254,"Python_28","Pyt_H"
"186",185,0.2309,0.01785,0.0258,0.72545,"Python_28","Pyt_H"
"187",186,0.22825,0.0198,0.0257,0.72625,"Python_28","Pyt_H"
"188",187,0.22535,0.0214,0.026,0.72725,"Python_28","Pyt_H"
"189",188,0.22375,0.0203,0.02775,0.7282,"Python_28","Pyt_H"
"190",189,0.2214,0.02035,0.0291,0.72915,"Python_28","Pyt_H"
"191",190,0.2192,0.0211,0.0296,0.7301,"Python_28","Pyt_H"
"192",191,0.2167,0.02145,0.03135,0.7305,"Python_28","Pyt_H"
"193",192,0.21465,0.02175,0.03195,0.73165,"Python_28","Pyt_H"
"194",193,0.2114,0.02315,0.0328,0.73265,"Python_28","Pyt_H"
"195",194,0.2089,0.02335,0.0347,0.73305,"Python_28","Pyt_H"
"196",195,0.20505,0.02405,0.03575,0.73515,"Python_28","Pyt_H"
"197",196,0.20275,0.0255,0.03595,0.7358,"Python_28","Pyt_H"
"198",197,0.20035,0.02415,0.0382,0.7373,"Python_28","Pyt_H"
"199",198,0.1977,0.02305,0.0404,0.73885,"Python_28","Pyt_H"
"200",199,0.19375,0.023,0.04165,0.7416,"Python_28","Pyt_H"
"201",200,0.18935,0.02375,0.0425,0.7444,"Python_28","Pyt_H"
"202",201,0.18605,0.0251,0.04215,0.7467,"Python_28","Pyt_H"
"203",202,0.18345,0.02595,0.04245,0.74815,"Python_28","Pyt_H"
"204",203,0.1794,0.0264,0.0446,0.7496,"Python_28","Pyt_H"
"205",204,0.1762,0.02705,0.0451,0.75165,"Python_28","Pyt_H"
"206",205,0.1734,0.0259,0.04715,0.75355,"Python_28","Pyt_H"
"207",206,0.1705,0.02665,0.047,0.75585,"Python_28","Pyt_H"
"208",207,0.1675,0.02655,0.0481,0.75785,"Python_28","Pyt_H"
"209",208,0.164,0.0276,0.0489,0.7595,"Python_28","Pyt_H"
"210",209,0.16095,0.0285,0.04865,0.7619,"Python_28","Pyt_H"
"211",210,0.1586,0.0275,0.04845,0.76545,"Python_28","Pyt_H"
"212",211,0.1564,0.02845,0.0474,0.76775,"Python_28","Pyt_H"
"213",212,0.15285,0.02815,0.04715,0.77185,"Python_28","Pyt_H"
"214",213,0.15065,0.0276,0.04765,0.7741,"Python_28","Pyt_H"
"215",214,0.14885,0.0262,0.048,0.77695,"Python_28","Pyt_H"
"216",215,0.1472,0.0258,0.0482,0.7788,"Python_28","Pyt_H"
"217",216,0.14465,0.0249,0.04875,0.7817,"Python_28","Pyt_H"
"218",217,0.1424,0.02565,0.04865,0.7833,"Python_28","Pyt_H"
"219",218,0.141,0.02475,0.04785,0.7864,"Python_28","Pyt_H"
"220",219,0.1386,0.02415,0.0483,0.78895,"Python_28","Pyt_H"
"221",220,0.13715,0.0236,0.0478,0.79145,"Python_28","Pyt_H"
"222",221,0.1353,0.02255,0.0478,0.79435,"Python_28","Pyt_H"
"223",222,0.13395,0.0219,0.0464,0.79775,"Python_28","Pyt_H"
"224",223,0.1325,0.02285,0.04485,0.7998,"Python_28","Pyt_H"
"225",224,0.13225,0.02135,0.04465,0.80175,"Python_28","Pyt_H"
"226",225,0.1316,0.0222,0.0439,0.8023,"Python_28","Pyt_H"
"227",226,0.13045,0.02225,0.04305,0.80425,"Python_28","Pyt_H"
"228",227,0.12995,0.0218,0.0419,0.80635,"Python_28","Pyt_H"
"229",228,0.1304,0.02015,0.0421,0.80735,"Python_28","Pyt_H"
"230",229,0.12985,0.01915,0.042,0.809,"Python_28","Pyt_H"
"231",230,0.12945,0.01985,0.04035,0.81035,"Python_28","Pyt_H"
"232",231,0.13005,0.01945,0.03965,0.81085,"Python_28","Pyt_H"
"233",232,0.13025,0.01865,0.0397,0.8114,"Python_28","Pyt_H"
"234",233,0.1308,0.01815,0.0391,0.81195,"Python_28","Pyt_H"
"235",234,0.1305,0.0177,0.03845,0.81335,"Python_28","Pyt_H"
"236",235,0.13005,0.01915,0.0379,0.8129,"Python_28","Pyt_H"
"237",236,0.1289,0.02,0.03705,0.81405,"Python_28","Pyt_H"
"238",237,0.12945,0.0186,0.03755,0.8144,"Python_28","Pyt_H"
"239",238,0.129,0.0182,0.03745,0.81535,"Python_28","Pyt_H"
"240",239,0.13025,0.0171,0.03675,0.8159,"Python_28","Pyt_H"
"241",240,0.1303,0.0173,0.03615,0.81625,"Python_28","Pyt_H"
"242",241,0.1301,0.0175,0.03585,0.81655,"Python_28","Pyt_H"
"243",242,0.1309,0.01725,0.0359,0.81595,"Python_28","Pyt_H"
"244",243,0.1312,0.01705,0.0354,0.81635,"Python_28","Pyt_H"
"245",244,0.13105,0.01655,0.03545,0.81695,"Python_28","Pyt_H"
"246",245,0.1311,0.0169,0.03525,0.81675,"Python_28","Pyt_H"
"247",246,0.1323,0.0163,0.0354,0.816,"Python_28","Pyt_H"
"248",247,0.1329,0.0167,0.0354,0.815,"Python_28","Pyt_H"
"249",248,0.13485,0.01665,0.03465,0.81385,"Python_28","Pyt_H"
"250",249,0.135,0.01675,0.0344,0.81385,"Python_28","Pyt_H"
"251",250,0.13675,0.01525,0.03405,0.81395,"Python_28","Pyt_H"
"252",251,0.1375,0.01535,0.0328,0.81435,"Python_28","Pyt_H"
"253",252,0.1383,0.0151,0.03215,0.81445,"Python_28","Pyt_H"
"254",253,0.14005,0.0156,0.0306,0.81375,"Python_28","Pyt_H"
"255",254,0.14075,0.0147,0.0308,0.81375,"Python_28","Pyt_H"
"256",255,0.1415,0.0143,0.03005,0.81415,"Python_28","Pyt_H"
"257",256,0.14225,0.0144,0.0289,0.81445,"Python_28","Pyt_H"
"258",257,0.1437,0.01435,0.0288,0.81315,"Python_28","Pyt_H"
"259",258,0.14505,0.01465,0.02825,0.81205,"Python_28","Pyt_H"
"260",259,0.14535,0.01505,0.0275,0.8121,"Python_28","Pyt_H"
"261",260,0.1469,0.015,0.0274,0.8107,"Python_28","Pyt_H"
"262",261,0.14875,0.01435,0.02735,0.80955,"Python_28","Pyt_H"
"263",262,0.1502,0.01435,0.02725,0.8082,"Python_28","Pyt_H"
"264",263,0.15205,0.0138,0.0273,0.80685,"Python_28","Pyt_H"
"265",264,0.1526,0.01385,0.02725,0.8063,"Python_28","Pyt_H"
"266",265,0.1546,0.0132,0.0274,0.8048,"Python_28","Pyt_H"
"267",266,0.15695,0.01175,0.02845,0.80285,"Python_28","Pyt_H"
"268",267,0.1579,0.01275,0.02765,0.8017,"Python_28","Pyt_H"
"269",268,0.16,0.01275,0.0273,0.79995,"Python_28","Pyt_H"
"270",269,0.1617,0.0137,0.0266,0.798,"Python_28","Pyt_H"
"271",270,0.1637,0.01335,0.0254,0.79755,"Python_28","Pyt_H"
"272",271,0.16415,0.01315,0.0265,0.7962,"Python_28","Pyt_H"
"273",272,0.1649,0.01425,0.0257,0.79515,"Python_28","Pyt_H"
"274",273,0.1656,0.01425,0.02515,0.795,"Python_28","Pyt_H"
"275",274,0.1671,0.014,0.0257,0.7932,"Python_28","Pyt_H"
"276",275,0.16865,0.0144,0.02495,0.792,"Python_28","Pyt_H"
"277",276,0.1697,0.0142,0.0254,0.7907,"Python_28","Pyt_H"
"278",277,0.1709,0.01505,0.0241,0.78995,"Python_28","Pyt_H"
"279",278,0.1721,0.01525,0.02345,0.7892,"Python_28","Pyt_H"
"280",279,0.173,0.01515,0.02375,0.7881,"Python_28","Pyt_H"
"281",280,0.17445,0.01515,0.024,0.7864,"Python_28","Pyt_H"
"282",281,0.17535,0.0142,0.0253,0.78515,"Python_28","Pyt_H"
"283",282,0.17645,0.01455,0.02595,0.78305,"Python_28","Pyt_H"
"284",283,0.17745,0.0146,0.0259,0.78205,"Python_28","Pyt_H"
"285",284,0.1779,0.01475,0.0265,0.78085,"Python_28","Pyt_H"
"286",285,0.179,0.01465,0.0259,0.78045,"Python_28","Pyt_H"
"287",286,0.1791,0.0158,0.0259,0.7792,"Python_28","Pyt_H"
"288",287,0.17975,0.01615,0.026,0.7781,"Python_28","Pyt_H"
"289",288,0.1801,0.0166,0.0258,0.7775,"Python_28","Pyt_H"
"290",289,0.1804,0.0162,0.02675,0.77665,"Python_28","Pyt_H"
"291",290,0.1825,0.0157,0.02715,0.77465,"Python_28","Pyt_H"
"292",291,0.1825,0.01535,0.02855,0.7736,"Python_28","Pyt_H"
"293",292,0.1829,0.016,0.02865,0.77245,"Python_28","Pyt_H"
"294",293,0.1843,0.0154,0.0289,0.7714,"Python_28","Pyt_H"
"295",294,0.18585,0.0155,0.02845,0.7702,"Python_28","Pyt_H"
"296",295,0.18585,0.01635,0.029,0.7688,"Python_28","Pyt_H"
"297",296,0.1863,0.0172,0.02885,0.76765,"Python_28","Pyt_H"
"298",297,0.18695,0.0169,0.0297,0.76645,"Python_28","Pyt_H"
"299",298,0.18745,0.01755,0.02925,0.76575,"Python_28","Pyt_H"
"300",299,0.1871,0.01775,0.02985,0.7653,"Python_28","Pyt_H"
"301",300,0.18665,0.0188,0.02975,0.7648,"Python_28","Pyt_H"
"302",301,0.1875,0.018,0.0309,0.7636,"Python_28","Pyt_H"
"303",302,0.188,0.01745,0.0315,0.76305,"Python_28","Pyt_H"
"304",303,0.1879,0.01825,0.0316,0.76225,"Python_28","Pyt_H"
"305",304,0.1876,0.0183,0.03195,0.76215,"Python_28","Pyt_H"
"306",305,0.1868,0.01845,0.0333,0.76145,"Python_28","Pyt_H"
"307",306,0.18685,0.01945,0.03335,0.76035,"Python_28","Pyt_H"
"308",307,0.18645,0.01965,0.0331,0.7608,"Python_28","Pyt_H"
"309",308,0.1863,0.0209,0.03175,0.76105,"Python_28","Pyt_H"
"310",309,0.18615,0.0211,0.0326,0.76015,"Python_28","Pyt_H"
"311",310,0.1863,0.021,0.03355,0.75915,"Python_28","Pyt_H"
"312",311,0.18655,0.02135,0.03525,0.75685,"Python_28","Pyt_H"
"313",312,0.1865,0.0216,0.03525,0.75665,"Python_28","Pyt_H"
"314",313,0.185,0.0227,0.0362,0.7561,"Python_28","Pyt_H"
"315",314,0.18405,0.0242,0.0364,0.75535,"Python_28","Pyt_H"
"316",315,0.18345,0.02405,0.03765,0.75485,"Python_28","Pyt_H"
"317",316,0.18275,0.02385,0.0382,0.7552,"Python_28","Pyt_H"
"318",317,0.18075,0.024,0.0399,0.75535,"Python_28","Pyt_H"
"319",318,0.1799,0.02335,0.04115,0.7556,"Python_28","Pyt_H"
"320",319,0.1808,0.02305,0.04175,0.7544,"Python_28","Pyt_H"
"321",320,0.1794,0.0231,0.04285,0.75465,"Python_28","Pyt_H"
"322",321,0.17715,0.02385,0.0432,0.7558,"Python_28","Pyt_H"
"323",322,0.1765,0.02445,0.0433,0.75575,"Python_28","Pyt_H"
"324",323,0.1751,0.0255,0.04215,0.75725,"Python_28","Pyt_H"
"325",324,0.17505,0.0239,0.0432,0.75785,"Python_28","Pyt_H"
"326",325,0.1733,0.02395,0.04335,0.7594,"Python_28","Pyt_H"
"327",326,0.1732,0.02355,0.04265,0.7606,"Python_28","Pyt_H"
"328",327,0.1722,0.02465,0.0426,0.76055,"Python_28","Pyt_H"
"329",328,0.1715,0.02565,0.04175,0.7611,"Python_28","Pyt_H"
"330",329,0.17005,0.025,0.04295,0.762,"Python_28","Pyt_H"
"331",330,0.16865,0.02605,0.0428,0.7625,"Python_28","Pyt_H"
"332",331,0.1676,0.0258,0.04355,0.76305,"Python_28","Pyt_H"
"333",332,0.1672,0.02615,0.04285,0.7638,"Python_28","Pyt_H"
"334",333,0.16535,0.02635,0.04495,0.76335,"Python_28","Pyt_H"
"335",334,0.16375,0.02605,0.04575,0.76445,"Python_28","Pyt_H"
"336",335,0.16235,0.027,0.04525,0.7654,"Python_28","Pyt_H"
"337",336,0.16245,0.0266,0.04475,0.7662,"Python_28","Pyt_H"
"338",337,0.16145,0.02605,0.04575,0.76675,"Python_28","Pyt_H"
"339",338,0.15935,0.026,0.047,0.76765,"Python_28","Pyt_H"
"340",339,0.15825,0.02645,0.04685,0.76845,"Python_28","Pyt_H"
"341",340,0.15745,0.02645,0.0473,0.7688,"Python_28","Pyt_H"
"342",341,0.1585,0.02555,0.04665,0.7693,"Python_28","Pyt_H"
"343",342,0.1569,0.02625,0.047,0.76985,"Python_28","Pyt_H"
"344",343,0.15645,0.0257,0.04795,0.7699,"Python_28","Pyt_H"
"345",344,0.1554,0.02535,0.04815,0.7711,"Python_28","Pyt_H"
"346",345,0.15385,0.02605,0.0469,0.7732,"Python_28","Pyt_H"
"347",346,0.1532,0.0259,0.0472,0.7737,"Python_28","Pyt_H"
"348",347,0.1535,0.02475,0.04785,0.7739,"Python_28","Pyt_H"
"349",348,0.15145,0.0262,0.04615,0.7762,"Python_28","Pyt_H"
"350",349,0.15135,0.0248,0.0472,0.77665,"Python_28","Pyt_H"
"351",350,0.1505,0.0244,0.04695,0.77815,"Python_28","Pyt_H"
"352",351,0.1495,0.02485,0.0476,0.77805,"Python_28","Pyt_H"
"353",352,0.1476,0.02545,0.04855,0.7784,"Python_28","Pyt_H"
"354",353,0.1466,0.0247,0.04775,0.78095,"Python_28","Pyt_H"
"355",354,0.14615,0.0233,0.04945,0.7811,"Python_28","Pyt_H"
"356",355,0.1459,0.02275,0.0479,0.78345,"Python_28","Pyt_H"
"357",356,0.1467,0.0215,0.04785,0.78395,"Python_28","Pyt_H"
"358",357,0.14735,0.02165,0.0469,0.7841,"Python_28","Pyt_H"
"359",358,0.14665,0.02245,0.0458,0.7851,"Python_28","Pyt_H"
"360",359,0.1449,0.02385,0.04495,0.7863,"Python_28","Pyt_H"
"361",360,0.1449,0.0249,0.0434,0.7868,"Python_28","Pyt_H"
"362",361,0.145,0.0243,0.0434,0.7873,"Python_28","Pyt_H"
"363",362,0.1456,0.0233,0.0439,0.7872,"Python_28","Pyt_H"
"364",363,0.14875,0.0217,0.04355,0.786,"Python_28","Pyt_H"
"365",364,0.1488,0.02135,0.0443,0.78555,"Python_28","Pyt_H"
"366",365,0.14855,0.0218,0.04395,0.7857,"Python_28","Pyt_H"
"367",366,0.14825,0.0217,0.044,0.78605,"Python_28","Pyt_H"
"368",367,0.14735,0.0223,0.04415,0.7862,"Python_28","Pyt_H"
"369",368,0.1461,0.02275,0.0436,0.78755,"Python_28","Pyt_H"
"370",369,0.146,0.0225,0.0431,0.7884,"Python_28","Pyt_H"
"371",370,0.1456,0.0231,0.04265,0.78865,"Python_28","Pyt_H"
"372",371,0.1454,0.02255,0.0432,0.78885,"Python_28","Pyt_H"
"373",372,0.14585,0.0224,0.04165,0.7901,"Python_28","Pyt_H"
"374",373,0.14615,0.0213,0.04195,0.7906,"Python_28","Pyt_H"
"375",374,0.147,0.0205,0.04265,0.78985,"Python_28","Pyt_H"
"376",375,0.1466,0.0216,0.04145,0.79035,"Python_28","Pyt_H"
"377",376,0.1458,0.0227,0.0399,0.7916,"Python_28","Pyt_H"
"378",377,0.14705,0.0221,0.04005,0.7908,"Python_28","Pyt_H"
"379",378,0.1467,0.02185,0.04015,0.7913,"Python_28","Pyt_H"
"380",379,0.1469,0.02115,0.0398,0.79215,"Python_28","Pyt_H"
"381",380,0.1467,0.021,0.0402,0.7921,"Python_28","Pyt_H"
"382",381,0.1476,0.0206,0.03985,0.79195,"Python_28","Pyt_H"
"383",382,0.1486,0.0207,0.03905,0.79165,"Python_28","Pyt_H"
"384",383,0.1494,0.02,0.03905,0.79155,"Python_28","Pyt_H"
"385",384,0.1494,0.0211,0.0384,0.7911,"Python_28","Pyt_H"
"386",385,0.14985,0.0223,0.0369,0.79095,"Python_28","Pyt_H"
"387",386,0.1505,0.021,0.03775,0.79075,"Python_28","Pyt_H"
"388",387,0.1496,0.02025,0.0387,0.79145,"Python_28","Pyt_H"
"389",388,0.14965,0.02065,0.0377,0.792,"Python_28","Pyt_H"
"390",389,0.15185,0.0188,0.03755,0.7918,"Python_28","Pyt_H"
"391",390,0.15185,0.0188,0.03745,0.7919,"Python_28","Pyt_H"
"392",391,0.153,0.0189,0.0371,0.791,"Python_28","Pyt_H"
"393",392,0.1547,0.0183,0.03725,0.78975,"Python_28","Pyt_H"
"394",393,0.1547,0.01905,0.0364,0.78985,"Python_28","Pyt_H"
"395",394,0.15665,0.0181,0.03635,0.7889,"Python_28","Pyt_H"
"396",395,0.15655,0.01895,0.0356,0.7889,"Python_28","Pyt_H"
"397",396,0.157,0.0201,0.03505,0.78785,"Python_28","Pyt_H"
"398",397,0.15675,0.02055,0.0352,0.7875,"Python_28","Pyt_H"
"399",398,0.15655,0.0203,0.03655,0.7866,"Python_28","Pyt_H"
"400",399,0.1581,0.01905,0.0374,0.78545,"Python_28","Pyt_H"
"401",400,0.1591,0.0187,0.03715,0.78505,"Python_28","Pyt_H"
"402",401,0.1593,0.0189,0.03715,0.78465,"Python_28","Pyt_H"
"403",402,0.1594,0.01915,0.0376,0.78385,"Python_28","Pyt_H"
"404",403,0.1592,0.01985,0.0375,0.78345,"Python_28","Pyt_H"
"405",404,0.16055,0.0191,0.0377,0.78265,"Python_28","Pyt_H"
"406",405,0.16075,0.0192,0.0373,0.78275,"Python_28","Pyt_H"
"407",406,0.16245,0.01935,0.0369,0.7813,"Python_28","Pyt_H"
"408",407,0.1635,0.01975,0.0367,0.78005,"Python_28","Pyt_H"
"409",408,0.16305,0.02035,0.03675,0.77985,"Python_28","Pyt_H"
"410",409,0.16335,0.021,0.03675,0.7789,"Python_28","Pyt_H"
"411",410,0.16375,0.02085,0.03735,0.77805,"Python_28","Pyt_H"
"412",411,0.16475,0.0212,0.03755,0.7765,"Python_28","Pyt_H"
"413",412,0.1654,0.02015,0.03815,0.7763,"Python_28","Pyt_H"
"414",413,0.1657,0.0208,0.038,0.7755,"Python_28","Pyt_H"
"415",414,0.16625,0.0205,0.03795,0.7753,"Python_28","Pyt_H"
"416",415,0.1676,0.02025,0.0373,0.77485,"Python_28","Pyt_H"
"417",416,0.1681,0.02065,0.0367,0.77455,"Python_28","Pyt_H"
"418",417,0.16755,0.0207,0.0377,0.77405,"Python_28","Pyt_H"
"419",418,0.1667,0.02105,0.03735,0.7749,"Python_28","Pyt_H"
"420",419,0.16755,0.0208,0.0375,0.77415,"Python_28","Pyt_H"
"421",420,0.1667,0.02215,0.03835,0.7728,"Python_28","Pyt_H"
"422",421,0.1666,0.02255,0.038,0.77285,"Python_28","Pyt_H"
"423",422,0.16705,0.0208,0.03905,0.7731,"Python_28","Pyt_H"
"424",423,0.16685,0.02065,0.03995,0.77255,"Python_28","Pyt_H"
"425",424,0.16575,0.02215,0.0395,0.7726,"Python_28","Pyt_H"
"426",425,0.1663,0.02245,0.03845,0.7728,"Python_28","Pyt_H"
"427",426,0.16675,0.0222,0.03875,0.7723,"Python_28","Pyt_H"
"428",427,0.16575,0.0226,0.03875,0.7729,"Python_28","Pyt_H"
"429",428,0.1663,0.02285,0.03845,0.7724,"Python_28","Pyt_H"
"430",429,0.1662,0.0221,0.03825,0.77345,"Python_28","Pyt_H"
"431",430,0.16595,0.02195,0.0371,0.775,"Python_28","Pyt_H"
"432",431,0.16595,0.0215,0.03825,0.7743,"Python_28","Pyt_H"
"433",432,0.1659,0.0221,0.038,0.774,"Python_28","Pyt_H"
"434",433,0.16565,0.0215,0.039,0.77385,"Python_28","Pyt_H"
"435",434,0.16595,0.02085,0.0395,0.7737,"Python_28","Pyt_H"
"436",435,0.1654,0.0217,0.0396,0.7733,"Python_28","Pyt_H"
"437",436,0.1649,0.0223,0.03975,0.77305,"Python_28","Pyt_H"
"438",437,0.16455,0.02315,0.03915,0.77315,"Python_28","Pyt_H"
"439",438,0.16425,0.02265,0.0403,0.7728,"Python_28","Pyt_H"
"440",439,0.1633,0.0221,0.04145,0.77315,"Python_28","Pyt_H"
"441",440,0.16275,0.02185,0.04105,0.77435,"Python_28","Pyt_H"
"442",441,0.16285,0.02205,0.0401,0.775,"Python_28","Pyt_H"
"443",442,0.16305,0.0213,0.0412,0.77445,"Python_28","Pyt_H"
"444",443,0.1632,0.0207,0.0414,0.7747,"Python_28","Pyt_H"
"445",444,0.16285,0.0207,0.0418,0.77465,"Python_28","Pyt_H"
"446",445,0.163,0.0218,0.0412,0.774,"Python_28","Pyt_H"
"447",446,0.1625,0.02265,0.04065,0.7742,"Python_28","Pyt_H"
"448",447,0.1631,0.0216,0.0416,0.7737,"Python_28","Pyt_H"
"449",448,0.1633,0.02135,0.04235,0.773,"Python_28","Pyt_H"
"450",449,0.16375,0.02245,0.0407,0.7731,"Python_28","Pyt_H"
"451",450,0.1636,0.0232,0.04005,0.77315,"Python_28","Pyt_H"
"452",451,0.16385,0.02365,0.0398,0.7727,"Python_28","Pyt_H"
"453",452,0.1632,0.0241,0.04055,0.77215,"Python_28","Pyt_H"
"454",453,0.16295,0.02365,0.04155,0.77185,"Python_28","Pyt_H"
"455",454,0.16305,0.02385,0.04135,0.77175,"Python_28","Pyt_H"
"456",455,0.16205,0.02415,0.04205,0.77175,"Python_28","Pyt_H"
"457",456,0.1614,0.0249,0.0418,0.7719,"Python_28","Pyt_H"
"458",457,0.1609,0.0246,0.04195,0.77255,"Python_28","Pyt_H"
"459",458,0.1598,0.02465,0.0421,0.77345,"Python_28","Pyt_H"
"460",459,0.15945,0.0241,0.04225,0.7742,"Python_28","Pyt_H"
"461",460,0.1599,0.0238,0.04305,0.77325,"Python_28","Pyt_H"
"462",461,0.15955,0.0235,0.0428,0.77415,"Python_28","Pyt_H"
"463",462,0.15815,0.02345,0.04365,0.77475,"Python_28","Pyt_H"
"464",463,0.15735,0.02455,0.0442,0.7739,"Python_28","Pyt_H"
"465",464,0.15625,0.0264,0.044,0.77335,"Python_28","Pyt_H"
"466",465,0.15405,0.0268,0.0445,0.77465,"Python_28","Pyt_H"
"467",466,0.1538,0.0254,0.04635,0.77445,"Python_28","Pyt_H"
"468",467,0.15315,0.02525,0.04595,0.77565,"Python_28","Pyt_H"
"469",468,0.15305,0.02485,0.0452,0.7769,"Python_28","Pyt_H"
"470",469,0.15355,0.02385,0.0448,0.7778,"Python_28","Pyt_H"
"471",470,0.15235,0.0233,0.0448,0.77955,"Python_28","Pyt_H"
"472",471,0.1522,0.02315,0.04485,0.7798,"Python_28","Pyt_H"
"473",472,0.1509,0.0237,0.0438,0.7816,"Python_28","Pyt_H"
"474",473,0.15075,0.02325,0.0435,0.7825,"Python_28","Pyt_H"
"475",474,0.15155,0.02245,0.043,0.783,"Python_28","Pyt_H"
"476",475,0.1513,0.02315,0.042,0.78355,"Python_28","Pyt_H"
"477",476,0.15105,0.0241,0.0413,0.78355,"Python_28","Pyt_H"
"478",477,0.15115,0.02435,0.04095,0.78355,"Python_28","Pyt_H"
"479",478,0.15155,0.025,0.0402,0.78325,"Python_28","Pyt_H"
"480",479,0.15295,0.023,0.0422,0.78185,"Python_28","Pyt_H"
"481",480,0.15265,0.0232,0.04245,0.7817,"Python_28","Pyt_H"
"482",481,0.15265,0.0229,0.0423,0.78215,"Python_28","Pyt_H"
"483",482,0.15185,0.0231,0.04175,0.7833,"Python_28","Pyt_H"
"484",483,0.15195,0.0225,0.04245,0.7831,"Python_28","Pyt_H"
"485",484,0.1517,0.0232,0.04155,0.78355,"Python_28","Pyt_H"
"486",485,0.15125,0.02385,0.04,0.7849,"Python_28","Pyt_H"
"487",486,0.1518,0.023,0.0412,0.784,"Python_28","Pyt_H"
"488",487,0.15115,0.0224,0.04145,0.785,"Python_28","Pyt_H"
"489",488,0.1517,0.0223,0.04155,0.78445,"Python_28","Pyt_H"
"490",489,0.1515,0.0222,0.0418,0.7845,"Python_28","Pyt_H"
"491",490,0.15145,0.0222,0.0412,0.78515,"Python_28","Pyt_H"
"492",491,0.15175,0.02115,0.04185,0.78525,"Python_28","Pyt_H"
"493",492,0.15215,0.02175,0.04125,0.78485,"Python_28","Pyt_H"
"494",493,0.1518,0.0214,0.0418,0.785,"Python_28","Pyt_H"
"495",494,0.1501,0.0233,0.04115,0.78545,"Python_28","Pyt_H"
"496",495,0.15015,0.02375,0.04045,0.78565,"Python_28","Pyt_H"
"497",496,0.1499,0.02345,0.04075,0.7859,"Python_28","Pyt_H"
"498",497,0.1501,0.0235,0.04075,0.78565,"Python_28","Pyt_H"
"499",498,0.14995,0.024,0.04115,0.7849,"Python_28","Pyt_H"
"500",499,0.14895,0.0241,0.04245,0.7845,"Python_28","Pyt_H"
"501",500,0.1491,0.02305,0.04275,0.7851,"Python_28","Pyt_H"
"502",501,0.1492,0.0232,0.04245,0.78515,"Python_28","Pyt_H"
"503",502,0.14975,0.02295,0.04295,0.78435,"Python_28","Pyt_H"
"504",503,0.1491,0.02275,0.0434,0.78475,"Python_28","Pyt_H"
"505",504,0.1493,0.02195,0.04365,0.7851,"Python_28","Pyt_H"
"506",505,0.1494,0.02235,0.04265,0.7856,"Python_28","Pyt_H"
"507",506,0.14895,0.0221,0.0422,0.78675,"Python_28","Pyt_H"
"508",507,0.14965,0.0221,0.0413,0.78695,"Python_28","Pyt_H"
"509",508,0.14865,0.02145,0.0416,0.7883,"Python_28","Pyt_H"
"510",509,0.1474,0.0225,0.0414,0.7887,"Python_28","Pyt_H"
"511",510,0.147,0.02115,0.0426,0.78925,"Python_28","Pyt_H"
"512",511,0.1474,0.02105,0.04145,0.7901,"Python_28","Pyt_H"
"513",512,0.14745,0.0201,0.0409,0.79155,"Python_28","Pyt_H"
"514",513,0.14845,0.02045,0.0404,0.7907,"Python_28","Pyt_H"
"515",514,0.1496,0.0202,0.0397,0.7905,"Python_28","Pyt_H"
"516",515,0.1503,0.02065,0.0398,0.78925,"Python_28","Pyt_H"
"517",516,0.15055,0.0198,0.03895,0.7907,"Python_28","Pyt_H"
"518",517,0.15065,0.01985,0.0393,0.7902,"Python_28","Pyt_H"
"519",518,0.15105,0.021,0.03775,0.7902,"Python_28","Pyt_H"
"520",519,0.15055,0.02115,0.03755,0.79075,"Python_28","Pyt_H"
"521",520,0.15175,0.02055,0.03745,0.79025,"Python_28","Pyt_H"
"522",521,0.1522,0.0209,0.03755,0.78935,"Python_28","Pyt_H"
"523",522,0.1537,0.0193,0.03745,0.78955,"Python_28","Pyt_H"
"524",523,0.15345,0.01935,0.0372,0.79,"Python_28","Pyt_H"
"525",524,0.15445,0.01935,0.03635,0.78985,"Python_28","Pyt_H"
"526",525,0.154,0.0197,0.0363,0.79,"Python_28","Pyt_H"
"527",526,0.15485,0.0203,0.03645,0.7884,"Python_28","Pyt_H"
"528",527,0.15615,0.02035,0.0364,0.7871,"Python_28","Pyt_H"
"529",528,0.15655,0.0205,0.0363,0.78665,"Python_28","Pyt_H"
"530",529,0.15665,0.02045,0.0377,0.7852,"Python_28","Pyt_H"
"531",530,0.1577,0.0203,0.037,0.785,"Python_28","Pyt_H"
"532",531,0.1567,0.02145,0.03675,0.7851,"Python_28","Pyt_H"
"533",532,0.15835,0.02145,0.0367,0.7835,"Python_28","Pyt_H"
"534",533,0.15965,0.0207,0.03745,0.7822,"Python_28","Pyt_H"
"535",534,0.1592,0.0205,0.0381,0.7822,"Python_28","Pyt_H"
"536",535,0.15945,0.02115,0.03775,0.78165,"Python_28","Pyt_H"
"537",536,0.16005,0.0209,0.03705,0.782,"Python_28","Pyt_H"
"538",537,0.15935,0.0214,0.0372,0.78205,"Python_28","Pyt_H"
"539",538,0.1589,0.0225,0.0369,0.7817,"Python_28","Pyt_H"
"540",539,0.15995,0.02175,0.0368,0.7815,"Python_28","Pyt_H"
"541",540,0.16045,0.0217,0.03695,0.7809,"Python_28","Pyt_H"
"542",541,0.16085,0.0198,0.0389,0.78045,"Python_28","Pyt_H"
"543",542,0.16165,0.01985,0.03875,0.77975,"Python_28","Pyt_H"
"544",543,0.1631,0.0198,0.03805,0.77905,"Python_28","Pyt_H"
"545",544,0.1638,0.01965,0.038,0.77855,"Python_28","Pyt_H"
"546",545,0.16355,0.01995,0.03755,0.77895,"Python_28","Pyt_H"
"547",546,0.1633,0.02055,0.03735,0.7788,"Python_28","Pyt_H"
"548",547,0.1642,0.02065,0.03775,0.7774,"Python_28","Pyt_H"
"549",548,0.16455,0.0203,0.0374,0.77775,"Python_28","Pyt_H"
"550",549,0.16475,0.02115,0.03645,0.77765,"Python_28","Pyt_H"
"551",550,0.1657,0.02135,0.03595,0.777,"Python_28","Pyt_H"
"552",551,0.1668,0.02035,0.0366,0.77625,"Python_28","Pyt_H"
"553",552,0.16665,0.0205,0.03665,0.7762,"Python_28","Pyt_H"
"554",553,0.16735,0.02075,0.03645,0.77545,"Python_28","Pyt_H"
"555",554,0.16595,0.02175,0.03725,0.77505,"Python_28","Pyt_H"
"556",555,0.1662,0.02265,0.03785,0.7733,"Python_28","Pyt_H"
"557",556,0.1652,0.02265,0.0379,0.77425,"Python_28","Pyt_H"
"558",557,0.1648,0.02265,0.0386,0.77395,"Python_28","Pyt_H"
"559",558,0.165,0.02245,0.0396,0.77295,"Python_28","Pyt_H"
"560",559,0.1651,0.0227,0.03935,0.77285,"Python_28","Pyt_H"
"561",560,0.16495,0.02315,0.0383,0.7736,"Python_28","Pyt_H"
"562",561,0.16545,0.0228,0.03865,0.7731,"Python_28","Pyt_H"
"563",562,0.1654,0.0227,0.03865,0.77325,"Python_28","Pyt_H"
"564",563,0.16545,0.02155,0.04045,0.77255,"Python_28","Pyt_H"
"565",564,0.16535,0.02175,0.0405,0.7724,"Python_28","Pyt_H"
"566",565,0.1643,0.0231,0.0411,0.7715,"Python_28","Pyt_H"
"567",566,0.16415,0.0239,0.04095,0.771,"Python_28","Pyt_H"
"568",567,0.1651,0.0231,0.0402,0.7716,"Python_28","Pyt_H"
"569",568,0.164,0.02235,0.04185,0.7718,"Python_28","Pyt_H"
"570",569,0.16415,0.02325,0.0412,0.7714,"Python_28","Pyt_H"
"571",570,0.1641,0.02275,0.0409,0.77225,"Python_28","Pyt_H"
"572",571,0.16475,0.02315,0.0401,0.772,"Python_28","Pyt_H"
"573",572,0.1655,0.02185,0.0407,0.77195,"Python_28","Pyt_H"
"574",573,0.1647,0.02165,0.04225,0.7714,"Python_28","Pyt_H"
"575",574,0.1639,0.0238,0.04215,0.77015,"Python_28","Pyt_H"
"576",575,0.1654,0.0234,0.04265,0.76855,"Python_28","Pyt_H"
"577",576,0.16455,0.02315,0.043,0.7693,"Python_28","Pyt_H"
"578",577,0.1639,0.0238,0.04305,0.76925,"Python_28","Pyt_H"
"579",578,0.1656,0.02175,0.0439,0.76875,"Python_28","Pyt_H"
"580",579,0.1653,0.02175,0.044,0.76895,"Python_28","Pyt_H"
"581",580,0.16455,0.023,0.0432,0.76925,"Python_28","Pyt_H"
"582",581,0.164,0.02385,0.0428,0.76935,"Python_28","Pyt_H"
"583",582,0.16285,0.02455,0.0438,0.7688,"Python_28","Pyt_H"
"584",583,0.1614,0.02535,0.0437,0.76955,"Python_28","Pyt_H"
"585",584,0.16105,0.0249,0.04385,0.7702,"Python_28","Pyt_H"
"586",585,0.1616,0.02405,0.04465,0.7697,"Python_28","Pyt_H"
"587",586,0.1598,0.024,0.0458,0.7704,"Python_28","Pyt_H"
"588",587,0.16,0.02565,0.0444,0.76995,"Python_28","Pyt_H"
"589",588,0.16015,0.02415,0.0444,0.7713,"Python_28","Pyt_H"
"590",589,0.15875,0.0243,0.04485,0.7721,"Python_28","Pyt_H"
"591",590,0.15825,0.02455,0.0456,0.7716,"Python_28","Pyt_H"
"592",591,0.1567,0.02465,0.0461,0.77255,"Python_28","Pyt_H"
"593",592,0.1563,0.0243,0.0472,0.7722,"Python_28","Pyt_H"
"594",593,0.15575,0.02475,0.04725,0.77225,"Python_28","Pyt_H"
"595",594,0.156,0.0235,0.04805,0.77245,"Python_28","Pyt_H"
"596",595,0.15675,0.02285,0.0481,0.7723,"Python_28","Pyt_H"
"597",596,0.15495,0.0232,0.0479,0.77395,"Python_28","Pyt_H"
"598",597,0.15575,0.0235,0.0451,0.77565,"Python_28","Pyt_H"
"599",598,0.156,0.0241,0.04315,0.77675,"Python_28","Pyt_H"
"600",599,0.1558,0.02425,0.04385,0.7761,"Python_28","Pyt_H"
"601",600,0.15695,0.0238,0.04405,0.7752,"Python_28","Pyt_H"
"602",601,0.15625,0.02345,0.0451,0.7752,"Python_28","Pyt_H"
"603",602,0.1567,0.0228,0.04505,0.77545,"Python_28","Pyt_H"
"604",603,0.15655,0.0223,0.0451,0.77605,"Python_28","Pyt_H"
"605",604,0.1564,0.02225,0.0449,0.77645,"Python_28","Pyt_H"
"606",605,0.1569,0.0227,0.044,0.7764,"Python_28","Pyt_H"
"607",606,0.15755,0.02175,0.0439,0.7768,"Python_28","Pyt_H"
"608",607,0.157,0.02135,0.0436,0.77805,"Python_28","Pyt_H"
"609",608,0.15755,0.0218,0.0425,0.77815,"Python_28","Pyt_H"
"610",609,0.15775,0.0205,0.0424,0.77935,"Python_28","Pyt_H"
"611",610,0.15805,0.02155,0.0411,0.7793,"Python_28","Pyt_H"
"612",611,0.1579,0.0219,0.04035,0.77985,"Python_28","Pyt_H"
"613",612,0.1583,0.0223,0.04035,0.77905,"Python_28","Pyt_H"
"614",613,0.15735,0.0232,0.04045,0.779,"Python_28","Pyt_H"
"615",614,0.1571,0.0231,0.0406,0.7792,"Python_28","Pyt_H"
"616",615,0.1574,0.02345,0.0404,0.77875,"Python_28","Pyt_H"
"617",616,0.1573,0.0231,0.0406,0.779,"Python_28","Pyt_H"
"618",617,0.15695,0.0228,0.04115,0.7791,"Python_28","Pyt_H"
"619",618,0.1568,0.02445,0.0398,0.77895,"Python_28","Pyt_H"
"620",619,0.1584,0.0247,0.03905,0.77785,"Python_28","Pyt_H"
"621",620,0.15825,0.0238,0.0396,0.77835,"Python_28","Pyt_H"
"622",621,0.15915,0.02265,0.0396,0.7786,"Python_28","Pyt_H"
"623",622,0.16065,0.0222,0.04045,0.7767,"Python_28","Pyt_H"
"624",623,0.16045,0.02185,0.04105,0.77665,"Python_28","Pyt_H"
"625",624,0.1604,0.0219,0.0417,0.776,"Python_28","Pyt_H"
"626",625,0.1599,0.02235,0.0417,0.77605,"Python_28","Pyt_H"
"627",626,0.16005,0.02295,0.04085,0.77615,"Python_28","Pyt_H"
"628",627,0.1604,0.02265,0.0409,0.77605,"Python_28","Pyt_H"
"629",628,0.1593,0.0243,0.0408,0.7756,"Python_28","Pyt_H"
"630",629,0.159,0.0231,0.04215,0.77575,"Python_28","Pyt_H"
"631",630,0.1591,0.0233,0.04255,0.77505,"Python_28","Pyt_H"
"632",631,0.15905,0.02315,0.04245,0.77535,"Python_28","Pyt_H"
"633",632,0.1579,0.0243,0.0419,0.7759,"Python_28","Pyt_H"
"634",633,0.15795,0.0244,0.04315,0.7745,"Python_28","Pyt_H"
"635",634,0.1581,0.0241,0.04185,0.77595,"Python_28","Pyt_H"
"636",635,0.1588,0.0233,0.04245,0.77545,"Python_28","Pyt_H"
"637",636,0.15865,0.02325,0.0426,0.7755,"Python_28","Pyt_H"
"638",637,0.16,0.0233,0.0422,0.7745,"Python_28","Pyt_H"
"639",638,0.15935,0.02375,0.0425,0.7744,"Python_28","Pyt_H"
"640",639,0.15975,0.0233,0.04285,0.7741,"Python_28","Pyt_H"
"641",640,0.1602,0.02415,0.04265,0.773,"Python_28","Pyt_H"
"642",641,0.1597,0.02325,0.0439,0.77315,"Python_28","Pyt_H"
"643",642,0.15935,0.02375,0.04345,0.77345,"Python_28","Pyt_H"
"644",643,0.159,0.02355,0.04345,0.774,"Python_28","Pyt_H"
"645",644,0.15805,0.023,0.04375,0.7752,"Python_28","Pyt_H"
"646",645,0.1597,0.02225,0.04415,0.7739,"Python_28","Pyt_H"
"647",646,0.15925,0.02295,0.0435,0.7743,"Python_28","Pyt_H"
"648",647,0.15985,0.02255,0.0428,0.7748,"Python_28","Pyt_H"
"649",648,0.1588,0.0235,0.0424,0.7753,"Python_28","Pyt_H"
"650",649,0.1588,0.02355,0.04305,0.7746,"Python_28","Pyt_H"
"651",650,0.1579,0.02365,0.04335,0.7751,"Python_28","Pyt_H"
"652",651,0.1581,0.02415,0.04345,0.7743,"Python_28","Pyt_H"
"653",652,0.15815,0.02375,0.0431,0.775,"Python_28","Pyt_H"
"654",653,0.1572,0.0241,0.04315,0.77555,"Python_28","Pyt_H"
"655",654,0.1568,0.0242,0.0429,0.7761,"Python_28","Pyt_H"
"656",655,0.1578,0.02375,0.0429,0.77555,"Python_28","Pyt_H"
"657",656,0.1567,0.02375,0.04365,0.7759,"Python_28","Pyt_H"
"658",657,0.1558,0.02515,0.04235,0.7767,"Python_28","Pyt_H"
"659",658,0.1558,0.0246,0.0428,0.7768,"Python_28","Pyt_H"
"660",659,0.15695,0.02335,0.04385,0.77585,"Python_28","Pyt_H"
"661",660,0.15675,0.02275,0.0445,0.776,"Python_28","Pyt_H"
