"","step","S","E","I","R","simu","Langage"
"1",0,0.999,0,0.001,0,"Python_10","Pyt_H"
"2",1,0.99805,0.00095,0.001,0,"Python_10","Pyt_H"
"3",2,0.9973,0.0017,0.00085,0.00015,"Python_10","Pyt_H"
"4",3,0.99645,0.00225,0.00115,0.00015,"Python_10","Pyt_H"
"5",4,0.99515,0.00305,0.0015,3e-04,"Python_10","Pyt_H"
"6",5,0.9938,0.00385,0.002,0.00035,"Python_10","Pyt_H"
"7",6,0.99225,0.00465,0.0025,6e-04,"Python_10","Pyt_H"
"8",7,0.9898,0.00635,0.00285,0.001,"Python_10","Pyt_H"
"9",8,0.98745,0.00765,0.0036,0.0013,"Python_10","Pyt_H"
"10",9,0.9842,0.00895,0.0054,0.00145,"Python_10","Pyt_H"
"11",10,0.97905,0.0122,0.007,0.00175,"Python_10","Pyt_H"
"12",11,0.9731,0.01645,0.008,0.00245,"Python_10","Pyt_H"
"13",12,0.96625,0.0201,0.01065,0.003,"Python_10","Pyt_H"
"14",13,0.9573,0.02565,0.0129,0.00415,"Python_10","Pyt_H"
"15",14,0.94605,0.0325,0.01625,0.0052,"Python_10","Pyt_H"
"16",15,0.9322,0.0398,0.02105,0.00695,"Python_10","Pyt_H"
"17",16,0.91505,0.05065,0.0257,0.0086,"Python_10","Pyt_H"
"18",17,0.89575,0.06065,0.03245,0.01115,"Python_10","Pyt_H"
"19",18,0.87075,0.07495,0.04015,0.01415,"Python_10","Pyt_H"
"20",19,0.8389,0.0931,0.0491,0.0189,"Python_10","Pyt_H"
"21",20,0.8021,0.1113,0.0628,0.0238,"Python_10","Pyt_H"
"22",21,0.7587,0.1328,0.07925,0.02925,"Python_10","Pyt_H"
"23",22,0.7056,0.15925,0.0981,0.03705,"Python_10","Pyt_H"
"24",23,0.64745,0.1868,0.11895,0.0468,"Python_10","Pyt_H"
"25",24,0.58385,0.2143,0.14275,0.0591,"Python_10","Pyt_H"
"26",25,0.5152,0.24115,0.17085,0.0728,"Python_10","Pyt_H"
"27",26,0.44825,0.25765,0.20335,0.09075,"Python_10","Pyt_H"
"28",27,0.3778,0.27365,0.23795,0.1106,"Python_10","Pyt_H"
"29",28,0.3087,0.2853,0.27205,0.13395,"Python_10","Pyt_H"
"30",29,0.24575,0.28805,0.30345,0.16275,"Python_10","Pyt_H"
"31",30,0.1898,0.2805,0.3345,0.1952,"Python_10","Pyt_H"
"32",31,0.144,0.26285,0.3593,0.23385,"Python_10","Pyt_H"
"33",32,0.1088,0.23895,0.3802,0.27205,"Python_10","Pyt_H"
"34",33,0.07985,0.20995,0.3966,0.3136,"Python_10","Pyt_H"
"35",34,0.05935,0.17935,0.4022,0.3591,"Python_10","Pyt_H"
"36",35,0.04345,0.15195,0.39925,0.40535,"Python_10","Pyt_H"
"37",36,0.03355,0.1237,0.38955,0.4532,"Python_10","Pyt_H"
"38",37,0.02585,0.1025,0.3727,0.49895,"Python_10","Pyt_H"
"39",38,0.01995,0.0823,0.3532,0.54455,"Python_10","Pyt_H"
"40",39,0.01665,0.06755,0.33155,0.58425,"Python_10","Pyt_H"
"41",40,0.0138,0.05285,0.30855,0.6248,"Python_10","Pyt_H"
"42",41,0.0124,0.0421,0.28325,0.66225,"Python_10","Pyt_H"
"43",42,0.01175,0.03215,0.26035,0.69575,"Python_10","Pyt_H"
"44",43,0.0109,0.026,0.2354,0.7277,"Python_10","Pyt_H"
"45",44,0.0124,0.0207,0.21145,0.75545,"Python_10","Pyt_H"
"46",45,0.01275,0.0176,0.19135,0.7783,"Python_10","Pyt_H"
"47",46,0.0139,0.0146,0.17125,0.80025,"Python_10","Pyt_H"
"48",47,0.01455,0.01245,0.1506,0.8224,"Python_10","Pyt_H"
"49",48,0.01515,0.0111,0.13475,0.839,"Python_10","Pyt_H"
"50",49,0.0157,0.00985,0.1203,0.85415,"Python_10","Pyt_H"
"51",50,0.017,0.0087,0.1068,0.8675,"Python_10","Pyt_H"
"52",51,0.01965,0.0076,0.09445,0.8783,"Python_10","Pyt_H"
"53",52,0.021,0.00665,0.0844,0.88795,"Python_10","Pyt_H"
"54",53,0.02275,0.00635,0.0748,0.8961,"Python_10","Pyt_H"
"55",54,0.0245,0.00575,0.06565,0.9041,"Python_10","Pyt_H"
"56",55,0.0267,0.00525,0.05935,0.9087,"Python_10","Pyt_H"
"57",56,0.0289,0.00515,0.053,0.91295,"Python_10","Pyt_H"
"58",57,0.0307,0.00465,0.04765,0.917,"Python_10","Pyt_H"
"59",58,0.03325,0.00445,0.04235,0.91995,"Python_10","Pyt_H"
"60",59,0.0348,0.00465,0.03675,0.9238,"Python_10","Pyt_H"
"61",60,0.0359,0.00485,0.03255,0.9267,"Python_10","Pyt_H"
"62",61,0.03785,0.0049,0.02955,0.9277,"Python_10","Pyt_H"
"63",62,0.041,0.0044,0.02645,0.92815,"Python_10","Pyt_H"
"64",63,0.04295,0.00385,0.02375,0.92945,"Python_10","Pyt_H"
"65",64,0.04565,0.0035,0.0218,0.92905,"Python_10","Pyt_H"
"66",65,0.04735,0.00375,0.0197,0.9292,"Python_10","Pyt_H"
"67",66,0.0504,0.0033,0.01755,0.92875,"Python_10","Pyt_H"
"68",67,0.05315,0.0033,0.0159,0.92765,"Python_10","Pyt_H"
"69",68,0.05565,0.00335,0.014,0.927,"Python_10","Pyt_H"
"70",69,0.05875,0.00305,0.01255,0.92565,"Python_10","Pyt_H"
"71",70,0.06075,0.00295,0.0114,0.9249,"Python_10","Pyt_H"
"72",71,0.06345,0.00265,0.0104,0.9235,"Python_10","Pyt_H"
"73",72,0.066,0.00265,0.00965,0.9217,"Python_10","Pyt_H"
"74",73,0.06935,0.00195,0.00925,0.91945,"Python_10","Pyt_H"
"75",74,0.0712,0.00235,0.0079,0.91855,"Python_10","Pyt_H"
"76",75,0.07395,0.00215,0.0071,0.9168,"Python_10","Pyt_H"
"77",76,0.0765,0.00225,0.0062,0.91505,"Python_10","Pyt_H"
"78",77,0.07865,0.0024,0.00565,0.9133,"Python_10","Pyt_H"
"79",78,0.0818,0.00255,0.00535,0.9103,"Python_10","Pyt_H"
"80",79,0.08485,0.00235,0.0051,0.9077,"Python_10","Pyt_H"
"81",80,0.088,0.0023,0.0048,0.9049,"Python_10","Pyt_H"
"82",81,0.091,0.0019,0.0043,0.9028,"Python_10","Pyt_H"
"83",82,0.09375,0.002,0.004,0.90025,"Python_10","Pyt_H"
"84",83,0.0959,0.00175,0.0039,0.89845,"Python_10","Pyt_H"
"85",84,0.0993,0.00155,0.00395,0.8952,"Python_10","Pyt_H"
"86",85,0.10235,0.00155,0.00365,0.89245,"Python_10","Pyt_H"
"87",86,0.10505,0.00145,0.0036,0.8899,"Python_10","Pyt_H"
"88",87,0.10765,0.0014,0.00355,0.8874,"Python_10","Pyt_H"
"89",88,0.10975,0.00125,0.00355,0.88545,"Python_10","Pyt_H"
"90",89,0.11245,0.00145,0.00335,0.88275,"Python_10","Pyt_H"
"91",90,0.1152,0.0015,0.00325,0.88005,"Python_10","Pyt_H"
"92",91,0.1176,0.00155,0.0033,0.87755,"Python_10","Pyt_H"
"93",92,0.1195,0.0015,0.00345,0.87555,"Python_10","Pyt_H"
"94",93,0.1223,0.0016,0.00275,0.87335,"Python_10","Pyt_H"
"95",94,0.1247,0.0017,0.0027,0.8709,"Python_10","Pyt_H"
"96",95,0.1272,0.00155,0.00255,0.8687,"Python_10","Pyt_H"
"97",96,0.13045,0.00145,0.00265,0.86545,"Python_10","Pyt_H"
"98",97,0.1326,0.00135,0.00295,0.8631,"Python_10","Pyt_H"
"99",98,0.13545,0.0014,0.00295,0.8602,"Python_10","Pyt_H"
"100",99,0.1384,0.00145,0.0028,0.85735,"Python_10","Pyt_H"
"101",100,0.1405,0.00115,0.003,0.85535,"Python_10","Pyt_H"
"102",101,0.1428,0.00115,0.00275,0.8533,"Python_10","Pyt_H"
"103",102,0.14545,0.0011,0.0027,0.85075,"Python_10","Pyt_H"
"104",103,0.14695,0.0012,0.00245,0.8494,"Python_10","Pyt_H"
"105",104,0.14955,0.0011,0.0024,0.84695,"Python_10","Pyt_H"
"106",105,0.15125,0.00125,0.00235,0.84515,"Python_10","Pyt_H"
"107",106,0.1534,0.00125,0.00205,0.8433,"Python_10","Pyt_H"
"108",107,0.156,0.00105,0.00245,0.8405,"Python_10","Pyt_H"
"109",108,0.1576,0.00125,0.00225,0.8389,"Python_10","Pyt_H"
"110",109,0.1599,0.00135,0.00195,0.8368,"Python_10","Pyt_H"
"111",110,0.1621,0.00115,0.00215,0.8346,"Python_10","Pyt_H"
"112",111,0.1646,0.00115,0.0022,0.83205,"Python_10","Pyt_H"
"113",112,0.1672,0.001,0.0022,0.8296,"Python_10","Pyt_H"
"114",113,0.16995,9e-04,0.0022,0.82695,"Python_10","Pyt_H"
"115",114,0.17175,0.00105,0.0021,0.8251,"Python_10","Pyt_H"
"116",115,0.1738,9e-04,0.00175,0.82355,"Python_10","Pyt_H"
"117",116,0.17605,0.00075,0.00185,0.82135,"Python_10","Pyt_H"
"118",117,0.17815,0.001,0.00185,0.819,"Python_10","Pyt_H"
"119",118,0.1803,0.00105,0.00175,0.8169,"Python_10","Pyt_H"
"120",119,0.1822,0.00085,0.00185,0.8151,"Python_10","Pyt_H"
"121",120,0.18515,8e-04,0.0016,0.81245,"Python_10","Pyt_H"
"122",121,0.18725,0.00105,0.00155,0.81015,"Python_10","Pyt_H"
"123",122,0.1899,0.00105,0.00165,0.8074,"Python_10","Pyt_H"
"124",123,0.19255,9e-04,0.0018,0.80475,"Python_10","Pyt_H"
"125",124,0.19515,0.0012,0.0017,0.80195,"Python_10","Pyt_H"
"126",125,0.1965,0.0014,0.0018,0.8003,"Python_10","Pyt_H"
"127",126,0.19875,0.0013,0.0018,0.79815,"Python_10","Pyt_H"
"128",127,0.20085,0.0012,0.00175,0.7962,"Python_10","Pyt_H"
"129",128,0.2035,0.00115,0.0018,0.79355,"Python_10","Pyt_H"
"130",129,0.20555,0.00125,0.0018,0.7914,"Python_10","Pyt_H"
"131",130,0.207,0.00125,0.00185,0.7899,"Python_10","Pyt_H"
"132",131,0.2095,8e-04,0.00225,0.78745,"Python_10","Pyt_H"
"133",132,0.2118,9e-04,0.00215,0.78515,"Python_10","Pyt_H"
"134",133,0.21405,9e-04,0.00205,0.783,"Python_10","Pyt_H"
"135",134,0.2158,0.00085,0.0021,0.78125,"Python_10","Pyt_H"
"136",135,0.21725,0.001,0.00205,0.7797,"Python_10","Pyt_H"
"137",136,0.21895,0.0014,0.00195,0.7777,"Python_10","Pyt_H"
"138",137,0.22115,0.0014,0.0021,0.77535,"Python_10","Pyt_H"
"139",138,0.22275,0.00135,0.00205,0.77385,"Python_10","Pyt_H"
"140",139,0.22435,0.0012,0.00235,0.7721,"Python_10","Pyt_H"
"141",140,0.22635,0.00115,0.00235,0.77015,"Python_10","Pyt_H"
"142",141,0.2292,0.0011,0.00245,0.76725,"Python_10","Pyt_H"
"143",142,0.23045,0.00105,0.00245,0.76605,"Python_10","Pyt_H"
"144",143,0.23215,0.0014,0.0025,0.76395,"Python_10","Pyt_H"
"145",144,0.23395,0.0017,0.00235,0.762,"Python_10","Pyt_H"
"146",145,0.2361,0.0019,0.00215,0.75985,"Python_10","Pyt_H"
"147",146,0.2385,0.0018,0.00245,0.75725,"Python_10","Pyt_H"
"148",147,0.2399,0.0021,0.00245,0.75555,"Python_10","Pyt_H"
"149",148,0.24135,0.0022,0.00295,0.7535,"Python_10","Pyt_H"
"150",149,0.2434,0.0024,0.00265,0.75155,"Python_10","Pyt_H"
"151",150,0.2455,0.0024,0.00285,0.74925,"Python_10","Pyt_H"
"152",151,0.24705,0.0025,0.0028,0.74765,"Python_10","Pyt_H"
"153",152,0.24835,0.0026,0.00315,0.7459,"Python_10","Pyt_H"
"154",153,0.2502,0.00275,0.00315,0.7439,"Python_10","Pyt_H"
"155",154,0.25165,0.0031,0.00315,0.7421,"Python_10","Pyt_H"
"156",155,0.2533,0.00335,0.0034,0.73995,"Python_10","Pyt_H"
"157",156,0.25565,0.00295,0.00395,0.73745,"Python_10","Pyt_H"
"158",157,0.2572,0.0032,0.00405,0.73555,"Python_10","Pyt_H"
"159",158,0.2582,0.00345,0.0044,0.73395,"Python_10","Pyt_H"
"160",159,0.2597,0.00365,0.00445,0.7322,"Python_10","Pyt_H"
"161",160,0.25985,0.0042,0.00475,0.7312,"Python_10","Pyt_H"
"162",161,0.26115,0.0046,0.00495,0.7293,"Python_10","Pyt_H"
"163",162,0.2624,0.00435,0.0055,0.72775,"Python_10","Pyt_H"
"164",163,0.26325,0.0042,0.00605,0.7265,"Python_10","Pyt_H"
"165",164,0.26415,0.00425,0.0063,0.7253,"Python_10","Pyt_H"
"166",165,0.26445,0.0049,0.0066,0.72405,"Python_10","Pyt_H"
"167",166,0.26525,0.0056,0.00635,0.7228,"Python_10","Pyt_H"
"168",167,0.2661,0.0056,0.00665,0.72165,"Python_10","Pyt_H"
"169",168,0.2667,0.0059,0.0074,0.72,"Python_10","Pyt_H"
"170",169,0.2676,0.0064,0.0077,0.7183,"Python_10","Pyt_H"
"171",170,0.26825,0.00725,0.0077,0.7168,"Python_10","Pyt_H"
"172",171,0.26885,0.00725,0.0085,0.7154,"Python_10","Pyt_H"
"173",172,0.26835,0.00825,0.00895,0.71445,"Python_10","Pyt_H"
"174",173,0.26865,0.0082,0.0097,0.71345,"Python_10","Pyt_H"
"175",174,0.26835,0.00855,0.0104,0.7127,"Python_10","Pyt_H"
"176",175,0.26755,0.00945,0.01065,0.71235,"Python_10","Pyt_H"
"177",176,0.26765,0.00955,0.0117,0.7111,"Python_10","Pyt_H"
"178",177,0.26805,0.00965,0.0125,0.7098,"Python_10","Pyt_H"
"179",178,0.2672,0.01015,0.0134,0.70925,"Python_10","Pyt_H"
"180",179,0.26665,0.0105,0.01345,0.7094,"Python_10","Pyt_H"
"181",180,0.26635,0.01055,0.0146,0.7085,"Python_10","Pyt_H"
"182",181,0.2657,0.01115,0.01545,0.7077,"Python_10","Pyt_H"
"183",182,0.2643,0.01235,0.01635,0.707,"Python_10","Pyt_H"
"184",183,0.26245,0.01395,0.0163,0.7073,"Python_10","Pyt_H"
"185",184,0.2616,0.01475,0.01755,0.7061,"Python_10","Pyt_H"
"186",185,0.25985,0.01535,0.01885,0.70595,"Python_10","Pyt_H"
"187",186,0.2576,0.0164,0.02045,0.70555,"Python_10","Pyt_H"
"188",187,0.2557,0.01725,0.02175,0.7053,"Python_10","Pyt_H"
"189",188,0.25275,0.0186,0.02315,0.7055,"Python_10","Pyt_H"
"190",189,0.2512,0.01955,0.0234,0.70585,"Python_10","Pyt_H"
"191",190,0.24775,0.0195,0.0251,0.70765,"Python_10","Pyt_H"
"192",191,0.24455,0.0204,0.0259,0.70915,"Python_10","Pyt_H"
"193",192,0.24225,0.02065,0.0262,0.7109,"Python_10","Pyt_H"
"194",193,0.2393,0.0215,0.02725,0.71195,"Python_10","Pyt_H"
"195",194,0.2358,0.0225,0.0291,0.7126,"Python_10","Pyt_H"
"196",195,0.2333,0.0223,0.03035,0.71405,"Python_10","Pyt_H"
"197",196,0.2301,0.02285,0.0322,0.71485,"Python_10","Pyt_H"
"198",197,0.2258,0.02405,0.0337,0.71645,"Python_10","Pyt_H"
"199",198,0.2216,0.02545,0.03485,0.7181,"Python_10","Pyt_H"
"200",199,0.2183,0.02565,0.03535,0.7207,"Python_10","Pyt_H"
"201",200,0.2153,0.0251,0.0367,0.7229,"Python_10","Pyt_H"
"202",201,0.211,0.0266,0.0383,0.7241,"Python_10","Pyt_H"
"203",202,0.2055,0.0275,0.0398,0.7272,"Python_10","Pyt_H"
"204",203,0.20235,0.0277,0.0407,0.72925,"Python_10","Pyt_H"
"205",204,0.19875,0.0276,0.0421,0.73155,"Python_10","Pyt_H"
"206",205,0.1956,0.0274,0.04385,0.73315,"Python_10","Pyt_H"
"207",206,0.19155,0.02805,0.04445,0.73595,"Python_10","Pyt_H"
"208",207,0.1872,0.029,0.0453,0.7385,"Python_10","Pyt_H"
"209",208,0.1839,0.0292,0.04545,0.74145,"Python_10","Pyt_H"
"210",209,0.18005,0.0286,0.046,0.74535,"Python_10","Pyt_H"
"211",210,0.1762,0.02885,0.04745,0.7475,"Python_10","Pyt_H"
"212",211,0.173,0.0273,0.0498,0.7499,"Python_10","Pyt_H"
"213",212,0.1688,0.028,0.04965,0.75355,"Python_10","Pyt_H"
"214",213,0.1644,0.0287,0.0507,0.7562,"Python_10","Pyt_H"
"215",214,0.16075,0.0299,0.0507,0.75865,"Python_10","Pyt_H"
"216",215,0.15795,0.02855,0.0505,0.763,"Python_10","Pyt_H"
"217",216,0.1555,0.02725,0.05135,0.7659,"Python_10","Pyt_H"
"218",217,0.15305,0.02615,0.05265,0.76815,"Python_10","Pyt_H"
"219",218,0.14945,0.0265,0.05235,0.7717,"Python_10","Pyt_H"
"220",219,0.1459,0.0276,0.0504,0.7761,"Python_10","Pyt_H"
"221",220,0.14255,0.02775,0.05015,0.77955,"Python_10","Pyt_H"
"222",221,0.14045,0.02735,0.0509,0.7813,"Python_10","Pyt_H"
"223",222,0.1379,0.0267,0.05065,0.78475,"Python_10","Pyt_H"
"224",223,0.1362,0.0258,0.0504,0.7876,"Python_10","Pyt_H"
"225",224,0.13385,0.0247,0.05065,0.7908,"Python_10","Pyt_H"
"226",225,0.13305,0.0237,0.04925,0.794,"Python_10","Pyt_H"
"227",226,0.1314,0.0225,0.04885,0.79725,"Python_10","Pyt_H"
"228",227,0.12995,0.02255,0.04825,0.79925,"Python_10","Pyt_H"
"229",228,0.1288,0.02175,0.0484,0.80105,"Python_10","Pyt_H"
"230",229,0.1279,0.0221,0.04705,0.80295,"Python_10","Pyt_H"
"231",230,0.12795,0.02165,0.04555,0.80485,"Python_10","Pyt_H"
"232",231,0.1279,0.02035,0.0446,0.80715,"Python_10","Pyt_H"
"233",232,0.12735,0.01945,0.04425,0.80895,"Python_10","Pyt_H"
"234",233,0.1256,0.02005,0.0421,0.81225,"Python_10","Pyt_H"
"235",234,0.1249,0.02025,0.0414,0.81345,"Python_10","Pyt_H"
"236",235,0.12395,0.02015,0.04025,0.81565,"Python_10","Pyt_H"
"237",236,0.12535,0.01785,0.04045,0.81635,"Python_10","Pyt_H"
"238",237,0.12615,0.01755,0.03975,0.81655,"Python_10","Pyt_H"
"239",238,0.1265,0.0178,0.0388,0.8169,"Python_10","Pyt_H"
"240",239,0.12675,0.0179,0.03755,0.8178,"Python_10","Pyt_H"
"241",240,0.1279,0.0178,0.0361,0.8182,"Python_10","Pyt_H"
"242",241,0.12865,0.0176,0.03505,0.8187,"Python_10","Pyt_H"
"243",242,0.12885,0.01665,0.0337,0.8208,"Python_10","Pyt_H"
"244",243,0.1289,0.0159,0.03365,0.82155,"Python_10","Pyt_H"
"245",244,0.12955,0.01625,0.0324,0.8218,"Python_10","Pyt_H"
"246",245,0.12995,0.01645,0.0315,0.8221,"Python_10","Pyt_H"
"247",246,0.1302,0.0163,0.03145,0.82205,"Python_10","Pyt_H"
"248",247,0.1317,0.0153,0.03145,0.82155,"Python_10","Pyt_H"
"249",248,0.133,0.0143,0.03105,0.82165,"Python_10","Pyt_H"
"250",249,0.1338,0.0144,0.0311,0.8207,"Python_10","Pyt_H"
"251",250,0.1361,0.01415,0.03025,0.8195,"Python_10","Pyt_H"
"252",251,0.13635,0.0142,0.02985,0.8196,"Python_10","Pyt_H"
"253",252,0.1366,0.0142,0.03,0.8192,"Python_10","Pyt_H"
"254",253,0.1372,0.01425,0.0297,0.81885,"Python_10","Pyt_H"
"255",254,0.13815,0.0139,0.02835,0.8196,"Python_10","Pyt_H"
"256",255,0.1396,0.01415,0.0269,0.81935,"Python_10","Pyt_H"
"257",256,0.1414,0.0135,0.02645,0.81865,"Python_10","Pyt_H"
"258",257,0.1425,0.0133,0.02605,0.81815,"Python_10","Pyt_H"
"259",258,0.1432,0.01335,0.026,0.81745,"Python_10","Pyt_H"
"260",259,0.1447,0.0124,0.02615,0.81675,"Python_10","Pyt_H"
"261",260,0.14425,0.014,0.02535,0.8164,"Python_10","Pyt_H"
"262",261,0.1459,0.0138,0.0249,0.8154,"Python_10","Pyt_H"
"263",262,0.14655,0.0139,0.0253,0.81425,"Python_10","Pyt_H"
"264",263,0.14855,0.01365,0.02595,0.81185,"Python_10","Pyt_H"
"265",264,0.1496,0.01365,0.026,0.81075,"Python_10","Pyt_H"
"266",265,0.1495,0.0142,0.02585,0.81045,"Python_10","Pyt_H"
"267",266,0.15185,0.0134,0.0261,0.80865,"Python_10","Pyt_H"
"268",267,0.1532,0.01365,0.02605,0.8071,"Python_10","Pyt_H"
"269",268,0.1545,0.01295,0.0256,0.80695,"Python_10","Pyt_H"
"270",269,0.15565,0.0133,0.0258,0.80525,"Python_10","Pyt_H"
"271",270,0.15725,0.0133,0.02565,0.8038,"Python_10","Pyt_H"
"272",271,0.1579,0.01415,0.0247,0.80325,"Python_10","Pyt_H"
"273",272,0.159,0.01465,0.02395,0.8024,"Python_10","Pyt_H"
"274",273,0.15995,0.014,0.0242,0.80185,"Python_10","Pyt_H"
"275",274,0.16225,0.01315,0.02475,0.79985,"Python_10","Pyt_H"
"276",275,0.16265,0.0144,0.0242,0.79875,"Python_10","Pyt_H"
"277",276,0.16525,0.01435,0.0241,0.7963,"Python_10","Pyt_H"
"278",277,0.167,0.01305,0.0248,0.79515,"Python_10","Pyt_H"
"279",278,0.1681,0.0135,0.0242,0.7942,"Python_10","Pyt_H"
"280",279,0.1702,0.0128,0.025,0.792,"Python_10","Pyt_H"
"281",280,0.17115,0.01275,0.02565,0.79045,"Python_10","Pyt_H"
"282",281,0.17315,0.01275,0.0262,0.7879,"Python_10","Pyt_H"
"283",282,0.1735,0.0135,0.02635,0.78665,"Python_10","Pyt_H"
"284",283,0.1735,0.01385,0.0261,0.78655,"Python_10","Pyt_H"
"285",284,0.17485,0.01335,0.0261,0.7857,"Python_10","Pyt_H"
"286",285,0.1758,0.01375,0.0257,0.78475,"Python_10","Pyt_H"
"287",286,0.17625,0.0138,0.0261,0.78385,"Python_10","Pyt_H"
"288",287,0.1774,0.01425,0.02575,0.7826,"Python_10","Pyt_H"
"289",288,0.1787,0.0151,0.0259,0.7803,"Python_10","Pyt_H"
"290",289,0.1791,0.0154,0.02575,0.77975,"Python_10","Pyt_H"
"291",290,0.1804,0.01635,0.0248,0.77845,"Python_10","Pyt_H"
"292",291,0.1805,0.0167,0.02575,0.77705,"Python_10","Pyt_H"
"293",292,0.1817,0.01635,0.02555,0.7764,"Python_10","Pyt_H"
"294",293,0.18335,0.016,0.02625,0.7744,"Python_10","Pyt_H"
"295",294,0.18465,0.0162,0.0271,0.77205,"Python_10","Pyt_H"
"296",295,0.1851,0.01685,0.0261,0.77195,"Python_10","Pyt_H"
"297",296,0.18455,0.0175,0.0263,0.77165,"Python_10","Pyt_H"
"298",297,0.1844,0.01875,0.0266,0.77025,"Python_10","Pyt_H"
"299",298,0.18515,0.01855,0.0277,0.7686,"Python_10","Pyt_H"
"300",299,0.1855,0.01875,0.02745,0.7683,"Python_10","Pyt_H"
"301",300,0.1859,0.0187,0.02835,0.76705,"Python_10","Pyt_H"
"302",301,0.1859,0.01945,0.02845,0.7662,"Python_10","Pyt_H"
"303",302,0.18555,0.0198,0.02905,0.7656,"Python_10","Pyt_H"
"304",303,0.18555,0.02035,0.029,0.7651,"Python_10","Pyt_H"
"305",304,0.1859,0.0204,0.0289,0.7648,"Python_10","Pyt_H"
"306",305,0.18685,0.0185,0.031,0.76365,"Python_10","Pyt_H"
"307",306,0.186,0.01995,0.03125,0.7628,"Python_10","Pyt_H"
"308",307,0.1853,0.02055,0.03235,0.7618,"Python_10","Pyt_H"
"309",308,0.1847,0.0211,0.0315,0.7627,"Python_10","Pyt_H"
"310",309,0.18455,0.02135,0.03235,0.76175,"Python_10","Pyt_H"
"311",310,0.18455,0.0218,0.0336,0.76005,"Python_10","Pyt_H"
"312",311,0.18525,0.0218,0.03455,0.7584,"Python_10","Pyt_H"
"313",312,0.18485,0.0218,0.0358,0.75755,"Python_10","Pyt_H"
"314",313,0.18455,0.02255,0.03695,0.75595,"Python_10","Pyt_H"
"315",314,0.18365,0.0226,0.03755,0.7562,"Python_10","Pyt_H"
"316",315,0.18255,0.0232,0.03765,0.7566,"Python_10","Pyt_H"
"317",316,0.18065,0.0232,0.03825,0.7579,"Python_10","Pyt_H"
"318",317,0.17935,0.02445,0.03855,0.75765,"Python_10","Pyt_H"
"319",318,0.1778,0.0248,0.0398,0.7576,"Python_10","Pyt_H"
"320",319,0.1771,0.02495,0.03865,0.7593,"Python_10","Pyt_H"
"321",320,0.17645,0.0249,0.03915,0.7595,"Python_10","Pyt_H"
"322",321,0.17435,0.02555,0.04,0.7601,"Python_10","Pyt_H"
"323",322,0.1731,0.02525,0.04145,0.7602,"Python_10","Pyt_H"
"324",323,0.1733,0.0242,0.0427,0.7598,"Python_10","Pyt_H"
"325",324,0.17325,0.02375,0.04315,0.75985,"Python_10","Pyt_H"
"326",325,0.1726,0.02445,0.04335,0.7596,"Python_10","Pyt_H"
"327",326,0.17125,0.02535,0.04315,0.76025,"Python_10","Pyt_H"
"328",327,0.16965,0.0262,0.0429,0.76125,"Python_10","Pyt_H"
"329",328,0.1681,0.0247,0.0443,0.7629,"Python_10","Pyt_H"
"330",329,0.1682,0.0237,0.0448,0.7633,"Python_10","Pyt_H"
"331",330,0.16625,0.0254,0.04415,0.7642,"Python_10","Pyt_H"
"332",331,0.1634,0.0265,0.04465,0.76545,"Python_10","Pyt_H"
"333",332,0.16275,0.02625,0.0448,0.7662,"Python_10","Pyt_H"
"334",333,0.1618,0.02655,0.0441,0.76755,"Python_10","Pyt_H"
"335",334,0.1603,0.0268,0.04445,0.76845,"Python_10","Pyt_H"
"336",335,0.16035,0.02595,0.04525,0.76845,"Python_10","Pyt_H"
"337",336,0.159,0.0261,0.04555,0.76935,"Python_10","Pyt_H"
"338",337,0.1586,0.0261,0.04565,0.76965,"Python_10","Pyt_H"
"339",338,0.15755,0.02595,0.04665,0.76985,"Python_10","Pyt_H"
"340",339,0.15675,0.02565,0.0478,0.7698,"Python_10","Pyt_H"
"341",340,0.15485,0.0262,0.04805,0.7709,"Python_10","Pyt_H"
"342",341,0.15375,0.0262,0.0476,0.77245,"Python_10","Pyt_H"
"343",342,0.15295,0.02525,0.0469,0.7749,"Python_10","Pyt_H"
"344",343,0.15315,0.02465,0.04735,0.77485,"Python_10","Pyt_H"
"345",344,0.15345,0.0245,0.04695,0.7751,"Python_10","Pyt_H"
"346",345,0.1524,0.0247,0.0467,0.7762,"Python_10","Pyt_H"
"347",346,0.15265,0.0238,0.04655,0.777,"Python_10","Pyt_H"
"348",347,0.1515,0.0245,0.04565,0.77835,"Python_10","Pyt_H"
"349",348,0.1508,0.025,0.046,0.7782,"Python_10","Pyt_H"
"350",349,0.15005,0.0251,0.04595,0.7789,"Python_10","Pyt_H"
"351",350,0.1504,0.0247,0.0457,0.7792,"Python_10","Pyt_H"
"352",351,0.1502,0.02385,0.04545,0.7805,"Python_10","Pyt_H"
"353",352,0.1489,0.02455,0.04545,0.7811,"Python_10","Pyt_H"
"354",353,0.14935,0.02405,0.04455,0.78205,"Python_10","Pyt_H"
"355",354,0.14985,0.0241,0.04425,0.7818,"Python_10","Pyt_H"
"356",355,0.1489,0.0242,0.0433,0.7836,"Python_10","Pyt_H"
"357",356,0.14855,0.02395,0.04335,0.78415,"Python_10","Pyt_H"
"358",357,0.14655,0.0243,0.0433,0.78585,"Python_10","Pyt_H"
"359",358,0.14615,0.0227,0.0441,0.78705,"Python_10","Pyt_H"
"360",359,0.14605,0.0219,0.04465,0.7874,"Python_10","Pyt_H"
"361",360,0.1459,0.02225,0.045,0.78685,"Python_10","Pyt_H"
"362",361,0.1456,0.02255,0.04395,0.7879,"Python_10","Pyt_H"
"363",362,0.1453,0.02185,0.0444,0.78845,"Python_10","Pyt_H"
"364",363,0.14565,0.0219,0.044,0.78845,"Python_10","Pyt_H"
"365",364,0.1466,0.02215,0.043,0.78825,"Python_10","Pyt_H"
"366",365,0.14705,0.02185,0.04285,0.78825,"Python_10","Pyt_H"
"367",366,0.14725,0.022,0.0424,0.78835,"Python_10","Pyt_H"
"368",367,0.14895,0.021,0.04245,0.7876,"Python_10","Pyt_H"
"369",368,0.148,0.0208,0.04345,0.78775,"Python_10","Pyt_H"
"370",369,0.1473,0.0223,0.04175,0.78865,"Python_10","Pyt_H"
"371",370,0.14815,0.0216,0.04115,0.7891,"Python_10","Pyt_H"
"372",371,0.14825,0.02165,0.04095,0.78915,"Python_10","Pyt_H"
"373",372,0.1487,0.0217,0.0406,0.789,"Python_10","Pyt_H"
"374",373,0.1499,0.0212,0.0411,0.7878,"Python_10","Pyt_H"
"375",374,0.14955,0.0217,0.0415,0.78725,"Python_10","Pyt_H"
"376",375,0.1508,0.0212,0.04025,0.78775,"Python_10","Pyt_H"
"377",376,0.15055,0.02065,0.0409,0.7879,"Python_10","Pyt_H"
"378",377,0.1503,0.02065,0.04,0.78905,"Python_10","Pyt_H"
"379",378,0.15255,0.0199,0.0396,0.78795,"Python_10","Pyt_H"
"380",379,0.15285,0.01915,0.0407,0.7873,"Python_10","Pyt_H"
"381",380,0.152,0.02,0.04,0.788,"Python_10","Pyt_H"
"382",381,0.1519,0.0216,0.0385,0.788,"Python_10","Pyt_H"
"383",382,0.1536,0.02125,0.03725,0.7879,"Python_10","Pyt_H"
"384",383,0.1552,0.02095,0.03675,0.7871,"Python_10","Pyt_H"
"385",384,0.15725,0.01955,0.03675,0.78645,"Python_10","Pyt_H"
"386",385,0.15695,0.01915,0.03645,0.78745,"Python_10","Pyt_H"
"387",386,0.15765,0.01835,0.0371,0.7869,"Python_10","Pyt_H"
"388",387,0.1582,0.0193,0.0355,0.787,"Python_10","Pyt_H"
"389",388,0.16035,0.0192,0.0348,0.78565,"Python_10","Pyt_H"
"390",389,0.16085,0.02035,0.03385,0.78495,"Python_10","Pyt_H"
"391",390,0.16215,0.0198,0.03535,0.7827,"Python_10","Pyt_H"
"392",391,0.1625,0.0207,0.03525,0.78155,"Python_10","Pyt_H"
"393",392,0.16435,0.0191,0.0354,0.78115,"Python_10","Pyt_H"
"394",393,0.1636,0.0187,0.03575,0.78195,"Python_10","Pyt_H"
"395",394,0.1646,0.0184,0.0358,0.7812,"Python_10","Pyt_H"
"396",395,0.1654,0.01775,0.0353,0.78155,"Python_10","Pyt_H"
"397",396,0.1656,0.01875,0.03395,0.7817,"Python_10","Pyt_H"
"398",397,0.16675,0.01915,0.0331,0.781,"Python_10","Pyt_H"
"399",398,0.16785,0.019,0.0321,0.78105,"Python_10","Pyt_H"
"400",399,0.16875,0.0182,0.0327,0.78035,"Python_10","Pyt_H"
"401",400,0.17115,0.0176,0.0334,0.77785,"Python_10","Pyt_H"
"402",401,0.1707,0.0188,0.0333,0.7772,"Python_10","Pyt_H"
"403",402,0.17105,0.0194,0.0333,0.77625,"Python_10","Pyt_H"
"404",403,0.17125,0.01945,0.03365,0.77565,"Python_10","Pyt_H"
"405",404,0.17105,0.0196,0.03385,0.7755,"Python_10","Pyt_H"
"406",405,0.1719,0.0198,0.0335,0.7748,"Python_10","Pyt_H"
"407",406,0.17265,0.0206,0.03285,0.7739,"Python_10","Pyt_H"
"408",407,0.1723,0.02135,0.03315,0.7732,"Python_10","Pyt_H"
"409",408,0.17265,0.02075,0.03485,0.77175,"Python_10","Pyt_H"
"410",409,0.17225,0.02,0.03545,0.7723,"Python_10","Pyt_H"
"411",410,0.17345,0.0198,0.03515,0.7716,"Python_10","Pyt_H"
"412",411,0.17435,0.0197,0.03585,0.7701,"Python_10","Pyt_H"
"413",412,0.17335,0.0208,0.0355,0.77035,"Python_10","Pyt_H"
"414",413,0.1739,0.0205,0.03595,0.76965,"Python_10","Pyt_H"
"415",414,0.1741,0.01975,0.03605,0.7701,"Python_10","Pyt_H"
"416",415,0.1745,0.01915,0.03655,0.7698,"Python_10","Pyt_H"
"417",416,0.17355,0.0203,0.0367,0.76945,"Python_10","Pyt_H"
"418",417,0.17295,0.02205,0.03685,0.76815,"Python_10","Pyt_H"
"419",418,0.1724,0.02185,0.03815,0.7676,"Python_10","Pyt_H"
"420",419,0.1712,0.02295,0.03835,0.7675,"Python_10","Pyt_H"
"421",420,0.1715,0.02285,0.0382,0.76745,"Python_10","Pyt_H"
"422",421,0.171,0.02175,0.0399,0.76735,"Python_10","Pyt_H"
"423",422,0.1712,0.02215,0.03885,0.7678,"Python_10","Pyt_H"
"424",423,0.17105,0.02195,0.03935,0.76765,"Python_10","Pyt_H"
"425",424,0.1704,0.02215,0.0394,0.76805,"Python_10","Pyt_H"
"426",425,0.1683,0.0236,0.03865,0.76945,"Python_10","Pyt_H"
"427",426,0.16745,0.02325,0.03795,0.77135,"Python_10","Pyt_H"
"428",427,0.16835,0.02265,0.03785,0.77115,"Python_10","Pyt_H"
"429",428,0.1693,0.0212,0.03855,0.77095,"Python_10","Pyt_H"
"430",429,0.16985,0.0207,0.03875,0.7707,"Python_10","Pyt_H"
"431",430,0.17,0.02065,0.0391,0.77025,"Python_10","Pyt_H"
"432",431,0.16905,0.02135,0.0391,0.7705,"Python_10","Pyt_H"
"433",432,0.16835,0.022,0.03835,0.7713,"Python_10","Pyt_H"
"434",433,0.16715,0.0228,0.0382,0.77185,"Python_10","Pyt_H"
"435",434,0.1669,0.02305,0.03845,0.7716,"Python_10","Pyt_H"
"436",435,0.16665,0.02305,0.0387,0.7716,"Python_10","Pyt_H"
"437",436,0.1658,0.02265,0.0397,0.77185,"Python_10","Pyt_H"
"438",437,0.16575,0.0219,0.04015,0.7722,"Python_10","Pyt_H"
"439",438,0.1645,0.0222,0.0401,0.7732,"Python_10","Pyt_H"
"440",439,0.1647,0.02275,0.03895,0.7736,"Python_10","Pyt_H"
"441",440,0.16375,0.02305,0.03865,0.77455,"Python_10","Pyt_H"
"442",441,0.16475,0.02215,0.0395,0.7736,"Python_10","Pyt_H"
"443",442,0.16475,0.02155,0.0398,0.7739,"Python_10","Pyt_H"
"444",443,0.16455,0.0217,0.03885,0.7749,"Python_10","Pyt_H"
"445",444,0.1644,0.02155,0.0397,0.77435,"Python_10","Pyt_H"
"446",445,0.1636,0.02235,0.039,0.77505,"Python_10","Pyt_H"
"447",446,0.1636,0.022,0.0395,0.7749,"Python_10","Pyt_H"
"448",447,0.16375,0.0227,0.0387,0.77485,"Python_10","Pyt_H"
"449",448,0.1633,0.02175,0.0395,0.77545,"Python_10","Pyt_H"
"450",449,0.1627,0.02105,0.04025,0.776,"Python_10","Pyt_H"
"451",450,0.16235,0.0214,0.0399,0.77635,"Python_10","Pyt_H"
"452",451,0.1625,0.02075,0.04075,0.776,"Python_10","Pyt_H"
"453",452,0.16155,0.0214,0.041,0.77605,"Python_10","Pyt_H"
"454",453,0.1612,0.02155,0.04155,0.7757,"Python_10","Pyt_H"
"455",454,0.15955,0.02295,0.04155,0.77595,"Python_10","Pyt_H"
"456",455,0.1596,0.02355,0.0405,0.77635,"Python_10","Pyt_H"
"457",456,0.15885,0.02275,0.04175,0.77665,"Python_10","Pyt_H"
"458",457,0.15855,0.02235,0.0419,0.7772,"Python_10","Pyt_H"
"459",458,0.15805,0.02175,0.0417,0.7785,"Python_10","Pyt_H"
"460",459,0.15655,0.02255,0.04165,0.77925,"Python_10","Pyt_H"
"461",460,0.1571,0.02135,0.04185,0.7797,"Python_10","Pyt_H"
"462",461,0.15635,0.0217,0.04235,0.7796,"Python_10","Pyt_H"
"463",462,0.15535,0.02245,0.0416,0.7806,"Python_10","Pyt_H"
"464",463,0.1551,0.0237,0.0407,0.7805,"Python_10","Pyt_H"
"465",464,0.1555,0.0238,0.03905,0.78165,"Python_10","Pyt_H"
"466",465,0.15595,0.0232,0.0401,0.78075,"Python_10","Pyt_H"
"467",466,0.15595,0.0228,0.04165,0.7796,"Python_10","Pyt_H"
"468",467,0.1572,0.0216,0.0423,0.7789,"Python_10","Pyt_H"
"469",468,0.1569,0.0217,0.042,0.7794,"Python_10","Pyt_H"
"470",469,0.15565,0.02285,0.0413,0.7802,"Python_10","Pyt_H"
"471",470,0.15535,0.02395,0.04145,0.77925,"Python_10","Pyt_H"
"472",471,0.155,0.0245,0.0422,0.7783,"Python_10","Pyt_H"
"473",472,0.1551,0.02385,0.0424,0.77865,"Python_10","Pyt_H"
"474",473,0.1549,0.0226,0.04445,0.77805,"Python_10","Pyt_H"
"475",474,0.15405,0.02155,0.0454,0.779,"Python_10","Pyt_H"
"476",475,0.15345,0.0216,0.04535,0.7796,"Python_10","Pyt_H"
"477",476,0.15255,0.02175,0.04505,0.78065,"Python_10","Pyt_H"
"478",477,0.1524,0.0225,0.04345,0.78165,"Python_10","Pyt_H"
"479",478,0.1524,0.0221,0.0429,0.7826,"Python_10","Pyt_H"
"480",479,0.1513,0.0218,0.0441,0.7828,"Python_10","Pyt_H"
"481",480,0.1514,0.0218,0.04375,0.78305,"Python_10","Pyt_H"
"482",481,0.1526,0.0209,0.0434,0.7831,"Python_10","Pyt_H"
"483",482,0.15215,0.02185,0.0427,0.7833,"Python_10","Pyt_H"
"484",483,0.1512,0.02295,0.0431,0.78275,"Python_10","Pyt_H"
"485",484,0.1512,0.02225,0.0426,0.78395,"Python_10","Pyt_H"
"486",485,0.1511,0.02305,0.04195,0.7839,"Python_10","Pyt_H"
"487",486,0.1508,0.0233,0.041,0.7849,"Python_10","Pyt_H"
"488",487,0.15145,0.0224,0.04185,0.7843,"Python_10","Pyt_H"
"489",488,0.14985,0.02285,0.0426,0.7847,"Python_10","Pyt_H"
"490",489,0.15035,0.02285,0.0421,0.7847,"Python_10","Pyt_H"
"491",490,0.1504,0.02245,0.0424,0.78475,"Python_10","Pyt_H"
"492",491,0.1501,0.02245,0.0418,0.78565,"Python_10","Pyt_H"
"493",492,0.1507,0.0216,0.04205,0.78565,"Python_10","Pyt_H"
"494",493,0.1501,0.02225,0.041,0.78665,"Python_10","Pyt_H"
"495",494,0.1499,0.02175,0.041,0.78735,"Python_10","Pyt_H"
"496",495,0.1498,0.0218,0.04105,0.78735,"Python_10","Pyt_H"
"497",496,0.15065,0.02105,0.03995,0.78835,"Python_10","Pyt_H"
"498",497,0.1502,0.0211,0.04005,0.78865,"Python_10","Pyt_H"
"499",498,0.15075,0.0202,0.0402,0.78885,"Python_10","Pyt_H"
"500",499,0.1519,0.0195,0.0404,0.7882,"Python_10","Pyt_H"
"501",500,0.15225,0.02035,0.039,0.7884,"Python_10","Pyt_H"
"502",501,0.1528,0.02035,0.03805,0.7888,"Python_10","Pyt_H"
"503",502,0.15315,0.0204,0.03755,0.7889,"Python_10","Pyt_H"
"504",503,0.15345,0.0203,0.0369,0.78935,"Python_10","Pyt_H"
"505",504,0.15415,0.0197,0.0367,0.78945,"Python_10","Pyt_H"
"506",505,0.15405,0.0199,0.03655,0.7895,"Python_10","Pyt_H"
"507",506,0.1546,0.0197,0.03575,0.78995,"Python_10","Pyt_H"
"508",507,0.1552,0.0203,0.0356,0.7889,"Python_10","Pyt_H"
"509",508,0.1563,0.0202,0.03475,0.78875,"Python_10","Pyt_H"
"510",509,0.15735,0.0195,0.0351,0.78805,"Python_10","Pyt_H"
"511",510,0.15795,0.01885,0.0354,0.7878,"Python_10","Pyt_H"
"512",511,0.1578,0.0184,0.03565,0.78815,"Python_10","Pyt_H"
"513",512,0.15775,0.01905,0.0353,0.7879,"Python_10","Pyt_H"
"514",513,0.1581,0.0185,0.03565,0.78775,"Python_10","Pyt_H"
"515",514,0.15815,0.0189,0.034,0.78895,"Python_10","Pyt_H"
"516",515,0.1593,0.01855,0.03395,0.7882,"Python_10","Pyt_H"
"517",516,0.1599,0.0182,0.034,0.7879,"Python_10","Pyt_H"
"518",517,0.1597,0.01895,0.03355,0.7878,"Python_10","Pyt_H"
"519",518,0.16085,0.01905,0.0336,0.7865,"Python_10","Pyt_H"
"520",519,0.1617,0.0189,0.0337,0.7857,"Python_10","Pyt_H"
"521",520,0.1638,0.0183,0.03395,0.78395,"Python_10","Pyt_H"
"522",521,0.16535,0.0182,0.03335,0.7831,"Python_10","Pyt_H"
"523",522,0.16595,0.0183,0.03355,0.7822,"Python_10","Pyt_H"
"524",523,0.16745,0.01795,0.0336,0.781,"Python_10","Pyt_H"
"525",524,0.16795,0.0177,0.0334,0.78095,"Python_10","Pyt_H"
"526",525,0.1688,0.0181,0.03375,0.77935,"Python_10","Pyt_H"
"527",526,0.17065,0.0187,0.03315,0.7775,"Python_10","Pyt_H"
"528",527,0.17085,0.01815,0.03365,0.77735,"Python_10","Pyt_H"
"529",528,0.17015,0.01845,0.0341,0.7773,"Python_10","Pyt_H"
"530",529,0.17015,0.019,0.0344,0.77645,"Python_10","Pyt_H"
"531",530,0.1719,0.01815,0.0342,0.77575,"Python_10","Pyt_H"
"532",531,0.17215,0.01785,0.0345,0.7755,"Python_10","Pyt_H"
"533",532,0.17315,0.01905,0.03375,0.77405,"Python_10","Pyt_H"
"534",533,0.17265,0.01885,0.0341,0.7744,"Python_10","Pyt_H"
"535",534,0.17395,0.0187,0.03405,0.7733,"Python_10","Pyt_H"
"536",535,0.17425,0.01895,0.0337,0.7731,"Python_10","Pyt_H"
"537",536,0.1749,0.01975,0.0335,0.77185,"Python_10","Pyt_H"
"538",537,0.17555,0.02005,0.03325,0.77115,"Python_10","Pyt_H"
"539",538,0.17515,0.0207,0.03305,0.7711,"Python_10","Pyt_H"
"540",539,0.1759,0.02025,0.0345,0.76935,"Python_10","Pyt_H"
"541",540,0.17495,0.0211,0.0345,0.76945,"Python_10","Pyt_H"
"542",541,0.17585,0.02065,0.03445,0.76905,"Python_10","Pyt_H"
"543",542,0.17575,0.02105,0.0356,0.7676,"Python_10","Pyt_H"
"544",543,0.17545,0.02205,0.03545,0.76705,"Python_10","Pyt_H"
"545",544,0.1766,0.02095,0.0364,0.76605,"Python_10","Pyt_H"
"546",545,0.1771,0.02115,0.0372,0.76455,"Python_10","Pyt_H"
"547",546,0.17745,0.0214,0.03695,0.7642,"Python_10","Pyt_H"
"548",547,0.17805,0.0216,0.03755,0.7628,"Python_10","Pyt_H"
"549",548,0.1773,0.0224,0.0371,0.7632,"Python_10","Pyt_H"
"550",549,0.1769,0.02165,0.0384,0.76305,"Python_10","Pyt_H"
"551",550,0.1764,0.0217,0.0387,0.7632,"Python_10","Pyt_H"
"552",551,0.176,0.02265,0.0389,0.76245,"Python_10","Pyt_H"
"553",552,0.17575,0.0226,0.0391,0.76255,"Python_10","Pyt_H"
"554",553,0.17555,0.0223,0.0398,0.76235,"Python_10","Pyt_H"
"555",554,0.17525,0.02225,0.04085,0.76165,"Python_10","Pyt_H"
"556",555,0.17555,0.0215,0.04055,0.7624,"Python_10","Pyt_H"
"557",556,0.17455,0.02235,0.03985,0.76325,"Python_10","Pyt_H"
"558",557,0.17465,0.0221,0.0393,0.76395,"Python_10","Pyt_H"
"559",558,0.17465,0.0221,0.04005,0.7632,"Python_10","Pyt_H"
"560",559,0.17365,0.02265,0.03945,0.76425,"Python_10","Pyt_H"
"561",560,0.17345,0.0233,0.03955,0.7637,"Python_10","Pyt_H"
"562",561,0.17325,0.02385,0.0389,0.764,"Python_10","Pyt_H"
"563",562,0.172,0.02415,0.04005,0.7638,"Python_10","Pyt_H"
"564",563,0.1717,0.0244,0.04065,0.76325,"Python_10","Pyt_H"
"565",564,0.17135,0.02525,0.0412,0.7622,"Python_10","Pyt_H"
"566",565,0.1709,0.0254,0.04195,0.76175,"Python_10","Pyt_H"
"567",566,0.17095,0.0252,0.04235,0.7615,"Python_10","Pyt_H"
"568",567,0.17055,0.0251,0.0429,0.76145,"Python_10","Pyt_H"
"569",568,0.1696,0.0255,0.04285,0.76205,"Python_10","Pyt_H"
"570",569,0.16815,0.02605,0.0436,0.7622,"Python_10","Pyt_H"
"571",570,0.16745,0.02675,0.04315,0.76265,"Python_10","Pyt_H"
"572",571,0.16675,0.0266,0.04345,0.7632,"Python_10","Pyt_H"
"573",572,0.166,0.02625,0.04405,0.7637,"Python_10","Pyt_H"
"574",573,0.16545,0.02585,0.04375,0.76495,"Python_10","Pyt_H"
"575",574,0.16525,0.0254,0.04445,0.7649,"Python_10","Pyt_H"
"576",575,0.1651,0.0242,0.04485,0.76585,"Python_10","Pyt_H"
"577",576,0.1643,0.0245,0.0453,0.7659,"Python_10","Pyt_H"
"578",577,0.1628,0.0248,0.04485,0.76755,"Python_10","Pyt_H"
"579",578,0.1605,0.02635,0.04415,0.769,"Python_10","Pyt_H"
"580",579,0.16155,0.02545,0.0445,0.7685,"Python_10","Pyt_H"
"581",580,0.1622,0.02395,0.0451,0.76875,"Python_10","Pyt_H"
"582",581,0.1612,0.0235,0.04595,0.76935,"Python_10","Pyt_H"
"583",582,0.15875,0.0248,0.0456,0.77085,"Python_10","Pyt_H"
"584",583,0.15885,0.02455,0.0458,0.7708,"Python_10","Pyt_H"
"585",584,0.158,0.02545,0.04505,0.7715,"Python_10","Pyt_H"
"586",585,0.1571,0.02555,0.0445,0.77285,"Python_10","Pyt_H"
"587",586,0.15615,0.0259,0.04515,0.7728,"Python_10","Pyt_H"
"588",587,0.1556,0.02495,0.04555,0.7739,"Python_10","Pyt_H"
"589",588,0.15535,0.02535,0.0452,0.7741,"Python_10","Pyt_H"
"590",589,0.15505,0.02475,0.04655,0.77365,"Python_10","Pyt_H"
"591",590,0.15465,0.0256,0.04545,0.7743,"Python_10","Pyt_H"
"592",591,0.1556,0.0247,0.0454,0.7743,"Python_10","Pyt_H"
"593",592,0.15455,0.0243,0.04605,0.7751,"Python_10","Pyt_H"
"594",593,0.15555,0.02375,0.04565,0.77505,"Python_10","Pyt_H"
"595",594,0.15515,0.0231,0.04525,0.7765,"Python_10","Pyt_H"
"596",595,0.15495,0.0239,0.04515,0.776,"Python_10","Pyt_H"
"597",596,0.15565,0.02335,0.0448,0.7762,"Python_10","Pyt_H"
"598",597,0.1562,0.02255,0.0445,0.77675,"Python_10","Pyt_H"
"599",598,0.1558,0.0232,0.04305,0.77795,"Python_10","Pyt_H"
"600",599,0.15635,0.023,0.04235,0.7783,"Python_10","Pyt_H"
"601",600,0.15735,0.0222,0.04265,0.7778,"Python_10","Pyt_H"
"602",601,0.1575,0.02275,0.04095,0.7788,"Python_10","Pyt_H"
"603",602,0.15715,0.0227,0.0415,0.77865,"Python_10","Pyt_H"
"604",603,0.1563,0.0232,0.04215,0.77835,"Python_10","Pyt_H"
"605",604,0.1561,0.02395,0.0418,0.77815,"Python_10","Pyt_H"
"606",605,0.1566,0.02395,0.04185,0.7776,"Python_10","Pyt_H"
"607",606,0.15645,0.02315,0.0429,0.7775,"Python_10","Pyt_H"
"608",607,0.1572,0.023,0.0427,0.7771,"Python_10","Pyt_H"
"609",608,0.1575,0.0227,0.0428,0.777,"Python_10","Pyt_H"
"610",609,0.15815,0.0207,0.044,0.77715,"Python_10","Pyt_H"
"611",610,0.15785,0.0213,0.04345,0.7774,"Python_10","Pyt_H"
"612",611,0.1579,0.0219,0.04205,0.77815,"Python_10","Pyt_H"
"613",612,0.15735,0.0218,0.0414,0.77945,"Python_10","Pyt_H"
"614",613,0.1564,0.0223,0.04115,0.78015,"Python_10","Pyt_H"
"615",614,0.15755,0.0229,0.04,0.77955,"Python_10","Pyt_H"
"616",615,0.1584,0.02275,0.03925,0.7796,"Python_10","Pyt_H"
"617",616,0.1591,0.02165,0.0402,0.77905,"Python_10","Pyt_H"
"618",617,0.15835,0.02225,0.04005,0.77935,"Python_10","Pyt_H"
"619",618,0.15865,0.02175,0.0398,0.7798,"Python_10","Pyt_H"
"620",619,0.1587,0.0222,0.0395,0.7796,"Python_10","Pyt_H"
"621",620,0.15985,0.0218,0.03935,0.779,"Python_10","Pyt_H"
"622",621,0.15975,0.02195,0.0393,0.779,"Python_10","Pyt_H"
"623",622,0.1596,0.0221,0.03965,0.77865,"Python_10","Pyt_H"
"624",623,0.15815,0.0239,0.03865,0.7793,"Python_10","Pyt_H"
"625",624,0.15835,0.02375,0.03975,0.77815,"Python_10","Pyt_H"
"626",625,0.15885,0.0237,0.04,0.77745,"Python_10","Pyt_H"
"627",626,0.15985,0.0232,0.04135,0.7756,"Python_10","Pyt_H"
"628",627,0.15935,0.02285,0.0425,0.7753,"Python_10","Pyt_H"
"629",628,0.1593,0.02275,0.04185,0.7761,"Python_10","Pyt_H"
"630",629,0.16025,0.0223,0.04255,0.7749,"Python_10","Pyt_H"
"631",630,0.1612,0.02215,0.04175,0.7749,"Python_10","Pyt_H"
"632",631,0.16125,0.02225,0.04155,0.77495,"Python_10","Pyt_H"
"633",632,0.16035,0.02425,0.04035,0.77505,"Python_10","Pyt_H"
"634",633,0.16055,0.0238,0.041,0.77465,"Python_10","Pyt_H"
"635",634,0.16175,0.0224,0.0417,0.77415,"Python_10","Pyt_H"
"636",635,0.1613,0.02285,0.0411,0.77475,"Python_10","Pyt_H"
"637",636,0.161,0.02225,0.0418,0.77495,"Python_10","Pyt_H"
"638",637,0.1612,0.0239,0.04145,0.77345,"Python_10","Pyt_H"
"639",638,0.15995,0.02445,0.04105,0.77455,"Python_10","Pyt_H"
"640",639,0.1607,0.02405,0.0414,0.77385,"Python_10","Pyt_H"
"641",640,0.16075,0.0232,0.0429,0.77315,"Python_10","Pyt_H"
"642",641,0.15915,0.02365,0.04285,0.77435,"Python_10","Pyt_H"
"643",642,0.1591,0.0237,0.04295,0.77425,"Python_10","Pyt_H"
"644",643,0.1587,0.0232,0.0432,0.7749,"Python_10","Pyt_H"
"645",644,0.1588,0.0229,0.04175,0.77655,"Python_10","Pyt_H"
"646",645,0.15905,0.023,0.0419,0.77605,"Python_10","Pyt_H"
"647",646,0.15775,0.02325,0.0431,0.7759,"Python_10","Pyt_H"
"648",647,0.1584,0.0233,0.0427,0.7756,"Python_10","Pyt_H"
"649",648,0.15755,0.0239,0.04285,0.7757,"Python_10","Pyt_H"
"650",649,0.15645,0.0239,0.04295,0.7767,"Python_10","Pyt_H"
"651",650,0.15625,0.02405,0.04305,0.77665,"Python_10","Pyt_H"
"652",651,0.1563,0.0234,0.04335,0.77695,"Python_10","Pyt_H"
"653",652,0.15555,0.0234,0.044,0.77705,"Python_10","Pyt_H"
"654",653,0.156,0.02365,0.0431,0.77725,"Python_10","Pyt_H"
"655",654,0.15515,0.0234,0.04395,0.7775,"Python_10","Pyt_H"
"656",655,0.15555,0.02315,0.04405,0.77725,"Python_10","Pyt_H"
"657",656,0.15585,0.022,0.04505,0.7771,"Python_10","Pyt_H"
"658",657,0.1552,0.0221,0.045,0.7777,"Python_10","Pyt_H"
"659",658,0.15405,0.0227,0.0447,0.77855,"Python_10","Pyt_H"
"660",659,0.15455,0.02215,0.0439,0.7794,"Python_10","Pyt_H"
