"","step","S","E","I","R","simu","Langage"
"1",0,0.999,0,0.001,0,"Python_11","Pyt_H"
"2",1,0.99805,0.00095,0.001,0,"Python_11","Pyt_H"
"3",2,0.9972,0.0018,8e-04,2e-04,"Python_11","Pyt_H"
"4",3,0.9966,0.00225,8e-04,0.00035,"Python_11","Pyt_H"
"5",4,0.99625,0.0023,0.001,0.00045,"Python_11","Pyt_H"
"6",5,0.9953,0.00275,0.0013,0.00065,"Python_11","Pyt_H"
"7",6,0.9946,0.0031,0.0015,8e-04,"Python_11","Pyt_H"
"8",7,0.99325,0.00385,0.00185,0.00105,"Python_11","Pyt_H"
"9",8,0.9913,0.00485,0.00265,0.0012,"Python_11","Pyt_H"
"10",9,0.9888,0.0065,0.00325,0.00145,"Python_11","Pyt_H"
"11",10,0.9856,0.00855,0.00405,0.0018,"Python_11","Pyt_H"
"12",11,0.98215,0.0103,0.0054,0.00215,"Python_11","Pyt_H"
"13",12,0.97785,0.01275,0.0067,0.0027,"Python_11","Pyt_H"
"14",13,0.97185,0.0165,0.00835,0.0033,"Python_11","Pyt_H"
"15",14,0.96435,0.0209,0.0107,0.00405,"Python_11","Pyt_H"
"16",15,0.95405,0.0269,0.0142,0.00485,"Python_11","Pyt_H"
"17",16,0.9415,0.03505,0.01725,0.0062,"Python_11","Pyt_H"
"18",17,0.9273,0.0426,0.0226,0.0075,"Python_11","Pyt_H"
"19",18,0.90745,0.0537,0.0294,0.00945,"Python_11","Pyt_H"
"20",19,0.88295,0.0688,0.03635,0.0119,"Python_11","Pyt_H"
"21",20,0.85545,0.08355,0.0452,0.0158,"Python_11","Pyt_H"
"22",21,0.82115,0.1024,0.05605,0.0204,"Python_11","Pyt_H"
"23",22,0.7818,0.12375,0.06905,0.0254,"Python_11","Pyt_H"
"24",23,0.7329,0.14845,0.08695,0.0317,"Python_11","Pyt_H"
"25",24,0.6816,0.1712,0.1066,0.0406,"Python_11","Pyt_H"
"26",25,0.62315,0.19495,0.1307,0.0512,"Python_11","Pyt_H"
"27",26,0.5555,0.22255,0.15915,0.0628,"Python_11","Pyt_H"
"28",27,0.48365,0.252,0.1869,0.07745,"Python_11","Pyt_H"
"29",28,0.41175,0.27355,0.21855,0.09615,"Python_11","Pyt_H"
"30",29,0.33925,0.28705,0.25555,0.11815,"Python_11","Pyt_H"
"31",30,0.27395,0.29225,0.2906,0.1432,"Python_11","Pyt_H"
"32",31,0.21545,0.28755,0.32195,0.17505,"Python_11","Pyt_H"
"33",32,0.1667,0.272,0.3525,0.2088,"Python_11","Pyt_H"
"34",33,0.1265,0.2474,0.3801,0.246,"Python_11","Pyt_H"
"35",34,0.0936,0.22165,0.40005,0.2847,"Python_11","Pyt_H"
"36",35,0.0682,0.19565,0.4067,0.32945,"Python_11","Pyt_H"
"37",36,0.05055,0.1636,0.4117,0.37415,"Python_11","Pyt_H"
"38",37,0.0373,0.13505,0.4031,0.42455,"Python_11","Pyt_H"
"39",38,0.0292,0.1117,0.39,0.4691,"Python_11","Pyt_H"
"40",39,0.02235,0.09135,0.36775,0.51855,"Python_11","Pyt_H"
"41",40,0.0177,0.07285,0.34425,0.5652,"Python_11","Pyt_H"
"42",41,0.0147,0.05865,0.32065,0.606,"Python_11","Pyt_H"
"43",42,0.0131,0.0464,0.29655,0.64395,"Python_11","Pyt_H"
"44",43,0.0126,0.03555,0.27405,0.6778,"Python_11","Pyt_H"
"45",44,0.0119,0.029,0.247,0.7121,"Python_11","Pyt_H"
"46",45,0.01175,0.02215,0.225,0.7411,"Python_11","Pyt_H"
"47",46,0.01215,0.0173,0.20135,0.7692,"Python_11","Pyt_H"
"48",47,0.01265,0.0145,0.17905,0.7938,"Python_11","Pyt_H"
"49",48,0.01365,0.0124,0.15835,0.8156,"Python_11","Pyt_H"
"50",49,0.0139,0.0115,0.1399,0.8347,"Python_11","Pyt_H"
"51",50,0.0162,0.0091,0.1256,0.8491,"Python_11","Pyt_H"
"52",51,0.0178,0.00825,0.1102,0.86375,"Python_11","Pyt_H"
"53",52,0.01995,0.00745,0.09705,0.87555,"Python_11","Pyt_H"
"54",53,0.0212,0.0071,0.0864,0.8853,"Python_11","Pyt_H"
"55",54,0.02335,0.0063,0.0774,0.89295,"Python_11","Pyt_H"
"56",55,0.0246,0.0066,0.06755,0.90125,"Python_11","Pyt_H"
"57",56,0.02605,0.00595,0.05995,0.90805,"Python_11","Pyt_H"
"58",57,0.02825,0.00525,0.0529,0.9136,"Python_11","Pyt_H"
"59",58,0.03065,0.0048,0.0471,0.91745,"Python_11","Pyt_H"
"60",59,0.03195,0.0053,0.04215,0.9206,"Python_11","Pyt_H"
"61",60,0.0338,0.0055,0.0379,0.9228,"Python_11","Pyt_H"
"62",61,0.0361,0.0052,0.0343,0.9244,"Python_11","Pyt_H"
"63",62,0.039,0.00545,0.0308,0.92475,"Python_11","Pyt_H"
"64",63,0.04145,0.0047,0.0279,0.92595,"Python_11","Pyt_H"
"65",64,0.0436,0.00415,0.0263,0.92595,"Python_11","Pyt_H"
"66",65,0.04675,0.0041,0.02365,0.9255,"Python_11","Pyt_H"
"67",66,0.04925,0.004,0.02165,0.9251,"Python_11","Pyt_H"
"68",67,0.05145,0.00405,0.0197,0.9248,"Python_11","Pyt_H"
"69",68,0.0544,0.0037,0.0182,0.9237,"Python_11","Pyt_H"
"70",69,0.0569,0.0037,0.0163,0.9231,"Python_11","Pyt_H"
"71",70,0.0594,0.0034,0.0154,0.9218,"Python_11","Pyt_H"
"72",71,0.0626,0.0029,0.01435,0.92015,"Python_11","Pyt_H"
"73",72,0.06505,0.0026,0.0128,0.91955,"Python_11","Pyt_H"
"74",73,0.0674,0.00295,0.0118,0.91785,"Python_11","Pyt_H"
"75",74,0.07025,0.003,0.0107,0.91605,"Python_11","Pyt_H"
"76",75,0.073,0.00275,0.00975,0.9145,"Python_11","Pyt_H"
"77",76,0.076,0.00265,0.00925,0.9121,"Python_11","Pyt_H"
"78",77,0.0785,0.00235,0.00915,0.91,"Python_11","Pyt_H"
"79",78,0.0811,0.00215,0.00815,0.9086,"Python_11","Pyt_H"
"80",79,0.08395,0.00215,0.007,0.9069,"Python_11","Pyt_H"
"81",80,0.08635,0.0018,0.0061,0.90575,"Python_11","Pyt_H"
"82",81,0.08915,0.0017,0.0056,0.90355,"Python_11","Pyt_H"
"83",82,0.0915,0.0017,0.005,0.9018,"Python_11","Pyt_H"
"84",83,0.0944,0.0015,0.00425,0.89985,"Python_11","Pyt_H"
"85",84,0.09675,0.0013,0.0038,0.89815,"Python_11","Pyt_H"
"86",85,0.0996,0.00145,0.0039,0.89505,"Python_11","Pyt_H"
"87",86,0.10215,0.0013,0.00355,0.893,"Python_11","Pyt_H"
"88",87,0.10565,0.0012,0.00335,0.8898,"Python_11","Pyt_H"
"89",88,0.10815,0.00115,0.0033,0.8874,"Python_11","Pyt_H"
"90",89,0.11115,0.00105,0.0028,0.885,"Python_11","Pyt_H"
"91",90,0.1134,0.0011,0.0027,0.8828,"Python_11","Pyt_H"
"92",91,0.1159,0.0014,0.0024,0.8803,"Python_11","Pyt_H"
"93",92,0.11885,0.00135,0.00235,0.87745,"Python_11","Pyt_H"
"94",93,0.12195,0.00115,0.00245,0.87445,"Python_11","Pyt_H"
"95",94,0.12455,0.00105,0.00205,0.87235,"Python_11","Pyt_H"
"96",95,0.12755,0.00085,0.002,0.8696,"Python_11","Pyt_H"
"97",96,0.12985,7e-04,0.00205,0.8674,"Python_11","Pyt_H"
"98",97,0.132,8e-04,0.002,0.8652,"Python_11","Pyt_H"
"99",98,0.13485,7e-04,0.00215,0.8623,"Python_11","Pyt_H"
"100",99,0.13725,9e-04,0.0018,0.86005,"Python_11","Pyt_H"
"101",100,0.14025,0.00085,0.0017,0.8572,"Python_11","Pyt_H"
"102",101,0.1423,0.00055,0.0017,0.85545,"Python_11","Pyt_H"
"103",102,0.14515,6e-04,0.00165,0.8526,"Python_11","Pyt_H"
"104",103,0.1479,0.00065,0.0015,0.84995,"Python_11","Pyt_H"
"105",104,0.1509,0.00075,0.0016,0.84675,"Python_11","Pyt_H"
"106",105,0.1536,0.001,0.00125,0.84415,"Python_11","Pyt_H"
"107",106,0.1567,0.00085,0.00145,0.841,"Python_11","Pyt_H"
"108",107,0.15975,7e-04,0.0015,0.83805,"Python_11","Pyt_H"
"109",108,0.16155,7e-04,0.00155,0.8362,"Python_11","Pyt_H"
"110",109,0.16365,0.00055,0.0015,0.8343,"Python_11","Pyt_H"
"111",110,0.166,6e-04,0.00155,0.83185,"Python_11","Pyt_H"
"112",111,0.16815,0.00075,0.00155,0.82955,"Python_11","Pyt_H"
"113",112,0.17065,0.00095,0.0012,0.8272,"Python_11","Pyt_H"
"114",113,0.17305,0.001,0.00115,0.8248,"Python_11","Pyt_H"
"115",114,0.1754,9e-04,0.0013,0.8224,"Python_11","Pyt_H"
"116",115,0.1779,0.00085,0.0013,0.81995,"Python_11","Pyt_H"
"117",116,0.1801,8e-04,0.0013,0.8178,"Python_11","Pyt_H"
"118",117,0.18225,7e-04,0.00135,0.8157,"Python_11","Pyt_H"
"119",118,0.1848,6e-04,0.00125,0.81335,"Python_11","Pyt_H"
"120",119,0.18715,0.00055,0.0012,0.8111,"Python_11","Pyt_H"
"121",120,0.1902,6e-04,0.00095,0.80825,"Python_11","Pyt_H"
"122",121,0.19255,6e-04,0.00085,0.806,"Python_11","Pyt_H"
"123",122,0.1949,7e-04,0.00085,0.80355,"Python_11","Pyt_H"
"124",123,0.19725,0.00065,9e-04,0.8012,"Python_11","Pyt_H"
"125",124,0.19945,7e-04,0.00095,0.7989,"Python_11","Pyt_H"
"126",125,0.2015,0.00075,0.00095,0.7968,"Python_11","Pyt_H"
"127",126,0.204,7e-04,0.001,0.7943,"Python_11","Pyt_H"
"128",127,0.2058,0.00075,0.001,0.79245,"Python_11","Pyt_H"
"129",128,0.20795,0.00065,0.00085,0.79055,"Python_11","Pyt_H"
"130",129,0.20975,8e-04,8e-04,0.78865,"Python_11","Pyt_H"
"131",130,0.2115,0.001,9e-04,0.7866,"Python_11","Pyt_H"
"132",131,0.21385,8e-04,0.00105,0.7843,"Python_11","Pyt_H"
"133",132,0.2164,7e-04,0.00115,0.78175,"Python_11","Pyt_H"
"134",133,0.2183,0.00075,0.0011,0.77985,"Python_11","Pyt_H"
"135",134,0.2206,0.00075,0.0012,0.77745,"Python_11","Pyt_H"
"136",135,0.22315,0.00085,0.0011,0.7749,"Python_11","Pyt_H"
"137",136,0.2252,0.00085,0.00115,0.7728,"Python_11","Pyt_H"
"138",137,0.2272,0.00085,0.00125,0.7707,"Python_11","Pyt_H"
"139",138,0.22925,0.00085,0.0013,0.7686,"Python_11","Pyt_H"
"140",139,0.23095,0.00085,0.0014,0.7668,"Python_11","Pyt_H"
"141",140,0.2332,8e-04,0.00145,0.76455,"Python_11","Pyt_H"
"142",141,0.2354,0.00075,0.00165,0.7622,"Python_11","Pyt_H"
"143",142,0.2378,8e-04,0.0016,0.7598,"Python_11","Pyt_H"
"144",143,0.23945,0.001,0.00175,0.7578,"Python_11","Pyt_H"
"145",144,0.24115,0.001,0.00175,0.7561,"Python_11","Pyt_H"
"146",145,0.24315,0.00105,0.0018,0.754,"Python_11","Pyt_H"
"147",146,0.24515,0.00115,0.0019,0.7518,"Python_11","Pyt_H"
"148",147,0.24745,0.0014,0.00195,0.7492,"Python_11","Pyt_H"
"149",148,0.24955,0.00155,0.002,0.7469,"Python_11","Pyt_H"
"150",149,0.25105,0.0018,0.0019,0.74525,"Python_11","Pyt_H"
"151",150,0.25285,0.0018,0.00195,0.7434,"Python_11","Pyt_H"
"152",151,0.2551,0.00145,0.0023,0.74115,"Python_11","Pyt_H"
"153",152,0.2564,0.0014,0.0025,0.7397,"Python_11","Pyt_H"
"154",153,0.2584,0.00145,0.0025,0.73765,"Python_11","Pyt_H"
"155",154,0.2598,0.0014,0.0026,0.7362,"Python_11","Pyt_H"
"156",155,0.26115,0.00155,0.0027,0.7346,"Python_11","Pyt_H"
"157",156,0.2633,0.0018,0.00285,0.73205,"Python_11","Pyt_H"
"158",157,0.26435,0.0019,0.00295,0.7308,"Python_11","Pyt_H"
"159",158,0.26575,0.0025,0.0028,0.72895,"Python_11","Pyt_H"
"160",159,0.2675,0.0027,0.0028,0.727,"Python_11","Pyt_H"
"161",160,0.269,0.003,0.00295,0.72505,"Python_11","Pyt_H"
"162",161,0.2711,0.0031,0.00325,0.72255,"Python_11","Pyt_H"
"163",162,0.27255,0.0034,0.0036,0.72045,"Python_11","Pyt_H"
"164",163,0.2733,0.0037,0.00385,0.71915,"Python_11","Pyt_H"
"165",164,0.27525,0.0033,0.0042,0.71725,"Python_11","Pyt_H"
"166",165,0.2763,0.00345,0.00475,0.7155,"Python_11","Pyt_H"
"167",166,0.27745,0.00375,0.0052,0.7136,"Python_11","Pyt_H"
"168",167,0.27855,0.00425,0.0052,0.712,"Python_11","Pyt_H"
"169",168,0.27955,0.00425,0.00575,0.71045,"Python_11","Pyt_H"
"170",169,0.2797,0.0055,0.0055,0.7093,"Python_11","Pyt_H"
"171",170,0.2812,0.00575,0.006,0.70705,"Python_11","Pyt_H"
"172",171,0.28155,0.0057,0.007,0.70575,"Python_11","Pyt_H"
"173",172,0.28245,0.0062,0.00725,0.7041,"Python_11","Pyt_H"
"174",173,0.28275,0.0068,0.00755,0.7029,"Python_11","Pyt_H"
"175",174,0.2825,0.0072,0.00805,0.70225,"Python_11","Pyt_H"
"176",175,0.2831,0.0079,0.0087,0.7003,"Python_11","Pyt_H"
"177",176,0.28325,0.00815,0.0094,0.6992,"Python_11","Pyt_H"
"178",177,0.283,0.0087,0.01065,0.69765,"Python_11","Pyt_H"
"179",178,0.28225,0.0092,0.0116,0.69695,"Python_11","Pyt_H"
"180",179,0.28215,0.00935,0.0118,0.6967,"Python_11","Pyt_H"
"181",180,0.28215,0.0095,0.01285,0.6955,"Python_11","Pyt_H"
"182",181,0.2807,0.0108,0.01355,0.69495,"Python_11","Pyt_H"
"183",182,0.2793,0.01245,0.01415,0.6941,"Python_11","Pyt_H"
"184",183,0.27835,0.0125,0.0158,0.69335,"Python_11","Pyt_H"
"185",184,0.27665,0.013,0.01705,0.6933,"Python_11","Pyt_H"
"186",185,0.27585,0.0137,0.01845,0.692,"Python_11","Pyt_H"
"187",186,0.2732,0.01515,0.01895,0.6927,"Python_11","Pyt_H"
"188",187,0.27085,0.01645,0.01935,0.69335,"Python_11","Pyt_H"
"189",188,0.2687,0.0162,0.0211,0.694,"Python_11","Pyt_H"
"190",189,0.26655,0.01765,0.02185,0.69395,"Python_11","Pyt_H"
"191",190,0.265,0.01865,0.02225,0.6941,"Python_11","Pyt_H"
"192",191,0.2616,0.0195,0.02405,0.69485,"Python_11","Pyt_H"
"193",192,0.2591,0.01985,0.0262,0.69485,"Python_11","Pyt_H"
"194",193,0.25575,0.0206,0.02895,0.6947,"Python_11","Pyt_H"
"195",194,0.25255,0.02105,0.03065,0.69575,"Python_11","Pyt_H"
"196",195,0.24875,0.0228,0.0311,0.69735,"Python_11","Pyt_H"
"197",196,0.24545,0.02425,0.0327,0.6976,"Python_11","Pyt_H"
"198",197,0.24245,0.02425,0.0347,0.6986,"Python_11","Pyt_H"
"199",198,0.23845,0.0253,0.0363,0.69995,"Python_11","Pyt_H"
"200",199,0.23265,0.0274,0.0373,0.70265,"Python_11","Pyt_H"
"201",200,0.228,0.02845,0.0385,0.70505,"Python_11","Pyt_H"
"202",201,0.22345,0.02855,0.04075,0.70725,"Python_11","Pyt_H"
"203",202,0.2182,0.0297,0.04245,0.70965,"Python_11","Pyt_H"
"204",203,0.2134,0.0303,0.04445,0.71185,"Python_11","Pyt_H"
"205",204,0.2082,0.03075,0.0461,0.71495,"Python_11","Pyt_H"
"206",205,0.204,0.0306,0.0469,0.7185,"Python_11","Pyt_H"
"207",206,0.1983,0.0314,0.04875,0.72155,"Python_11","Pyt_H"
"208",207,0.19255,0.03295,0.05035,0.72415,"Python_11","Pyt_H"
"209",208,0.1882,0.0326,0.0522,0.727,"Python_11","Pyt_H"
"210",209,0.1824,0.03375,0.05335,0.7305,"Python_11","Pyt_H"
"211",210,0.17765,0.03385,0.0538,0.7347,"Python_11","Pyt_H"
"212",211,0.1719,0.034,0.0558,0.7383,"Python_11","Pyt_H"
"213",212,0.16755,0.034,0.0562,0.74225,"Python_11","Pyt_H"
"214",213,0.1623,0.03365,0.05745,0.7466,"Python_11","Pyt_H"
"215",214,0.1579,0.0335,0.0587,0.7499,"Python_11","Pyt_H"
"216",215,0.15355,0.0327,0.05975,0.754,"Python_11","Pyt_H"
"217",216,0.1495,0.0318,0.06015,0.75855,"Python_11","Pyt_H"
"218",217,0.14555,0.03175,0.05965,0.76305,"Python_11","Pyt_H"
"219",218,0.1409,0.03195,0.0593,0.76785,"Python_11","Pyt_H"
"220",219,0.1366,0.03175,0.05945,0.7722,"Python_11","Pyt_H"
"221",220,0.13375,0.03075,0.05945,0.77605,"Python_11","Pyt_H"
"222",221,0.1314,0.0291,0.05955,0.77995,"Python_11","Pyt_H"
"223",222,0.1289,0.02775,0.0593,0.78405,"Python_11","Pyt_H"
"224",223,0.12765,0.02625,0.0578,0.7883,"Python_11","Pyt_H"
"225",224,0.1254,0.0263,0.0564,0.7919,"Python_11","Pyt_H"
"226",225,0.12335,0.025,0.05535,0.7963,"Python_11","Pyt_H"
"227",226,0.12245,0.02415,0.0552,0.7982,"Python_11","Pyt_H"
"228",227,0.1202,0.0239,0.05345,0.80245,"Python_11","Pyt_H"
"229",228,0.1187,0.02415,0.0519,0.80525,"Python_11","Pyt_H"
"230",229,0.1174,0.0227,0.0517,0.8082,"Python_11","Pyt_H"
"231",230,0.1173,0.02275,0.0499,0.81005,"Python_11","Pyt_H"
"232",231,0.1163,0.0219,0.04925,0.81255,"Python_11","Pyt_H"
"233",232,0.11515,0.0212,0.0485,0.81515,"Python_11","Pyt_H"
"234",233,0.1142,0.022,0.04615,0.81765,"Python_11","Pyt_H"
"235",234,0.1135,0.0213,0.04535,0.81985,"Python_11","Pyt_H"
"236",235,0.11405,0.02015,0.04415,0.82165,"Python_11","Pyt_H"
"237",236,0.11375,0.01965,0.0429,0.8237,"Python_11","Pyt_H"
"238",237,0.11355,0.0189,0.04255,0.825,"Python_11","Pyt_H"
"239",238,0.11475,0.0184,0.04075,0.8261,"Python_11","Pyt_H"
"240",239,0.11535,0.01735,0.03955,0.82775,"Python_11","Pyt_H"
"241",240,0.1158,0.0175,0.0383,0.8284,"Python_11","Pyt_H"
"242",241,0.1156,0.01745,0.03805,0.8289,"Python_11","Pyt_H"
"243",242,0.1166,0.01695,0.03705,0.8294,"Python_11","Pyt_H"
"244",243,0.1165,0.0155,0.03645,0.83155,"Python_11","Pyt_H"
"245",244,0.1166,0.01475,0.0352,0.83345,"Python_11","Pyt_H"
"246",245,0.11785,0.0145,0.03345,0.8342,"Python_11","Pyt_H"
"247",246,0.11845,0.0146,0.03265,0.8343,"Python_11","Pyt_H"
"248",247,0.11985,0.01435,0.03125,0.83455,"Python_11","Pyt_H"
"249",248,0.12135,0.01375,0.03165,0.83325,"Python_11","Pyt_H"
"250",249,0.123,0.0138,0.03115,0.83205,"Python_11","Pyt_H"
"251",250,0.1246,0.0134,0.03065,0.83135,"Python_11","Pyt_H"
"252",251,0.1267,0.01315,0.0289,0.83125,"Python_11","Pyt_H"
"253",252,0.1289,0.0131,0.0287,0.8293,"Python_11","Pyt_H"
"254",253,0.13,0.01375,0.02685,0.8294,"Python_11","Pyt_H"
"255",254,0.13255,0.0126,0.0271,0.82775,"Python_11","Pyt_H"
"256",255,0.13435,0.0125,0.0271,0.82605,"Python_11","Pyt_H"
"257",256,0.13645,0.01235,0.0266,0.8246,"Python_11","Pyt_H"
"258",257,0.13785,0.0129,0.0254,0.82385,"Python_11","Pyt_H"
"259",258,0.13875,0.0129,0.02515,0.8232,"Python_11","Pyt_H"
"260",259,0.1406,0.01275,0.02475,0.8219,"Python_11","Pyt_H"
"261",260,0.1424,0.01255,0.02415,0.8209,"Python_11","Pyt_H"
"262",261,0.1442,0.01285,0.0231,0.81985,"Python_11","Pyt_H"
"263",262,0.14665,0.01295,0.02305,0.81735,"Python_11","Pyt_H"
"264",263,0.1475,0.0133,0.0224,0.8168,"Python_11","Pyt_H"
"265",264,0.15015,0.0132,0.02195,0.8147,"Python_11","Pyt_H"
"266",265,0.1525,0.01155,0.02275,0.8132,"Python_11","Pyt_H"
"267",266,0.1542,0.0124,0.02305,0.81035,"Python_11","Pyt_H"
"268",267,0.1546,0.0122,0.02265,0.81055,"Python_11","Pyt_H"
"269",268,0.15645,0.01205,0.0222,0.8093,"Python_11","Pyt_H"
"270",269,0.1582,0.01235,0.0221,0.80735,"Python_11","Pyt_H"
"271",270,0.15995,0.0119,0.02175,0.8064,"Python_11","Pyt_H"
"272",271,0.1612,0.0115,0.02165,0.80565,"Python_11","Pyt_H"
"273",272,0.16385,0.0116,0.02115,0.8034,"Python_11","Pyt_H"
"274",273,0.16585,0.0116,0.0209,0.80165,"Python_11","Pyt_H"
"275",274,0.1673,0.0114,0.0215,0.7998,"Python_11","Pyt_H"
"276",275,0.16925,0.01125,0.0208,0.7987,"Python_11","Pyt_H"
"277",276,0.17025,0.01175,0.02085,0.79715,"Python_11","Pyt_H"
"278",277,0.17205,0.0124,0.02075,0.7948,"Python_11","Pyt_H"
"279",278,0.1726,0.01285,0.02135,0.7932,"Python_11","Pyt_H"
"280",279,0.1744,0.01285,0.022,0.79075,"Python_11","Pyt_H"
"281",280,0.17645,0.01225,0.0232,0.7881,"Python_11","Pyt_H"
"282",281,0.17775,0.01245,0.0235,0.7863,"Python_11","Pyt_H"
"283",282,0.1781,0.01345,0.02325,0.7852,"Python_11","Pyt_H"
"284",283,0.1796,0.0136,0.02345,0.78335,"Python_11","Pyt_H"
"285",284,0.1809,0.01435,0.0237,0.78105,"Python_11","Pyt_H"
"286",285,0.18095,0.0151,0.024,0.77995,"Python_11","Pyt_H"
"287",286,0.1813,0.0156,0.0244,0.7787,"Python_11","Pyt_H"
"288",287,0.1823,0.0156,0.025,0.7771,"Python_11","Pyt_H"
"289",288,0.1828,0.01575,0.0252,0.77625,"Python_11","Pyt_H"
"290",289,0.18395,0.0153,0.0257,0.77505,"Python_11","Pyt_H"
"291",290,0.1839,0.0152,0.0268,0.7741,"Python_11","Pyt_H"
"292",291,0.1846,0.0162,0.0255,0.7737,"Python_11","Pyt_H"
"293",292,0.18525,0.0165,0.0266,0.77165,"Python_11","Pyt_H"
"294",293,0.18595,0.01635,0.0273,0.7704,"Python_11","Pyt_H"
"295",294,0.1862,0.0169,0.02755,0.76935,"Python_11","Pyt_H"
"296",295,0.1855,0.0172,0.02855,0.76875,"Python_11","Pyt_H"
"297",296,0.18705,0.0178,0.028,0.76715,"Python_11","Pyt_H"
"298",297,0.18845,0.01825,0.0285,0.7648,"Python_11","Pyt_H"
"299",298,0.18875,0.01885,0.0293,0.7631,"Python_11","Pyt_H"
"300",299,0.1896,0.01805,0.0305,0.76185,"Python_11","Pyt_H"
"301",300,0.1894,0.0184,0.03115,0.76105,"Python_11","Pyt_H"
"302",301,0.18895,0.0193,0.032,0.75975,"Python_11","Pyt_H"
"303",302,0.18795,0.02155,0.03275,0.75775,"Python_11","Pyt_H"
"304",303,0.18725,0.0227,0.0325,0.75755,"Python_11","Pyt_H"
"305",304,0.18725,0.0216,0.0352,0.75595,"Python_11","Pyt_H"
"306",305,0.18735,0.02225,0.0349,0.7555,"Python_11","Pyt_H"
"307",306,0.18615,0.0224,0.03555,0.7559,"Python_11","Pyt_H"
"308",307,0.1858,0.02225,0.0361,0.75585,"Python_11","Pyt_H"
"309",308,0.1849,0.0228,0.0363,0.756,"Python_11","Pyt_H"
"310",309,0.18435,0.0231,0.0373,0.75525,"Python_11","Pyt_H"
"311",310,0.183,0.02375,0.0384,0.75485,"Python_11","Pyt_H"
"312",311,0.181,0.0243,0.03905,0.75565,"Python_11","Pyt_H"
"313",312,0.18015,0.02315,0.0406,0.7561,"Python_11","Pyt_H"
"314",313,0.179,0.02335,0.04155,0.7561,"Python_11","Pyt_H"
"315",314,0.17835,0.0239,0.04215,0.7556,"Python_11","Pyt_H"
"316",315,0.1772,0.0242,0.04245,0.75615,"Python_11","Pyt_H"
"317",316,0.1761,0.02425,0.0429,0.75675,"Python_11","Pyt_H"
"318",317,0.1757,0.0251,0.04325,0.75595,"Python_11","Pyt_H"
"319",318,0.17445,0.0256,0.04415,0.7558,"Python_11","Pyt_H"
"320",319,0.173,0.02545,0.0445,0.75705,"Python_11","Pyt_H"
"321",320,0.17215,0.0257,0.0441,0.75805,"Python_11","Pyt_H"
"322",321,0.1703,0.02675,0.04475,0.7582,"Python_11","Pyt_H"
"323",322,0.1714,0.0262,0.0447,0.7577,"Python_11","Pyt_H"
"324",323,0.1713,0.02455,0.04485,0.7593,"Python_11","Pyt_H"
"325",324,0.1699,0.02545,0.045,0.75965,"Python_11","Pyt_H"
"326",325,0.1689,0.0247,0.0457,0.7607,"Python_11","Pyt_H"
"327",326,0.16775,0.0248,0.0455,0.76195,"Python_11","Pyt_H"
"328",327,0.16675,0.0255,0.0441,0.76365,"Python_11","Pyt_H"
"329",328,0.16585,0.0258,0.0445,0.76385,"Python_11","Pyt_H"
"330",329,0.1655,0.0255,0.0448,0.7642,"Python_11","Pyt_H"
"331",330,0.1635,0.02625,0.04435,0.7659,"Python_11","Pyt_H"
"332",331,0.1638,0.02495,0.0461,0.76515,"Python_11","Pyt_H"
"333",332,0.1623,0.02575,0.04645,0.7655,"Python_11","Pyt_H"
"334",333,0.1618,0.0256,0.04675,0.76585,"Python_11","Pyt_H"
"335",334,0.15995,0.0259,0.04735,0.7668,"Python_11","Pyt_H"
"336",335,0.15985,0.0264,0.04645,0.7673,"Python_11","Pyt_H"
"337",336,0.1591,0.02605,0.0469,0.76795,"Python_11","Pyt_H"
"338",337,0.15905,0.02555,0.04745,0.76795,"Python_11","Pyt_H"
"339",338,0.15765,0.02635,0.0479,0.7681,"Python_11","Pyt_H"
"340",339,0.1564,0.0269,0.04705,0.76965,"Python_11","Pyt_H"
"341",340,0.1556,0.02655,0.04815,0.7697,"Python_11","Pyt_H"
"342",341,0.1555,0.0257,0.04825,0.77055,"Python_11","Pyt_H"
"343",342,0.15525,0.02655,0.0476,0.7706,"Python_11","Pyt_H"
"344",343,0.1552,0.02555,0.04885,0.7704,"Python_11","Pyt_H"
"345",344,0.1541,0.02565,0.04935,0.7709,"Python_11","Pyt_H"
"346",345,0.15305,0.02615,0.04975,0.77105,"Python_11","Pyt_H"
"347",346,0.1523,0.02545,0.04865,0.7736,"Python_11","Pyt_H"
"348",347,0.15215,0.02435,0.0496,0.7739,"Python_11","Pyt_H"
"349",348,0.15075,0.0248,0.04895,0.7755,"Python_11","Pyt_H"
"350",349,0.15065,0.0244,0.0486,0.77635,"Python_11","Pyt_H"
"351",350,0.1494,0.0244,0.04895,0.77725,"Python_11","Pyt_H"
"352",351,0.14985,0.02485,0.04845,0.77685,"Python_11","Pyt_H"
"353",352,0.14885,0.02475,0.0479,0.7785,"Python_11","Pyt_H"
"354",353,0.1475,0.0255,0.0477,0.7793,"Python_11","Pyt_H"
"355",354,0.1466,0.02495,0.0479,0.78055,"Python_11","Pyt_H"
"356",355,0.1456,0.0247,0.0485,0.7812,"Python_11","Pyt_H"
"357",356,0.1448,0.0244,0.04855,0.78225,"Python_11","Pyt_H"
"358",357,0.14405,0.02385,0.0474,0.7847,"Python_11","Pyt_H"
"359",358,0.1455,0.02285,0.0477,0.78395,"Python_11","Pyt_H"
"360",359,0.1444,0.0239,0.04665,0.78505,"Python_11","Pyt_H"
"361",360,0.1442,0.02375,0.04475,0.7873,"Python_11","Pyt_H"
"362",361,0.14425,0.0235,0.0428,0.78945,"Python_11","Pyt_H"
"363",362,0.1453,0.02295,0.04235,0.7894,"Python_11","Pyt_H"
"364",363,0.14705,0.02185,0.0407,0.7904,"Python_11","Pyt_H"
"365",364,0.14675,0.0214,0.0418,0.79005,"Python_11","Pyt_H"
"366",365,0.14825,0.02,0.04235,0.7894,"Python_11","Pyt_H"
"367",366,0.14805,0.01975,0.04215,0.79005,"Python_11","Pyt_H"
"368",367,0.14875,0.0194,0.0423,0.78955,"Python_11","Pyt_H"
"369",368,0.14955,0.01995,0.0407,0.7898,"Python_11","Pyt_H"
"370",369,0.1506,0.0202,0.0397,0.7895,"Python_11","Pyt_H"
"371",370,0.1518,0.01905,0.0394,0.78975,"Python_11","Pyt_H"
"372",371,0.1512,0.01975,0.0383,0.79075,"Python_11","Pyt_H"
"373",372,0.15085,0.0212,0.0376,0.79035,"Python_11","Pyt_H"
"374",373,0.1527,0.02035,0.038,0.78895,"Python_11","Pyt_H"
"375",374,0.15375,0.01925,0.0382,0.7888,"Python_11","Pyt_H"
"376",375,0.15585,0.01885,0.0376,0.7877,"Python_11","Pyt_H"
"377",376,0.15695,0.0181,0.0372,0.78775,"Python_11","Pyt_H"
"378",377,0.1588,0.01715,0.0369,0.78715,"Python_11","Pyt_H"
"379",378,0.15885,0.0173,0.03715,0.7867,"Python_11","Pyt_H"
"380",379,0.15885,0.01895,0.03575,0.78645,"Python_11","Pyt_H"
"381",380,0.16025,0.0191,0.0346,0.78605,"Python_11","Pyt_H"
"382",381,0.16135,0.0191,0.03505,0.7845,"Python_11","Pyt_H"
"383",382,0.1624,0.01915,0.03515,0.7833,"Python_11","Pyt_H"
"384",383,0.1632,0.01895,0.035,0.78285,"Python_11","Pyt_H"
"385",384,0.16445,0.0185,0.0341,0.78295,"Python_11","Pyt_H"
"386",385,0.16525,0.0185,0.0344,0.78185,"Python_11","Pyt_H"
"387",386,0.1656,0.01865,0.03505,0.7807,"Python_11","Pyt_H"
"388",387,0.16675,0.0185,0.0357,0.77905,"Python_11","Pyt_H"
"389",388,0.1671,0.0198,0.0354,0.7777,"Python_11","Pyt_H"
"390",389,0.168,0.0191,0.0368,0.7761,"Python_11","Pyt_H"
"391",390,0.16845,0.0197,0.03695,0.7749,"Python_11","Pyt_H"
"392",391,0.16805,0.0203,0.037,0.77465,"Python_11","Pyt_H"
"393",392,0.16845,0.02085,0.0375,0.7732,"Python_11","Pyt_H"
"394",393,0.16815,0.02145,0.03815,0.77225,"Python_11","Pyt_H"
"395",394,0.1686,0.0212,0.0392,0.771,"Python_11","Pyt_H"
"396",395,0.1687,0.021,0.0395,0.7708,"Python_11","Pyt_H"
"397",396,0.16855,0.02085,0.0398,0.7708,"Python_11","Pyt_H"
"398",397,0.16855,0.0222,0.039,0.77025,"Python_11","Pyt_H"
"399",398,0.16745,0.023,0.0382,0.77135,"Python_11","Pyt_H"
"400",399,0.1657,0.0233,0.03905,0.77195,"Python_11","Pyt_H"
"401",400,0.1661,0.02325,0.0397,0.77095,"Python_11","Pyt_H"
"402",401,0.16545,0.0235,0.0402,0.77085,"Python_11","Pyt_H"
"403",402,0.1654,0.02285,0.03975,0.772,"Python_11","Pyt_H"
"404",403,0.16485,0.0229,0.03925,0.773,"Python_11","Pyt_H"
"405",404,0.1643,0.0234,0.03865,0.77365,"Python_11","Pyt_H"
"406",405,0.16475,0.02265,0.03875,0.77385,"Python_11","Pyt_H"
"407",406,0.16495,0.0216,0.0405,0.77295,"Python_11","Pyt_H"
"408",407,0.16445,0.0228,0.0401,0.77265,"Python_11","Pyt_H"
"409",408,0.1646,0.02305,0.0397,0.77265,"Python_11","Pyt_H"
"410",409,0.16425,0.02265,0.0399,0.7732,"Python_11","Pyt_H"
"411",410,0.163,0.02325,0.03975,0.774,"Python_11","Pyt_H"
"412",411,0.1624,0.02395,0.04045,0.7732,"Python_11","Pyt_H"
"413",412,0.16185,0.02425,0.0413,0.7726,"Python_11","Pyt_H"
"414",413,0.1618,0.02415,0.0415,0.77255,"Python_11","Pyt_H"
"415",414,0.1608,0.0241,0.04105,0.77405,"Python_11","Pyt_H"
"416",415,0.1609,0.02365,0.0418,0.77365,"Python_11","Pyt_H"
"417",416,0.16025,0.02305,0.0429,0.7738,"Python_11","Pyt_H"
"418",417,0.16,0.02285,0.043,0.77415,"Python_11","Pyt_H"
"419",418,0.1602,0.0225,0.04305,0.77425,"Python_11","Pyt_H"
"420",419,0.15935,0.0231,0.04345,0.7741,"Python_11","Pyt_H"
"421",420,0.1585,0.0237,0.04275,0.77505,"Python_11","Pyt_H"
"422",421,0.159,0.0228,0.0436,0.7746,"Python_11","Pyt_H"
"423",422,0.15785,0.0233,0.04405,0.7748,"Python_11","Pyt_H"
"424",423,0.1575,0.0232,0.0451,0.7742,"Python_11","Pyt_H"
"425",424,0.15735,0.02325,0.0454,0.774,"Python_11","Pyt_H"
"426",425,0.1572,0.0242,0.04535,0.77325,"Python_11","Pyt_H"
"427",426,0.1562,0.025,0.04415,0.77465,"Python_11","Pyt_H"
"428",427,0.1555,0.025,0.0445,0.775,"Python_11","Pyt_H"
"429",428,0.15525,0.0251,0.0446,0.77505,"Python_11","Pyt_H"
"430",429,0.15485,0.0245,0.04465,0.776,"Python_11","Pyt_H"
"431",430,0.15495,0.0229,0.0448,0.77735,"Python_11","Pyt_H"
"432",431,0.15435,0.02215,0.0452,0.7783,"Python_11","Pyt_H"
"433",432,0.1544,0.0225,0.04425,0.77885,"Python_11","Pyt_H"
"434",433,0.1538,0.02335,0.0441,0.77875,"Python_11","Pyt_H"
"435",434,0.15415,0.0227,0.0445,0.77865,"Python_11","Pyt_H"
"436",435,0.1544,0.0227,0.04375,0.77915,"Python_11","Pyt_H"
"437",436,0.15495,0.0229,0.0433,0.77885,"Python_11","Pyt_H"
"438",437,0.1548,0.02355,0.0436,0.77805,"Python_11","Pyt_H"
"439",438,0.1562,0.02275,0.04345,0.7776,"Python_11","Pyt_H"
"440",439,0.1566,0.0225,0.04345,0.77745,"Python_11","Pyt_H"
"441",440,0.15605,0.02255,0.04315,0.77825,"Python_11","Pyt_H"
"442",441,0.15465,0.0234,0.04295,0.779,"Python_11","Pyt_H"
"443",442,0.15425,0.02295,0.0429,0.7799,"Python_11","Pyt_H"
"444",443,0.1547,0.0216,0.04335,0.78035,"Python_11","Pyt_H"
"445",444,0.15415,0.0213,0.04465,0.7799,"Python_11","Pyt_H"
"446",445,0.1522,0.0231,0.04375,0.78095,"Python_11","Pyt_H"
"447",446,0.15315,0.0223,0.04385,0.7807,"Python_11","Pyt_H"
"448",447,0.15275,0.02145,0.04395,0.78185,"Python_11","Pyt_H"
"449",448,0.1524,0.02175,0.0431,0.78275,"Python_11","Pyt_H"
"450",449,0.1534,0.0218,0.04265,0.78215,"Python_11","Pyt_H"
"451",450,0.15225,0.0224,0.0426,0.78275,"Python_11","Pyt_H"
"452",451,0.15255,0.0226,0.04155,0.7833,"Python_11","Pyt_H"
"453",452,0.1523,0.02135,0.0416,0.78475,"Python_11","Pyt_H"
"454",453,0.15295,0.02105,0.0412,0.7848,"Python_11","Pyt_H"
"455",454,0.1528,0.02115,0.04055,0.7855,"Python_11","Pyt_H"
"456",455,0.1536,0.01975,0.04105,0.7856,"Python_11","Pyt_H"
"457",456,0.15285,0.02115,0.0391,0.7869,"Python_11","Pyt_H"
"458",457,0.1526,0.0208,0.0406,0.786,"Python_11","Pyt_H"
"459",458,0.1528,0.0201,0.0397,0.7874,"Python_11","Pyt_H"
"460",459,0.1538,0.02065,0.0387,0.78685,"Python_11","Pyt_H"
"461",460,0.1554,0.02005,0.03885,0.7857,"Python_11","Pyt_H"
"462",461,0.15395,0.02125,0.03955,0.78525,"Python_11","Pyt_H"
"463",462,0.1543,0.02215,0.03855,0.785,"Python_11","Pyt_H"
"464",463,0.1533,0.0221,0.0384,0.7862,"Python_11","Pyt_H"
"465",464,0.1537,0.0212,0.0399,0.7852,"Python_11","Pyt_H"
"466",465,0.15335,0.0219,0.03915,0.7856,"Python_11","Pyt_H"
"467",466,0.15355,0.02175,0.0382,0.7865,"Python_11","Pyt_H"
"468",467,0.15455,0.0205,0.03885,0.7861,"Python_11","Pyt_H"
"469",468,0.15645,0.01995,0.03905,0.78455,"Python_11","Pyt_H"
"470",469,0.15685,0.0195,0.03835,0.7853,"Python_11","Pyt_H"
"471",470,0.15615,0.02045,0.03795,0.78545,"Python_11","Pyt_H"
"472",471,0.15575,0.02155,0.03775,0.78495,"Python_11","Pyt_H"
"473",472,0.1562,0.02135,0.0384,0.78405,"Python_11","Pyt_H"
"474",473,0.15675,0.02145,0.03785,0.78395,"Python_11","Pyt_H"
"475",474,0.1572,0.02145,0.03755,0.7838,"Python_11","Pyt_H"
"476",475,0.15845,0.02025,0.03805,0.78325,"Python_11","Pyt_H"
"477",476,0.15965,0.0204,0.03815,0.7818,"Python_11","Pyt_H"
"478",477,0.1602,0.0201,0.0386,0.7811,"Python_11","Pyt_H"
"479",478,0.1615,0.01995,0.03805,0.7805,"Python_11","Pyt_H"
"480",479,0.1609,0.0208,0.03835,0.77995,"Python_11","Pyt_H"
"481",480,0.1609,0.02045,0.03875,0.7799,"Python_11","Pyt_H"
"482",481,0.16055,0.02015,0.04035,0.77895,"Python_11","Pyt_H"
"483",482,0.16025,0.02035,0.0399,0.7795,"Python_11","Pyt_H"
"484",483,0.15925,0.0215,0.04,0.77925,"Python_11","Pyt_H"
"485",484,0.15875,0.0222,0.03895,0.7801,"Python_11","Pyt_H"
"486",485,0.1579,0.0223,0.03855,0.78125,"Python_11","Pyt_H"
"487",486,0.1581,0.021,0.0396,0.7813,"Python_11","Pyt_H"
"488",487,0.1576,0.02165,0.04,0.78075,"Python_11","Pyt_H"
"489",488,0.1574,0.0221,0.03925,0.78125,"Python_11","Pyt_H"
"490",489,0.15695,0.02215,0.0392,0.7817,"Python_11","Pyt_H"
"491",490,0.15765,0.0217,0.0399,0.78075,"Python_11","Pyt_H"
"492",491,0.1586,0.02055,0.04005,0.7808,"Python_11","Pyt_H"
"493",492,0.15755,0.0211,0.0399,0.78145,"Python_11","Pyt_H"
"494",493,0.1585,0.02115,0.03965,0.7807,"Python_11","Pyt_H"
"495",494,0.1589,0.02095,0.0407,0.77945,"Python_11","Pyt_H"
"496",495,0.15695,0.0227,0.04055,0.7798,"Python_11","Pyt_H"
"497",496,0.15705,0.02265,0.03975,0.78055,"Python_11","Pyt_H"
"498",497,0.15685,0.02205,0.0409,0.7802,"Python_11","Pyt_H"
"499",498,0.15515,0.02315,0.0417,0.78,"Python_11","Pyt_H"
"500",499,0.1568,0.0228,0.0409,0.7795,"Python_11","Pyt_H"
"501",500,0.15625,0.0232,0.0409,0.77965,"Python_11","Pyt_H"
"502",501,0.1566,0.02215,0.0416,0.77965,"Python_11","Pyt_H"
"503",502,0.15645,0.02175,0.0423,0.7795,"Python_11","Pyt_H"
"504",503,0.15665,0.0234,0.0402,0.77975,"Python_11","Pyt_H"
"505",504,0.15755,0.0231,0.04035,0.779,"Python_11","Pyt_H"
"506",505,0.15695,0.02305,0.04075,0.77925,"Python_11","Pyt_H"
"507",506,0.15615,0.02345,0.04065,0.77975,"Python_11","Pyt_H"
"508",507,0.15705,0.02275,0.0411,0.7791,"Python_11","Pyt_H"
"509",508,0.1565,0.0231,0.0408,0.7796,"Python_11","Pyt_H"
"510",509,0.15655,0.02245,0.0416,0.7794,"Python_11","Pyt_H"
"511",510,0.1568,0.0218,0.0415,0.7799,"Python_11","Pyt_H"
"512",511,0.15625,0.02285,0.0422,0.7787,"Python_11","Pyt_H"
"513",512,0.15585,0.0235,0.04095,0.7797,"Python_11","Pyt_H"
"514",513,0.15595,0.02305,0.0415,0.7795,"Python_11","Pyt_H"
"515",514,0.1559,0.02275,0.04125,0.7801,"Python_11","Pyt_H"
"516",515,0.15635,0.02205,0.0422,0.7794,"Python_11","Pyt_H"
"517",516,0.15595,0.02235,0.04155,0.78015,"Python_11","Pyt_H"
"518",517,0.15505,0.0225,0.04225,0.7802,"Python_11","Pyt_H"
"519",518,0.1555,0.0217,0.0416,0.7812,"Python_11","Pyt_H"
"520",519,0.15495,0.02145,0.0408,0.7828,"Python_11","Pyt_H"
"521",520,0.15535,0.0203,0.04125,0.7831,"Python_11","Pyt_H"
"522",521,0.1547,0.02055,0.04155,0.7832,"Python_11","Pyt_H"
"523",522,0.15575,0.02115,0.04125,0.78185,"Python_11","Pyt_H"
"524",523,0.1552,0.02245,0.0395,0.78285,"Python_11","Pyt_H"
"525",524,0.1561,0.02115,0.04005,0.7827,"Python_11","Pyt_H"
"526",525,0.15605,0.02165,0.03945,0.78285,"Python_11","Pyt_H"
"527",526,0.1558,0.02145,0.04,0.78275,"Python_11","Pyt_H"
"528",527,0.157,0.0207,0.0401,0.7822,"Python_11","Pyt_H"
"529",528,0.15795,0.0204,0.03995,0.7817,"Python_11","Pyt_H"
"530",529,0.15805,0.0207,0.03925,0.782,"Python_11","Pyt_H"
"531",530,0.1577,0.0218,0.0385,0.782,"Python_11","Pyt_H"
"532",531,0.15855,0.02215,0.03835,0.78095,"Python_11","Pyt_H"
"533",532,0.1588,0.0213,0.03815,0.78175,"Python_11","Pyt_H"
"534",533,0.15755,0.02065,0.03895,0.78285,"Python_11","Pyt_H"
"535",534,0.1584,0.02105,0.03845,0.7821,"Python_11","Pyt_H"
"536",535,0.1582,0.02135,0.03875,0.7817,"Python_11","Pyt_H"
"537",536,0.1592,0.02135,0.0384,0.78105,"Python_11","Pyt_H"
"538",537,0.1596,0.0207,0.0398,0.7799,"Python_11","Pyt_H"
"539",538,0.1601,0.0201,0.04005,0.77975,"Python_11","Pyt_H"
"540",539,0.16045,0.02075,0.0396,0.7792,"Python_11","Pyt_H"
"541",540,0.16055,0.02185,0.03895,0.77865,"Python_11","Pyt_H"
"542",541,0.1605,0.02135,0.03935,0.7788,"Python_11","Pyt_H"
"543",542,0.16035,0.0225,0.0388,0.77835,"Python_11","Pyt_H"
"544",543,0.16035,0.0223,0.03865,0.7787,"Python_11","Pyt_H"
"545",544,0.16105,0.0223,0.0387,0.77795,"Python_11","Pyt_H"
"546",545,0.16175,0.0216,0.03985,0.7768,"Python_11","Pyt_H"
"547",546,0.161,0.02155,0.04005,0.7774,"Python_11","Pyt_H"
"548",547,0.1622,0.0211,0.0402,0.7765,"Python_11","Pyt_H"
"549",548,0.1624,0.02145,0.0406,0.77555,"Python_11","Pyt_H"
"550",549,0.16285,0.02125,0.04125,0.77465,"Python_11","Pyt_H"
"551",550,0.16385,0.0206,0.0411,0.77445,"Python_11","Pyt_H"
"552",551,0.164,0.0212,0.0407,0.7741,"Python_11","Pyt_H"
"553",552,0.1639,0.02115,0.04045,0.7745,"Python_11","Pyt_H"
"554",553,0.16325,0.02185,0.04005,0.77485,"Python_11","Pyt_H"
"555",554,0.1635,0.0212,0.03995,0.77535,"Python_11","Pyt_H"
"556",555,0.1625,0.0221,0.04055,0.77485,"Python_11","Pyt_H"
"557",556,0.1635,0.02205,0.0394,0.77505,"Python_11","Pyt_H"
"558",557,0.16425,0.02325,0.03915,0.77335,"Python_11","Pyt_H"
"559",558,0.1647,0.0231,0.0392,0.773,"Python_11","Pyt_H"
"560",559,0.1657,0.02255,0.03985,0.7719,"Python_11","Pyt_H"
"561",560,0.16595,0.0231,0.0404,0.77055,"Python_11","Pyt_H"
"562",561,0.16705,0.0226,0.04045,0.7699,"Python_11","Pyt_H"
"563",562,0.16785,0.02245,0.03905,0.77065,"Python_11","Pyt_H"
"564",563,0.1668,0.0227,0.0401,0.7704,"Python_11","Pyt_H"
"565",564,0.1683,0.02185,0.0402,0.76965,"Python_11","Pyt_H"
"566",565,0.1666,0.0229,0.0409,0.7696,"Python_11","Pyt_H"
"567",566,0.1655,0.02415,0.04095,0.7694,"Python_11","Pyt_H"
"568",567,0.16575,0.02515,0.0393,0.7698,"Python_11","Pyt_H"
"569",568,0.16535,0.0245,0.0403,0.76985,"Python_11","Pyt_H"
"570",569,0.16515,0.02515,0.0405,0.7692,"Python_11","Pyt_H"
"571",570,0.16495,0.0249,0.04175,0.7684,"Python_11","Pyt_H"
"572",571,0.16535,0.0244,0.04285,0.7674,"Python_11","Pyt_H"
"573",572,0.16585,0.0246,0.04415,0.7654,"Python_11","Pyt_H"
"574",573,0.16535,0.02475,0.0445,0.7654,"Python_11","Pyt_H"
"575",574,0.16525,0.0253,0.0449,0.76455,"Python_11","Pyt_H"
"576",575,0.1643,0.0251,0.0456,0.765,"Python_11","Pyt_H"
"577",576,0.16275,0.02635,0.0449,0.766,"Python_11","Pyt_H"
"578",577,0.1618,0.02555,0.04475,0.7679,"Python_11","Pyt_H"
"579",578,0.16165,0.02425,0.04575,0.76835,"Python_11","Pyt_H"
"580",579,0.16115,0.0241,0.0458,0.76895,"Python_11","Pyt_H"
"581",580,0.15975,0.02415,0.04645,0.76965,"Python_11","Pyt_H"
"582",581,0.15765,0.02585,0.04495,0.77155,"Python_11","Pyt_H"
"583",582,0.15875,0.02525,0.04435,0.77165,"Python_11","Pyt_H"
"584",583,0.1582,0.02455,0.0461,0.77115,"Python_11","Pyt_H"
"585",584,0.1575,0.02465,0.04605,0.7718,"Python_11","Pyt_H"
"586",585,0.15695,0.0246,0.0462,0.77225,"Python_11","Pyt_H"
"587",586,0.15735,0.02475,0.045,0.7729,"Python_11","Pyt_H"
"588",587,0.1571,0.0239,0.04565,0.77335,"Python_11","Pyt_H"
"589",588,0.1571,0.02415,0.046,0.77275,"Python_11","Pyt_H"
"590",589,0.15755,0.02375,0.0446,0.7741,"Python_11","Pyt_H"
"591",590,0.1581,0.0233,0.0454,0.7732,"Python_11","Pyt_H"
"592",591,0.15695,0.02415,0.04535,0.77355,"Python_11","Pyt_H"
"593",592,0.15695,0.02385,0.04485,0.77435,"Python_11","Pyt_H"
"594",593,0.15695,0.02415,0.04505,0.77385,"Python_11","Pyt_H"
"595",594,0.1562,0.02415,0.0449,0.77475,"Python_11","Pyt_H"
"596",595,0.15555,0.0245,0.04375,0.7762,"Python_11","Pyt_H"
"597",596,0.15625,0.0242,0.0439,0.77565,"Python_11","Pyt_H"
"598",597,0.15695,0.0234,0.04435,0.7753,"Python_11","Pyt_H"
"599",598,0.1575,0.02305,0.04435,0.7751,"Python_11","Pyt_H"
"600",599,0.15755,0.02325,0.04395,0.77525,"Python_11","Pyt_H"
"601",600,0.15725,0.0239,0.04375,0.7751,"Python_11","Pyt_H"
"602",601,0.15715,0.02385,0.04365,0.77535,"Python_11","Pyt_H"
"603",602,0.15685,0.0238,0.04335,0.776,"Python_11","Pyt_H"
"604",603,0.15725,0.02395,0.0436,0.7752,"Python_11","Pyt_H"
"605",604,0.15785,0.02335,0.04395,0.77485,"Python_11","Pyt_H"
"606",605,0.1566,0.02405,0.04455,0.7748,"Python_11","Pyt_H"
"607",606,0.1574,0.02335,0.0451,0.77415,"Python_11","Pyt_H"
"608",607,0.15785,0.0233,0.04435,0.7745,"Python_11","Pyt_H"
"609",608,0.1575,0.0232,0.0453,0.774,"Python_11","Pyt_H"
"610",609,0.15735,0.0235,0.04525,0.7739,"Python_11","Pyt_H"
"611",610,0.15765,0.02395,0.04385,0.77455,"Python_11","Pyt_H"
"612",611,0.15675,0.02425,0.04355,0.77545,"Python_11","Pyt_H"
"613",612,0.15715,0.0228,0.0444,0.77565,"Python_11","Pyt_H"
"614",613,0.15715,0.02305,0.04425,0.77555,"Python_11","Pyt_H"
"615",614,0.15745,0.02235,0.0439,0.7763,"Python_11","Pyt_H"
"616",615,0.1584,0.0222,0.0444,0.775,"Python_11","Pyt_H"
"617",616,0.1573,0.0234,0.043,0.7763,"Python_11","Pyt_H"
"618",617,0.1572,0.0242,0.04115,0.77745,"Python_11","Pyt_H"
"619",618,0.15735,0.023,0.04225,0.7774,"Python_11","Pyt_H"
"620",619,0.1565,0.02315,0.0431,0.77725,"Python_11","Pyt_H"
"621",620,0.15715,0.0247,0.04215,0.776,"Python_11","Pyt_H"
"622",621,0.15785,0.0243,0.04255,0.7753,"Python_11","Pyt_H"
"623",622,0.15675,0.02455,0.04245,0.77625,"Python_11","Pyt_H"
"624",623,0.15615,0.0248,0.04235,0.7767,"Python_11","Pyt_H"
"625",624,0.15675,0.0243,0.0425,0.77645,"Python_11","Pyt_H"
"626",625,0.1567,0.0239,0.042,0.7774,"Python_11","Pyt_H"
"627",626,0.1577,0.0239,0.0425,0.7759,"Python_11","Pyt_H"
"628",627,0.1581,0.0236,0.0424,0.7759,"Python_11","Pyt_H"
"629",628,0.15885,0.0223,0.0428,0.77605,"Python_11","Pyt_H"
"630",629,0.1587,0.02245,0.0429,0.77595,"Python_11","Pyt_H"
"631",630,0.15875,0.02235,0.04295,0.77595,"Python_11","Pyt_H"
"632",631,0.1583,0.0235,0.04215,0.77605,"Python_11","Pyt_H"
"633",632,0.15665,0.02405,0.04225,0.77705,"Python_11","Pyt_H"
"634",633,0.1561,0.02455,0.04225,0.7771,"Python_11","Pyt_H"
"635",634,0.15575,0.0238,0.04305,0.7774,"Python_11","Pyt_H"
"636",635,0.15545,0.0238,0.04315,0.7776,"Python_11","Pyt_H"
"637",636,0.15625,0.0227,0.04405,0.777,"Python_11","Pyt_H"
"638",637,0.1558,0.02255,0.0451,0.77655,"Python_11","Pyt_H"
"639",638,0.157,0.0213,0.0461,0.7756,"Python_11","Pyt_H"
"640",639,0.15655,0.02255,0.0452,0.7757,"Python_11","Pyt_H"
"641",640,0.1554,0.023,0.04425,0.77735,"Python_11","Pyt_H"
"642",641,0.15615,0.02285,0.0444,0.7766,"Python_11","Pyt_H"
"643",642,0.1544,0.02315,0.04405,0.7784,"Python_11","Pyt_H"
"644",643,0.15385,0.02385,0.0438,0.7785,"Python_11","Pyt_H"
"645",644,0.1535,0.0238,0.04435,0.77835,"Python_11","Pyt_H"
"646",645,0.15295,0.0234,0.0446,0.77905,"Python_11","Pyt_H"
"647",646,0.15265,0.0235,0.0435,0.78035,"Python_11","Pyt_H"
"648",647,0.15225,0.02345,0.0436,0.7807,"Python_11","Pyt_H"
"649",648,0.15225,0.02345,0.04415,0.78015,"Python_11","Pyt_H"
"650",649,0.15215,0.0228,0.04485,0.7802,"Python_11","Pyt_H"
"651",650,0.1521,0.023,0.0447,0.7802,"Python_11","Pyt_H"
"652",651,0.15225,0.023,0.0441,0.78065,"Python_11","Pyt_H"
"653",652,0.15215,0.023,0.04445,0.7804,"Python_11","Pyt_H"
"654",653,0.1518,0.0238,0.0443,0.7801,"Python_11","Pyt_H"
"655",654,0.15205,0.02285,0.04515,0.77995,"Python_11","Pyt_H"
"656",655,0.15115,0.0242,0.0444,0.78025,"Python_11","Pyt_H"
"657",656,0.15265,0.0235,0.04375,0.7801,"Python_11","Pyt_H"
"658",657,0.15265,0.02325,0.04285,0.78125,"Python_11","Pyt_H"
"659",658,0.1534,0.0227,0.0419,0.782,"Python_11","Pyt_H"
"660",659,0.15245,0.02245,0.04255,0.78255,"Python_11","Pyt_H"
"661",660,0.15375,0.0227,0.0412,0.78235,"Python_11","Pyt_H"
