"","step","S","E","I","R","simu","Langage"
"1",0,0.999,0,0.001,0,"Python_8","Pyt_H"
"2",1,0.9983,7e-04,0.001,0,"Python_8","Pyt_H"
"3",2,0.99755,0.00145,0.00085,0.00015,"Python_8","Pyt_H"
"4",3,0.9968,0.002,8e-04,4e-04,"Python_8","Pyt_H"
"5",4,0.99605,0.00245,9e-04,6e-04,"Python_8","Pyt_H"
"6",5,0.99525,0.0029,0.0011,0.00075,"Python_8","Pyt_H"
"7",6,0.9942,0.0035,0.00155,0.00075,"Python_8","Pyt_H"
"8",7,0.9927,0.0044,0.0021,8e-04,"Python_8","Pyt_H"
"9",8,0.9909,0.0057,0.00235,0.00105,"Python_8","Pyt_H"
"10",9,0.98895,0.0069,0.00285,0.0013,"Python_8","Pyt_H"
"11",10,0.9865,0.008,0.004,0.0015,"Python_8","Pyt_H"
"12",11,0.9828,0.0102,0.005,0.002,"Python_8","Pyt_H"
"13",12,0.9783,0.01285,0.00625,0.0026,"Python_8","Pyt_H"
"14",13,0.9728,0.0158,0.0081,0.0033,"Python_8","Pyt_H"
"15",14,0.96595,0.0191,0.0111,0.00385,"Python_8","Pyt_H"
"16",15,0.95735,0.02425,0.01355,0.00485,"Python_8","Pyt_H"
"17",16,0.9454,0.0313,0.0171,0.0062,"Python_8","Pyt_H"
"18",17,0.93145,0.0394,0.0213,0.00785,"Python_8","Pyt_H"
"19",18,0.9146,0.04895,0.0265,0.00995,"Python_8","Pyt_H"
"20",19,0.8938,0.061,0.033,0.0122,"Python_8","Pyt_H"
"21",20,0.8677,0.0755,0.0416,0.0152,"Python_8","Pyt_H"
"22",21,0.83585,0.0933,0.05105,0.0198,"Python_8","Pyt_H"
"23",22,0.8002,0.1125,0.0629,0.0244,"Python_8","Pyt_H"
"24",23,0.7578,0.1337,0.07725,0.03125,"Python_8","Pyt_H"
"25",24,0.7087,0.15745,0.09475,0.0391,"Python_8","Pyt_H"
"26",25,0.64975,0.1857,0.11715,0.0474,"Python_8","Pyt_H"
"27",26,0.58555,0.21395,0.1415,0.059,"Python_8","Pyt_H"
"28",27,0.517,0.24055,0.1695,0.07295,"Python_8","Pyt_H"
"29",28,0.4475,0.26195,0.201,0.08955,"Python_8","Pyt_H"
"30",29,0.37825,0.27725,0.23255,0.11195,"Python_8","Pyt_H"
"31",30,0.31145,0.2836,0.26945,0.1355,"Python_8","Pyt_H"
"32",31,0.2498,0.2847,0.30125,0.16425,"Python_8","Pyt_H"
"33",32,0.19645,0.2788,0.32865,0.1961,"Python_8","Pyt_H"
"34",33,0.1517,0.25975,0.3576,0.23095,"Python_8","Pyt_H"
"35",34,0.11365,0.2342,0.38265,0.2695,"Python_8","Pyt_H"
"36",35,0.08455,0.20835,0.39635,0.31075,"Python_8","Pyt_H"
"37",36,0.0631,0.1781,0.40665,0.35215,"Python_8","Pyt_H"
"38",37,0.0479,0.15105,0.4049,0.39615,"Python_8","Pyt_H"
"39",38,0.0362,0.1269,0.39415,0.44275,"Python_8","Pyt_H"
"40",39,0.02775,0.10405,0.3777,0.4905,"Python_8","Pyt_H"
"41",40,0.02175,0.0847,0.35785,0.5357,"Python_8","Pyt_H"
"42",41,0.0193,0.0666,0.33655,0.57755,"Python_8","Pyt_H"
"43",42,0.0163,0.05285,0.31345,0.6174,"Python_8","Pyt_H"
"44",43,0.01365,0.04325,0.2908,0.6523,"Python_8","Pyt_H"
"45",44,0.0125,0.0343,0.26525,0.68795,"Python_8","Pyt_H"
"46",45,0.01285,0.02735,0.2382,0.7216,"Python_8","Pyt_H"
"47",46,0.0134,0.0214,0.21465,0.75055,"Python_8","Pyt_H"
"48",47,0.01355,0.0172,0.1921,0.77715,"Python_8","Pyt_H"
"49",48,0.01425,0.01475,0.1726,0.7984,"Python_8","Pyt_H"
"50",49,0.015,0.01245,0.15225,0.8203,"Python_8","Pyt_H"
"51",50,0.0156,0.0105,0.13405,0.83985,"Python_8","Pyt_H"
"52",51,0.0169,0.00965,0.1178,0.85565,"Python_8","Pyt_H"
"53",52,0.01805,0.00905,0.1033,0.8696,"Python_8","Pyt_H"
"54",53,0.02015,0.0077,0.0915,0.88065,"Python_8","Pyt_H"
"55",54,0.0214,0.0073,0.082,0.8893,"Python_8","Pyt_H"
"56",55,0.0242,0.0064,0.0733,0.8961,"Python_8","Pyt_H"
"57",56,0.0257,0.0063,0.065,0.903,"Python_8","Pyt_H"
"58",57,0.02775,0.00575,0.05685,0.90965,"Python_8","Pyt_H"
"59",58,0.02945,0.0061,0.05105,0.9134,"Python_8","Pyt_H"
"60",59,0.0316,0.00575,0.0454,0.91725,"Python_8","Pyt_H"
"61",60,0.0344,0.0053,0.03995,0.92035,"Python_8","Pyt_H"
"62",61,0.03655,0.00445,0.0366,0.9224,"Python_8","Pyt_H"
"63",62,0.0391,0.0046,0.03245,0.92385,"Python_8","Pyt_H"
"64",63,0.04135,0.00455,0.02895,0.92515,"Python_8","Pyt_H"
"65",64,0.04385,0.00435,0.02555,0.92625,"Python_8","Pyt_H"
"66",65,0.04545,0.00405,0.0235,0.927,"Python_8","Pyt_H"
"67",66,0.0485,0.00395,0.0214,0.92615,"Python_8","Pyt_H"
"68",67,0.05165,0.0037,0.01935,0.9253,"Python_8","Pyt_H"
"69",68,0.0541,0.00325,0.0181,0.92455,"Python_8","Pyt_H"
"70",69,0.05655,0.0032,0.0164,0.92385,"Python_8","Pyt_H"
"71",70,0.05895,0.003,0.01495,0.9231,"Python_8","Pyt_H"
"72",71,0.0618,0.0029,0.0138,0.9215,"Python_8","Pyt_H"
"73",72,0.06415,0.0031,0.01245,0.9203,"Python_8","Pyt_H"
"74",73,0.06755,0.00275,0.01115,0.91855,"Python_8","Pyt_H"
"75",74,0.0707,0.0027,0.0105,0.9161,"Python_8","Pyt_H"
"76",75,0.07305,0.00285,0.00945,0.91465,"Python_8","Pyt_H"
"77",76,0.0763,0.00255,0.00865,0.9125,"Python_8","Pyt_H"
"78",77,0.07895,0.00215,0.0081,0.9108,"Python_8","Pyt_H"
"79",78,0.08075,0.00235,0.00775,0.90915,"Python_8","Pyt_H"
"80",79,0.08305,0.0021,0.00735,0.9075,"Python_8","Pyt_H"
"81",80,0.0859,0.00265,0.0071,0.90435,"Python_8","Pyt_H"
"82",81,0.0886,0.00315,0.00625,0.902,"Python_8","Pyt_H"
"83",82,0.09065,0.0027,0.006,0.90065,"Python_8","Pyt_H"
"84",83,0.0933,0.00235,0.0062,0.89815,"Python_8","Pyt_H"
"85",84,0.09555,0.00235,0.00615,0.89595,"Python_8","Pyt_H"
"86",85,0.0989,0.0024,0.0058,0.8929,"Python_8","Pyt_H"
"87",86,0.10155,0.00235,0.00585,0.89025,"Python_8","Pyt_H"
"88",87,0.10405,0.0023,0.00555,0.8881,"Python_8","Pyt_H"
"89",88,0.1065,0.0022,0.00525,0.88605,"Python_8","Pyt_H"
"90",89,0.10905,0.00185,0.0051,0.884,"Python_8","Pyt_H"
"91",90,0.11185,0.0017,0.0052,0.88125,"Python_8","Pyt_H"
"92",91,0.11505,0.00175,0.00505,0.87815,"Python_8","Pyt_H"
"93",92,0.11725,0.0016,0.0046,0.87655,"Python_8","Pyt_H"
"94",93,0.11985,0.0013,0.0044,0.87445,"Python_8","Pyt_H"
"95",94,0.12265,0.00135,0.00415,0.87185,"Python_8","Pyt_H"
"96",95,0.1264,0.0016,0.00375,0.86825,"Python_8","Pyt_H"
"97",96,0.12855,0.0015,0.00375,0.8662,"Python_8","Pyt_H"
"98",97,0.13125,0.0014,0.00365,0.8637,"Python_8","Pyt_H"
"99",98,0.1342,0.0014,0.0035,0.8609,"Python_8","Pyt_H"
"100",99,0.1368,0.00135,0.0033,0.85855,"Python_8","Pyt_H"
"101",100,0.1394,0.0013,0.00345,0.85585,"Python_8","Pyt_H"
"102",101,0.142,0.0014,0.0035,0.8531,"Python_8","Pyt_H"
"103",102,0.14435,0.00155,0.0032,0.8509,"Python_8","Pyt_H"
"104",103,0.1468,0.00185,0.003,0.84835,"Python_8","Pyt_H"
"105",104,0.1489,0.00175,0.0029,0.84645,"Python_8","Pyt_H"
"106",105,0.15125,0.00155,0.00305,0.84415,"Python_8","Pyt_H"
"107",106,0.15405,0.0017,0.0031,0.84115,"Python_8","Pyt_H"
"108",107,0.1558,0.0016,0.00325,0.83935,"Python_8","Pyt_H"
"109",108,0.1579,0.0015,0.0032,0.8374,"Python_8","Pyt_H"
"110",109,0.1602,0.0015,0.0031,0.8352,"Python_8","Pyt_H"
"111",110,0.16315,0.0013,0.003,0.83255,"Python_8","Pyt_H"
"112",111,0.16565,0.00145,0.00255,0.83035,"Python_8","Pyt_H"
"113",112,0.16765,0.00135,0.0027,0.8283,"Python_8","Pyt_H"
"114",113,0.1705,0.00125,0.00255,0.8257,"Python_8","Pyt_H"
"115",114,0.17205,0.0014,0.0026,0.82395,"Python_8","Pyt_H"
"116",115,0.17485,0.00135,0.0026,0.8212,"Python_8","Pyt_H"
"117",116,0.17775,0.0015,0.00235,0.8184,"Python_8","Pyt_H"
"118",117,0.1807,0.00145,0.0023,0.81555,"Python_8","Pyt_H"
"119",118,0.18295,0.00145,0.00235,0.81325,"Python_8","Pyt_H"
"120",119,0.1851,0.00135,0.0025,0.81105,"Python_8","Pyt_H"
"121",120,0.1871,0.0013,0.0026,0.809,"Python_8","Pyt_H"
"122",121,0.18955,0.001,0.0028,0.80665,"Python_8","Pyt_H"
"123",122,0.19155,0.001,0.00245,0.805,"Python_8","Pyt_H"
"124",123,0.19335,0.0013,0.00205,0.8033,"Python_8","Pyt_H"
"125",124,0.19515,0.0014,0.0021,0.80135,"Python_8","Pyt_H"
"126",125,0.19745,0.0013,0.0024,0.79885,"Python_8","Pyt_H"
"127",126,0.1995,0.00135,0.0022,0.79695,"Python_8","Pyt_H"
"128",127,0.2017,0.0012,0.0022,0.7949,"Python_8","Pyt_H"
"129",128,0.20395,0.0012,0.0024,0.79245,"Python_8","Pyt_H"
"130",129,0.2062,0.00145,0.00235,0.79,"Python_8","Pyt_H"
"131",130,0.2081,0.00145,0.0023,0.78815,"Python_8","Pyt_H"
"132",131,0.20965,0.00175,0.0024,0.7862,"Python_8","Pyt_H"
"133",132,0.21165,0.00175,0.0025,0.7841,"Python_8","Pyt_H"
"134",133,0.21355,0.0019,0.00245,0.7821,"Python_8","Pyt_H"
"135",134,0.2148,0.0022,0.0028,0.7802,"Python_8","Pyt_H"
"136",135,0.2175,0.00215,0.0029,0.77745,"Python_8","Pyt_H"
"137",136,0.2193,0.002,0.0032,0.7755,"Python_8","Pyt_H"
"138",137,0.2211,0.00225,0.00315,0.7735,"Python_8","Pyt_H"
"139",138,0.2228,0.002,0.0031,0.7721,"Python_8","Pyt_H"
"140",139,0.2247,0.00165,0.00375,0.7699,"Python_8","Pyt_H"
"141",140,0.2268,0.0019,0.00365,0.76765,"Python_8","Pyt_H"
"142",141,0.2285,0.002,0.00365,0.76585,"Python_8","Pyt_H"
"143",142,0.2309,0.00225,0.003,0.76385,"Python_8","Pyt_H"
"144",143,0.2329,0.00205,0.00325,0.7618,"Python_8","Pyt_H"
"145",144,0.2343,0.00245,0.00335,0.7599,"Python_8","Pyt_H"
"146",145,0.2367,0.00275,0.0033,0.75725,"Python_8","Pyt_H"
"147",146,0.23865,0.00275,0.0034,0.7552,"Python_8","Pyt_H"
"148",147,0.24035,0.0025,0.00375,0.7534,"Python_8","Pyt_H"
"149",148,0.2418,0.00255,0.0039,0.75175,"Python_8","Pyt_H"
"150",149,0.24335,0.0029,0.00405,0.7497,"Python_8","Pyt_H"
"151",150,0.24515,0.00285,0.0047,0.7473,"Python_8","Pyt_H"
"152",151,0.2466,0.00315,0.00475,0.7455,"Python_8","Pyt_H"
"153",152,0.24755,0.00325,0.00515,0.74405,"Python_8","Pyt_H"
"154",153,0.24945,0.0034,0.00535,0.7418,"Python_8","Pyt_H"
"155",154,0.2503,0.0038,0.00545,0.74045,"Python_8","Pyt_H"
"156",155,0.2511,0.00425,0.0059,0.73875,"Python_8","Pyt_H"
"157",156,0.25265,0.00435,0.006,0.737,"Python_8","Pyt_H"
"158",157,0.25445,0.00445,0.00625,0.73485,"Python_8","Pyt_H"
"159",158,0.2549,0.0052,0.00565,0.73425,"Python_8","Pyt_H"
"160",159,0.25665,0.0052,0.00605,0.7321,"Python_8","Pyt_H"
"161",160,0.25745,0.00515,0.00665,0.73075,"Python_8","Pyt_H"
"162",161,0.2582,0.0054,0.0073,0.7291,"Python_8","Pyt_H"
"163",162,0.2585,0.00605,0.00745,0.728,"Python_8","Pyt_H"
"164",163,0.2587,0.00635,0.00745,0.7275,"Python_8","Pyt_H"
"165",164,0.25915,0.00635,0.00785,0.72665,"Python_8","Pyt_H"
"166",165,0.25975,0.006,0.0088,0.72545,"Python_8","Pyt_H"
"167",166,0.25975,0.0064,0.0091,0.72475,"Python_8","Pyt_H"
"168",167,0.2604,0.00695,0.00955,0.7231,"Python_8","Pyt_H"
"169",168,0.26105,0.00705,0.00955,0.72235,"Python_8","Pyt_H"
"170",169,0.26025,0.0079,0.01015,0.7217,"Python_8","Pyt_H"
"171",170,0.261,0.00835,0.0107,0.71995,"Python_8","Pyt_H"
"172",171,0.26165,0.00835,0.0109,0.7191,"Python_8","Pyt_H"
"173",172,0.26145,0.0089,0.012,0.71765,"Python_8","Pyt_H"
"174",173,0.2615,0.00995,0.0124,0.71615,"Python_8","Pyt_H"
"175",174,0.2608,0.0101,0.0131,0.716,"Python_8","Pyt_H"
"176",175,0.261,0.01015,0.0137,0.71515,"Python_8","Pyt_H"
"177",176,0.26005,0.01125,0.01455,0.71415,"Python_8","Pyt_H"
"178",177,0.2589,0.01175,0.0154,0.71395,"Python_8","Pyt_H"
"179",178,0.25825,0.0123,0.0163,0.71315,"Python_8","Pyt_H"
"180",179,0.2566,0.01295,0.01715,0.7133,"Python_8","Pyt_H"
"181",180,0.2559,0.01305,0.0188,0.71225,"Python_8","Pyt_H"
"182",181,0.2544,0.0143,0.01895,0.71235,"Python_8","Pyt_H"
"183",182,0.2529,0.0143,0.02055,0.71225,"Python_8","Pyt_H"
"184",183,0.2511,0.01515,0.0216,0.71215,"Python_8","Pyt_H"
"185",184,0.2485,0.01665,0.02215,0.7127,"Python_8","Pyt_H"
"186",185,0.24605,0.01785,0.02295,0.71315,"Python_8","Pyt_H"
"187",186,0.24485,0.01805,0.0243,0.7128,"Python_8","Pyt_H"
"188",187,0.24165,0.01895,0.02585,0.71355,"Python_8","Pyt_H"
"189",188,0.2394,0.02005,0.02575,0.7148,"Python_8","Pyt_H"
"190",189,0.2371,0.0203,0.0274,0.7152,"Python_8","Pyt_H"
"191",190,0.23525,0.0201,0.0286,0.71605,"Python_8","Pyt_H"
"192",191,0.2321,0.0209,0.0294,0.7176,"Python_8","Pyt_H"
"193",192,0.2292,0.0217,0.03045,0.71865,"Python_8","Pyt_H"
"194",193,0.2271,0.02235,0.0303,0.72025,"Python_8","Pyt_H"
"195",194,0.22405,0.02385,0.03045,0.72165,"Python_8","Pyt_H"
"196",195,0.2213,0.02395,0.0322,0.72255,"Python_8","Pyt_H"
"197",196,0.2186,0.024,0.03325,0.72415,"Python_8","Pyt_H"
"198",197,0.2145,0.0252,0.0348,0.7255,"Python_8","Pyt_H"
"199",198,0.21285,0.02465,0.03535,0.72715,"Python_8","Pyt_H"
"200",199,0.20955,0.0251,0.03675,0.7286,"Python_8","Pyt_H"
"201",200,0.2066,0.0248,0.03885,0.72975,"Python_8","Pyt_H"
"202",201,0.20355,0.0259,0.0387,0.73185,"Python_8","Pyt_H"
"203",202,0.19925,0.0267,0.0406,0.73345,"Python_8","Pyt_H"
"204",203,0.19675,0.0271,0.0415,0.73465,"Python_8","Pyt_H"
"205",204,0.1923,0.02905,0.042,0.73665,"Python_8","Pyt_H"
"206",205,0.1898,0.0287,0.0428,0.7387,"Python_8","Pyt_H"
"207",206,0.18495,0.0306,0.0435,0.74095,"Python_8","Pyt_H"
"208",207,0.18115,0.0296,0.046,0.74325,"Python_8","Pyt_H"
"209",208,0.17775,0.02945,0.0462,0.7466,"Python_8","Pyt_H"
"210",209,0.1734,0.0304,0.0468,0.7494,"Python_8","Pyt_H"
"211",210,0.17065,0.02965,0.0477,0.752,"Python_8","Pyt_H"
"212",211,0.16705,0.02925,0.0498,0.7539,"Python_8","Pyt_H"
"213",212,0.16385,0.0295,0.04945,0.7572,"Python_8","Pyt_H"
"214",213,0.1613,0.02875,0.0508,0.75915,"Python_8","Pyt_H"
"215",214,0.1577,0.0284,0.0508,0.7631,"Python_8","Pyt_H"
"216",215,0.15555,0.02775,0.051,0.7657,"Python_8","Pyt_H"
"217",216,0.15375,0.0269,0.0511,0.76825,"Python_8","Pyt_H"
"218",217,0.15125,0.02685,0.05065,0.77125,"Python_8","Pyt_H"
"219",218,0.149,0.02675,0.05,0.77425,"Python_8","Pyt_H"
"220",219,0.1468,0.02645,0.0499,0.77685,"Python_8","Pyt_H"
"221",220,0.14435,0.026,0.04965,0.78,"Python_8","Pyt_H"
"222",221,0.1431,0.0251,0.04885,0.78295,"Python_8","Pyt_H"
"223",222,0.1415,0.0246,0.04795,0.78595,"Python_8","Pyt_H"
"224",223,0.1391,0.0244,0.0478,0.7887,"Python_8","Pyt_H"
"225",224,0.13745,0.0242,0.0475,0.79085,"Python_8","Pyt_H"
"226",225,0.135,0.0237,0.0474,0.7939,"Python_8","Pyt_H"
"227",226,0.1339,0.0234,0.0471,0.7956,"Python_8","Pyt_H"
"228",227,0.13315,0.02275,0.04635,0.79775,"Python_8","Pyt_H"
"229",228,0.13295,0.02125,0.0462,0.7996,"Python_8","Pyt_H"
"230",229,0.1326,0.02065,0.04545,0.8013,"Python_8","Pyt_H"
"231",230,0.13145,0.02075,0.04465,0.80315,"Python_8","Pyt_H"
"232",231,0.13105,0.02095,0.04345,0.80455,"Python_8","Pyt_H"
"233",232,0.1308,0.0198,0.04235,0.80705,"Python_8","Pyt_H"
"234",233,0.13085,0.0186,0.04285,0.8077,"Python_8","Pyt_H"
"235",234,0.13075,0.0191,0.04115,0.809,"Python_8","Pyt_H"
"236",235,0.1314,0.01895,0.0396,0.81005,"Python_8","Pyt_H"
"237",236,0.13205,0.01855,0.03845,0.81095,"Python_8","Pyt_H"
"238",237,0.1312,0.01825,0.03775,0.8128,"Python_8","Pyt_H"
"239",238,0.1309,0.0175,0.037,0.8146,"Python_8","Pyt_H"
"240",239,0.13025,0.01795,0.0367,0.8151,"Python_8","Pyt_H"
"241",240,0.13115,0.0178,0.0345,0.81655,"Python_8","Pyt_H"
"242",241,0.13105,0.0171,0.0351,0.81675,"Python_8","Pyt_H"
"243",242,0.1318,0.0162,0.03575,0.81625,"Python_8","Pyt_H"
"244",243,0.133,0.01575,0.0345,0.81675,"Python_8","Pyt_H"
"245",244,0.1349,0.0155,0.03385,0.81575,"Python_8","Pyt_H"
"246",245,0.13675,0.01415,0.0333,0.8158,"Python_8","Pyt_H"
"247",246,0.13735,0.01455,0.03275,0.81535,"Python_8","Pyt_H"
"248",247,0.1385,0.0161,0.03105,0.81435,"Python_8","Pyt_H"
"249",248,0.13935,0.01615,0.0305,0.814,"Python_8","Pyt_H"
"250",249,0.14105,0.01455,0.0308,0.8136,"Python_8","Pyt_H"
"251",250,0.1414,0.01555,0.03,0.81305,"Python_8","Pyt_H"
"252",251,0.14275,0.01545,0.0303,0.8115,"Python_8","Pyt_H"
"253",252,0.14405,0.0152,0.0303,0.81045,"Python_8","Pyt_H"
"254",253,0.14515,0.0142,0.0308,0.80985,"Python_8","Pyt_H"
"255",254,0.1457,0.0141,0.03055,0.80965,"Python_8","Pyt_H"
"256",255,0.14785,0.01405,0.02915,0.80895,"Python_8","Pyt_H"
"257",256,0.14855,0.01375,0.02885,0.80885,"Python_8","Pyt_H"
"258",257,0.14875,0.0145,0.02805,0.8087,"Python_8","Pyt_H"
"259",258,0.15005,0.015,0.02765,0.8073,"Python_8","Pyt_H"
"260",259,0.15125,0.01455,0.0276,0.8066,"Python_8","Pyt_H"
"261",260,0.1526,0.01455,0.027,0.80585,"Python_8","Pyt_H"
"262",261,0.15455,0.0143,0.02675,0.8044,"Python_8","Pyt_H"
"263",262,0.1549,0.01405,0.0267,0.80435,"Python_8","Pyt_H"
"264",263,0.1564,0.0135,0.027,0.8031,"Python_8","Pyt_H"
"265",264,0.15895,0.01355,0.02635,0.80115,"Python_8","Pyt_H"
"266",265,0.1611,0.01305,0.02705,0.7988,"Python_8","Pyt_H"
"267",266,0.16195,0.01335,0.02795,0.79675,"Python_8","Pyt_H"
"268",267,0.1626,0.0138,0.02785,0.79575,"Python_8","Pyt_H"
"269",268,0.16325,0.015,0.02755,0.7942,"Python_8","Pyt_H"
"270",269,0.164,0.01565,0.0283,0.79205,"Python_8","Pyt_H"
"271",270,0.1644,0.0164,0.02755,0.79165,"Python_8","Pyt_H"
"272",271,0.1662,0.0158,0.0276,0.7904,"Python_8","Pyt_H"
"273",272,0.1674,0.0156,0.02855,0.78845,"Python_8","Pyt_H"
"274",273,0.1685,0.01585,0.02855,0.7871,"Python_8","Pyt_H"
"275",274,0.16875,0.01625,0.02925,0.78575,"Python_8","Pyt_H"
"276",275,0.1699,0.0168,0.0285,0.7848,"Python_8","Pyt_H"
"277",276,0.17135,0.0163,0.02865,0.7837,"Python_8","Pyt_H"
"278",277,0.1725,0.01545,0.0292,0.78285,"Python_8","Pyt_H"
"279",278,0.17225,0.0166,0.02825,0.7829,"Python_8","Pyt_H"
"280",279,0.1735,0.01675,0.02815,0.7816,"Python_8","Pyt_H"
"281",280,0.1744,0.01705,0.0279,0.78065,"Python_8","Pyt_H"
"282",281,0.175,0.0169,0.02875,0.77935,"Python_8","Pyt_H"
"283",282,0.1767,0.01625,0.0284,0.77865,"Python_8","Pyt_H"
"284",283,0.17695,0.01625,0.02885,0.77795,"Python_8","Pyt_H"
"285",284,0.17605,0.01775,0.02935,0.77685,"Python_8","Pyt_H"
"286",285,0.1769,0.0178,0.02905,0.77625,"Python_8","Pyt_H"
"287",286,0.17755,0.0177,0.02945,0.7753,"Python_8","Pyt_H"
"288",287,0.1777,0.01735,0.03055,0.7744,"Python_8","Pyt_H"
"289",288,0.17805,0.01785,0.03095,0.77315,"Python_8","Pyt_H"
"290",289,0.17775,0.01785,0.0328,0.7716,"Python_8","Pyt_H"
"291",290,0.1777,0.0183,0.03305,0.77095,"Python_8","Pyt_H"
"292",291,0.17755,0.0185,0.0328,0.77115,"Python_8","Pyt_H"
"293",292,0.17695,0.0202,0.03205,0.7708,"Python_8","Pyt_H"
"294",293,0.17645,0.0208,0.0322,0.77055,"Python_8","Pyt_H"
"295",294,0.1765,0.0208,0.03265,0.77005,"Python_8","Pyt_H"
"296",295,0.17565,0.0216,0.0333,0.76945,"Python_8","Pyt_H"
"297",296,0.1751,0.02205,0.0336,0.76925,"Python_8","Pyt_H"
"298",297,0.17435,0.0231,0.0336,0.76895,"Python_8","Pyt_H"
"299",298,0.17395,0.02315,0.0349,0.768,"Python_8","Pyt_H"
"300",299,0.17435,0.02325,0.0363,0.7661,"Python_8","Pyt_H"
"301",300,0.1744,0.0226,0.0367,0.7663,"Python_8","Pyt_H"
"302",301,0.17415,0.0216,0.03665,0.7676,"Python_8","Pyt_H"
"303",302,0.1752,0.02085,0.0368,0.76715,"Python_8","Pyt_H"
"304",303,0.17415,0.02175,0.038,0.7661,"Python_8","Pyt_H"
"305",304,0.17305,0.02225,0.03765,0.76705,"Python_8","Pyt_H"
"306",305,0.17275,0.02275,0.03785,0.76665,"Python_8","Pyt_H"
"307",306,0.1714,0.0229,0.0382,0.7675,"Python_8","Pyt_H"
"308",307,0.1699,0.02265,0.04015,0.7673,"Python_8","Pyt_H"
"309",308,0.16835,0.02415,0.03975,0.76775,"Python_8","Pyt_H"
"310",309,0.16845,0.0246,0.04005,0.7669,"Python_8","Pyt_H"
"311",310,0.1686,0.02295,0.0411,0.76735,"Python_8","Pyt_H"
"312",311,0.16745,0.02235,0.0422,0.768,"Python_8","Pyt_H"
"313",312,0.16735,0.02215,0.0418,0.7687,"Python_8","Pyt_H"
"314",313,0.16765,0.02165,0.04085,0.76985,"Python_8","Pyt_H"
"315",314,0.1653,0.0225,0.0407,0.7715,"Python_8","Pyt_H"
"316",315,0.16415,0.0227,0.04085,0.7723,"Python_8","Pyt_H"
"317",316,0.16415,0.022,0.0406,0.77325,"Python_8","Pyt_H"
"318",317,0.16445,0.02185,0.04085,0.77285,"Python_8","Pyt_H"
"319",318,0.1645,0.02145,0.0413,0.77275,"Python_8","Pyt_H"
"320",319,0.1648,0.02175,0.04125,0.7722,"Python_8","Pyt_H"
"321",320,0.16415,0.02235,0.0402,0.7733,"Python_8","Pyt_H"
"322",321,0.164,0.02275,0.0404,0.77285,"Python_8","Pyt_H"
"323",322,0.1626,0.0225,0.04075,0.77415,"Python_8","Pyt_H"
"324",323,0.16235,0.0221,0.04095,0.7746,"Python_8","Pyt_H"
"325",324,0.1628,0.0223,0.04175,0.77315,"Python_8","Pyt_H"
"326",325,0.1629,0.02255,0.04205,0.7725,"Python_8","Pyt_H"
"327",326,0.16345,0.02245,0.04095,0.77315,"Python_8","Pyt_H"
"328",327,0.163,0.0215,0.04125,0.77425,"Python_8","Pyt_H"
"329",328,0.1625,0.02125,0.0416,0.77465,"Python_8","Pyt_H"
"330",329,0.16175,0.0219,0.0417,0.77465,"Python_8","Pyt_H"
"331",330,0.1613,0.0222,0.04085,0.77565,"Python_8","Pyt_H"
"332",331,0.16155,0.02225,0.04015,0.77605,"Python_8","Pyt_H"
"333",332,0.16085,0.0229,0.04,0.77625,"Python_8","Pyt_H"
"334",333,0.16145,0.0229,0.039,0.77665,"Python_8","Pyt_H"
"335",334,0.1613,0.02245,0.03885,0.7774,"Python_8","Pyt_H"
"336",335,0.1623,0.0214,0.04005,0.77625,"Python_8","Pyt_H"
"337",336,0.16245,0.02255,0.0402,0.7748,"Python_8","Pyt_H"
"338",337,0.1625,0.0232,0.03945,0.77485,"Python_8","Pyt_H"
"339",338,0.1616,0.0235,0.03925,0.77565,"Python_8","Pyt_H"
"340",339,0.1604,0.02305,0.0399,0.77665,"Python_8","Pyt_H"
"341",340,0.16005,0.02265,0.04075,0.77655,"Python_8","Pyt_H"
"342",341,0.1592,0.0234,0.0397,0.7777,"Python_8","Pyt_H"
"343",342,0.16,0.022,0.04025,0.77775,"Python_8","Pyt_H"
"344",343,0.15965,0.0227,0.03985,0.7778,"Python_8","Pyt_H"
"345",344,0.1589,0.0241,0.03995,0.77705,"Python_8","Pyt_H"
"346",345,0.1587,0.02435,0.0396,0.77735,"Python_8","Pyt_H"
"347",346,0.15975,0.02365,0.0392,0.7774,"Python_8","Pyt_H"
"348",347,0.15995,0.0234,0.04055,0.7761,"Python_8","Pyt_H"
"349",348,0.1607,0.02225,0.0409,0.77615,"Python_8","Pyt_H"
"350",349,0.15975,0.0219,0.0406,0.77775,"Python_8","Pyt_H"
"351",350,0.16005,0.02245,0.0404,0.7771,"Python_8","Pyt_H"
"352",351,0.16045,0.0223,0.0399,0.77735,"Python_8","Pyt_H"
"353",352,0.1609,0.0221,0.03995,0.77705,"Python_8","Pyt_H"
"354",353,0.16145,0.02215,0.0399,0.7765,"Python_8","Pyt_H"
"355",354,0.16185,0.0217,0.04065,0.7758,"Python_8","Pyt_H"
"356",355,0.1635,0.0209,0.03985,0.77575,"Python_8","Pyt_H"
"357",356,0.1639,0.02105,0.03975,0.7753,"Python_8","Pyt_H"
"358",357,0.16425,0.022,0.0396,0.77415,"Python_8","Pyt_H"
"359",358,0.16415,0.02235,0.03815,0.77535,"Python_8","Pyt_H"
"360",359,0.16455,0.02285,0.038,0.7746,"Python_8","Pyt_H"
"361",360,0.16565,0.0221,0.03905,0.7732,"Python_8","Pyt_H"
"362",361,0.1662,0.02155,0.03895,0.7733,"Python_8","Pyt_H"
"363",362,0.16705,0.02025,0.04045,0.77225,"Python_8","Pyt_H"
"364",363,0.1663,0.0213,0.0396,0.7728,"Python_8","Pyt_H"
"365",364,0.1653,0.02235,0.04015,0.7722,"Python_8","Pyt_H"
"366",365,0.16535,0.0221,0.03995,0.7726,"Python_8","Pyt_H"
"367",366,0.16485,0.0224,0.03965,0.7731,"Python_8","Pyt_H"
"368",367,0.1643,0.02325,0.03895,0.7735,"Python_8","Pyt_H"
"369",368,0.16525,0.02385,0.03905,0.77185,"Python_8","Pyt_H"
"370",369,0.16565,0.02315,0.0396,0.7716,"Python_8","Pyt_H"
"371",370,0.1665,0.0222,0.03975,0.77155,"Python_8","Pyt_H"
"372",371,0.166,0.02205,0.0398,0.77215,"Python_8","Pyt_H"
"373",372,0.1663,0.02225,0.0399,0.77155,"Python_8","Pyt_H"
"374",373,0.16665,0.0221,0.03975,0.7715,"Python_8","Pyt_H"
"375",374,0.1664,0.02255,0.0406,0.77045,"Python_8","Pyt_H"
"376",375,0.16525,0.02415,0.04005,0.77055,"Python_8","Pyt_H"
"377",376,0.1641,0.02415,0.0406,0.77115,"Python_8","Pyt_H"
"378",377,0.16275,0.0244,0.04125,0.7716,"Python_8","Pyt_H"
"379",378,0.163,0.0235,0.04075,0.77275,"Python_8","Pyt_H"
"380",379,0.16295,0.02375,0.0403,0.773,"Python_8","Pyt_H"
"381",380,0.16275,0.02365,0.04025,0.77335,"Python_8","Pyt_H"
"382",381,0.163,0.0229,0.04085,0.77325,"Python_8","Pyt_H"
"383",382,0.1619,0.0241,0.0403,0.7737,"Python_8","Pyt_H"
"384",383,0.1624,0.0237,0.0402,0.7737,"Python_8","Pyt_H"
"385",384,0.16175,0.02295,0.0407,0.7746,"Python_8","Pyt_H"
"386",385,0.16255,0.02365,0.03955,0.77425,"Python_8","Pyt_H"
"387",386,0.1624,0.0222,0.0398,0.7756,"Python_8","Pyt_H"
"388",387,0.1632,0.02165,0.0403,0.77485,"Python_8","Pyt_H"
"389",388,0.16205,0.02215,0.04035,0.77545,"Python_8","Pyt_H"
"390",389,0.1614,0.0224,0.0415,0.7747,"Python_8","Pyt_H"
"391",390,0.16255,0.0225,0.0415,0.77345,"Python_8","Pyt_H"
"392",391,0.16135,0.0223,0.0418,0.77455,"Python_8","Pyt_H"
"393",392,0.1614,0.0213,0.0423,0.775,"Python_8","Pyt_H"
"394",393,0.16135,0.0216,0.04165,0.7754,"Python_8","Pyt_H"
"395",394,0.16265,0.0216,0.0413,0.77445,"Python_8","Pyt_H"
"396",395,0.16215,0.02305,0.04065,0.77415,"Python_8","Pyt_H"
"397",396,0.16095,0.02335,0.0411,0.7746,"Python_8","Pyt_H"
"398",397,0.16175,0.02255,0.04185,0.77385,"Python_8","Pyt_H"
"399",398,0.16085,0.0231,0.0413,0.77475,"Python_8","Pyt_H"
"400",399,0.1596,0.0238,0.04135,0.77525,"Python_8","Pyt_H"
"401",400,0.15845,0.0242,0.0419,0.77545,"Python_8","Pyt_H"
"402",401,0.15905,0.0241,0.0417,0.77515,"Python_8","Pyt_H"
"403",402,0.1589,0.0239,0.0419,0.7753,"Python_8","Pyt_H"
"404",403,0.15815,0.02375,0.04165,0.77645,"Python_8","Pyt_H"
"405",404,0.1583,0.0232,0.04185,0.77665,"Python_8","Pyt_H"
"406",405,0.15825,0.0238,0.0419,0.77605,"Python_8","Pyt_H"
"407",406,0.15855,0.02395,0.04205,0.77545,"Python_8","Pyt_H"
"408",407,0.15765,0.0242,0.0425,0.77565,"Python_8","Pyt_H"
"409",408,0.15865,0.0237,0.04225,0.7754,"Python_8","Pyt_H"
"410",409,0.15745,0.02445,0.04265,0.77545,"Python_8","Pyt_H"
"411",410,0.1571,0.02475,0.04255,0.7756,"Python_8","Pyt_H"
"412",411,0.1583,0.02435,0.0425,0.77485,"Python_8","Pyt_H"
"413",412,0.15755,0.02385,0.0426,0.776,"Python_8","Pyt_H"
"414",413,0.15825,0.02255,0.0433,0.7759,"Python_8","Pyt_H"
"415",414,0.15875,0.02305,0.04185,0.77635,"Python_8","Pyt_H"
"416",415,0.1592,0.0222,0.04155,0.77705,"Python_8","Pyt_H"
"417",416,0.15875,0.0219,0.04205,0.7773,"Python_8","Pyt_H"
"418",417,0.1592,0.0216,0.04155,0.77765,"Python_8","Pyt_H"
"419",418,0.1576,0.02285,0.04175,0.7778,"Python_8","Pyt_H"
"420",419,0.15675,0.0235,0.0414,0.77835,"Python_8","Pyt_H"
"421",420,0.1567,0.0237,0.0406,0.779,"Python_8","Pyt_H"
"422",421,0.1566,0.02295,0.0408,0.77965,"Python_8","Pyt_H"
"423",422,0.1562,0.0227,0.0414,0.7797,"Python_8","Pyt_H"
"424",423,0.15585,0.0226,0.03995,0.7816,"Python_8","Pyt_H"
"425",424,0.1554,0.0217,0.04125,0.78165,"Python_8","Pyt_H"
"426",425,0.15555,0.02085,0.04245,0.78115,"Python_8","Pyt_H"
"427",426,0.15555,0.0211,0.0415,0.78185,"Python_8","Pyt_H"
"428",427,0.15535,0.02155,0.04135,0.78175,"Python_8","Pyt_H"
"429",428,0.1559,0.02235,0.04135,0.7804,"Python_8","Pyt_H"
"430",429,0.15605,0.0219,0.04145,0.7806,"Python_8","Pyt_H"
"431",430,0.1552,0.0227,0.0418,0.7803,"Python_8","Pyt_H"
"432",431,0.1547,0.0231,0.04105,0.78115,"Python_8","Pyt_H"
"433",432,0.15465,0.0232,0.03985,0.7823,"Python_8","Pyt_H"
"434",433,0.1546,0.0234,0.03885,0.78315,"Python_8","Pyt_H"
"435",434,0.1536,0.0241,0.0379,0.7844,"Python_8","Pyt_H"
"436",435,0.1552,0.0222,0.03905,0.78355,"Python_8","Pyt_H"
"437",436,0.15695,0.0208,0.0382,0.78405,"Python_8","Pyt_H"
"438",437,0.15615,0.02065,0.0379,0.7853,"Python_8","Pyt_H"
"439",438,0.15635,0.0197,0.0383,0.78565,"Python_8","Pyt_H"
"440",439,0.1562,0.0201,0.03775,0.78595,"Python_8","Pyt_H"
"441",440,0.15635,0.02015,0.03735,0.78615,"Python_8","Pyt_H"
"442",441,0.15655,0.0201,0.0372,0.78615,"Python_8","Pyt_H"
"443",442,0.1572,0.0199,0.0376,0.7853,"Python_8","Pyt_H"
"444",443,0.1577,0.0195,0.0373,0.7855,"Python_8","Pyt_H"
"445",444,0.1585,0.01955,0.03805,0.7839,"Python_8","Pyt_H"
"446",445,0.1586,0.02015,0.03815,0.7831,"Python_8","Pyt_H"
"447",446,0.1588,0.0205,0.0374,0.7833,"Python_8","Pyt_H"
"448",447,0.16045,0.02055,0.0375,0.7815,"Python_8","Pyt_H"
"449",448,0.16085,0.02075,0.03795,0.78045,"Python_8","Pyt_H"
"450",449,0.16155,0.0206,0.038,0.77985,"Python_8","Pyt_H"
"451",450,0.16105,0.0208,0.0381,0.78005,"Python_8","Pyt_H"
"452",451,0.16125,0.02125,0.0375,0.78,"Python_8","Pyt_H"
"453",452,0.1614,0.0202,0.03885,0.77955,"Python_8","Pyt_H"
"454",453,0.161,0.02155,0.0376,0.77985,"Python_8","Pyt_H"
"455",454,0.1604,0.02165,0.03775,0.7802,"Python_8","Pyt_H"
"456",455,0.1601,0.0207,0.0389,0.7803,"Python_8","Pyt_H"
"457",456,0.1606,0.02115,0.0377,0.78055,"Python_8","Pyt_H"
"458",457,0.1607,0.02025,0.0385,0.78055,"Python_8","Pyt_H"
"459",458,0.1617,0.02065,0.03905,0.7786,"Python_8","Pyt_H"
"460",459,0.16075,0.02235,0.0377,0.7792,"Python_8","Pyt_H"
"461",460,0.1626,0.02235,0.0377,0.77735,"Python_8","Pyt_H"
"462",461,0.16295,0.02285,0.03805,0.77615,"Python_8","Pyt_H"
"463",462,0.1632,0.02225,0.03835,0.7762,"Python_8","Pyt_H"
"464",463,0.16175,0.02275,0.0384,0.7771,"Python_8","Pyt_H"
"465",464,0.161,0.02335,0.039,0.77665,"Python_8","Pyt_H"
"466",465,0.16115,0.0234,0.03905,0.7764,"Python_8","Pyt_H"
"467",466,0.16045,0.02395,0.0393,0.7763,"Python_8","Pyt_H"
"468",467,0.1608,0.02295,0.03975,0.7765,"Python_8","Pyt_H"
"469",468,0.1611,0.0212,0.041,0.7767,"Python_8","Pyt_H"
"470",469,0.16265,0.0202,0.04185,0.7753,"Python_8","Pyt_H"
"471",470,0.1627,0.0201,0.0409,0.7763,"Python_8","Pyt_H"
"472",471,0.16205,0.02085,0.0402,0.7769,"Python_8","Pyt_H"
"473",472,0.1621,0.02075,0.03995,0.7772,"Python_8","Pyt_H"
"474",473,0.16165,0.0213,0.03975,0.7773,"Python_8","Pyt_H"
"475",474,0.1614,0.0217,0.0386,0.7783,"Python_8","Pyt_H"
"476",475,0.16255,0.02105,0.0395,0.7769,"Python_8","Pyt_H"
"477",476,0.1616,0.02205,0.0394,0.77695,"Python_8","Pyt_H"
"478",477,0.16135,0.02285,0.0388,0.777,"Python_8","Pyt_H"
"479",478,0.161,0.02365,0.0383,0.77705,"Python_8","Pyt_H"
"480",479,0.1611,0.0232,0.03945,0.77625,"Python_8","Pyt_H"
"481",480,0.1613,0.02215,0.04,0.77655,"Python_8","Pyt_H"
"482",481,0.16035,0.02235,0.04065,0.77665,"Python_8","Pyt_H"
"483",482,0.15935,0.02325,0.0407,0.7767,"Python_8","Pyt_H"
"484",483,0.16,0.02115,0.0412,0.77765,"Python_8","Pyt_H"
"485",484,0.16015,0.0219,0.041,0.77695,"Python_8","Pyt_H"
"486",485,0.1609,0.0206,0.04075,0.77775,"Python_8","Pyt_H"
"487",486,0.1609,0.0205,0.0408,0.7778,"Python_8","Pyt_H"
"488",487,0.16065,0.0211,0.04045,0.7778,"Python_8","Pyt_H"
"489",488,0.1611,0.02145,0.0402,0.77725,"Python_8","Pyt_H"
"490",489,0.1605,0.0216,0.03955,0.77835,"Python_8","Pyt_H"
"491",490,0.15995,0.0226,0.0393,0.77815,"Python_8","Pyt_H"
"492",491,0.16045,0.02235,0.0396,0.7776,"Python_8","Pyt_H"
"493",492,0.16115,0.0219,0.0402,0.77675,"Python_8","Pyt_H"
"494",493,0.1611,0.02245,0.0399,0.77655,"Python_8","Pyt_H"
"495",494,0.15995,0.0234,0.0395,0.77715,"Python_8","Pyt_H"
"496",495,0.15985,0.02265,0.0404,0.7771,"Python_8","Pyt_H"
"497",496,0.1604,0.0225,0.0409,0.7762,"Python_8","Pyt_H"
"498",497,0.1595,0.023,0.04055,0.77695,"Python_8","Pyt_H"
"499",498,0.1591,0.02275,0.0415,0.77665,"Python_8","Pyt_H"
"500",499,0.1602,0.0225,0.042,0.7753,"Python_8","Pyt_H"
"501",500,0.16175,0.0226,0.0407,0.77495,"Python_8","Pyt_H"
"502",501,0.16265,0.0226,0.04055,0.7742,"Python_8","Pyt_H"
"503",502,0.1629,0.0225,0.03995,0.77465,"Python_8","Pyt_H"
"504",503,0.16265,0.0219,0.0405,0.77495,"Python_8","Pyt_H"
"505",504,0.1638,0.02135,0.0414,0.77345,"Python_8","Pyt_H"
"506",505,0.163,0.02195,0.041,0.77405,"Python_8","Pyt_H"
"507",506,0.1622,0.0219,0.041,0.7749,"Python_8","Pyt_H"
"508",507,0.1623,0.02185,0.0409,0.77495,"Python_8","Pyt_H"
"509",508,0.1611,0.02245,0.04165,0.7748,"Python_8","Pyt_H"
"510",509,0.1609,0.0225,0.04145,0.77515,"Python_8","Pyt_H"
"511",510,0.16015,0.0233,0.04085,0.7757,"Python_8","Pyt_H"
"512",511,0.16,0.0242,0.03925,0.77655,"Python_8","Pyt_H"
"513",512,0.16035,0.0239,0.04,0.77575,"Python_8","Pyt_H"
"514",513,0.16035,0.0241,0.04085,0.7747,"Python_8","Pyt_H"
"515",514,0.15875,0.0242,0.04125,0.7758,"Python_8","Pyt_H"
"516",515,0.15865,0.0241,0.04185,0.7754,"Python_8","Pyt_H"
"517",516,0.15845,0.02395,0.0426,0.775,"Python_8","Pyt_H"
"518",517,0.15825,0.0234,0.0437,0.77465,"Python_8","Pyt_H"
"519",518,0.1579,0.02315,0.04375,0.7752,"Python_8","Pyt_H"
"520",519,0.15785,0.02295,0.0437,0.7755,"Python_8","Pyt_H"
"521",520,0.15775,0.02325,0.0439,0.7751,"Python_8","Pyt_H"
"522",521,0.15755,0.0233,0.0436,0.77555,"Python_8","Pyt_H"
"523",522,0.15775,0.02335,0.0429,0.776,"Python_8","Pyt_H"
"524",523,0.15695,0.02375,0.04375,0.77555,"Python_8","Pyt_H"
"525",524,0.1564,0.0243,0.04415,0.77515,"Python_8","Pyt_H"
"526",525,0.1577,0.0235,0.044,0.7748,"Python_8","Pyt_H"
"527",526,0.15825,0.02315,0.04355,0.77505,"Python_8","Pyt_H"
"528",527,0.15825,0.0231,0.0429,0.77575,"Python_8","Pyt_H"
"529",528,0.15895,0.0227,0.0432,0.77515,"Python_8","Pyt_H"
"530",529,0.15885,0.0233,0.04255,0.7753,"Python_8","Pyt_H"
"531",530,0.15785,0.02475,0.0417,0.7757,"Python_8","Pyt_H"
"532",531,0.1579,0.0236,0.04345,0.77505,"Python_8","Pyt_H"
"533",532,0.15775,0.0238,0.0428,0.77565,"Python_8","Pyt_H"
"534",533,0.1573,0.0237,0.04315,0.77585,"Python_8","Pyt_H"
"535",534,0.15725,0.0238,0.0426,0.77635,"Python_8","Pyt_H"
"536",535,0.158,0.0225,0.04355,0.77595,"Python_8","Pyt_H"
"537",536,0.1584,0.02285,0.04375,0.775,"Python_8","Pyt_H"
"538",537,0.15865,0.02395,0.0422,0.7752,"Python_8","Pyt_H"
"539",538,0.15845,0.02345,0.0425,0.7756,"Python_8","Pyt_H"
"540",539,0.15785,0.0241,0.04165,0.7764,"Python_8","Pyt_H"
"541",540,0.15855,0.02385,0.04105,0.77655,"Python_8","Pyt_H"
"542",541,0.159,0.02305,0.04155,0.7764,"Python_8","Pyt_H"
"543",542,0.16115,0.02145,0.04235,0.77505,"Python_8","Pyt_H"
"544",543,0.161,0.0221,0.0418,0.7751,"Python_8","Pyt_H"
"545",544,0.16095,0.0217,0.0417,0.77565,"Python_8","Pyt_H"
"546",545,0.1607,0.0216,0.04155,0.77615,"Python_8","Pyt_H"
"547",546,0.1601,0.02165,0.0423,0.77595,"Python_8","Pyt_H"
"548",547,0.16005,0.02235,0.04295,0.77465,"Python_8","Pyt_H"
"549",548,0.15855,0.02265,0.04285,0.77595,"Python_8","Pyt_H"
"550",549,0.1582,0.02305,0.0425,0.77625,"Python_8","Pyt_H"
"551",550,0.1596,0.0223,0.04275,0.77535,"Python_8","Pyt_H"
"552",551,0.15975,0.0224,0.04265,0.7752,"Python_8","Pyt_H"
"553",552,0.158,0.0237,0.0425,0.7758,"Python_8","Pyt_H"
"554",553,0.15825,0.02405,0.0428,0.7749,"Python_8","Pyt_H"
"555",554,0.1596,0.0231,0.042,0.7753,"Python_8","Pyt_H"
"556",555,0.16035,0.02245,0.04205,0.77515,"Python_8","Pyt_H"
"557",556,0.16005,0.02365,0.04105,0.77525,"Python_8","Pyt_H"
"558",557,0.16015,0.024,0.0412,0.77465,"Python_8","Pyt_H"
"559",558,0.1592,0.0246,0.04115,0.77505,"Python_8","Pyt_H"
"560",559,0.15845,0.02425,0.0424,0.7749,"Python_8","Pyt_H"
"561",560,0.15935,0.0239,0.04245,0.7743,"Python_8","Pyt_H"
"562",561,0.1591,0.0245,0.0426,0.7738,"Python_8","Pyt_H"
"563",562,0.1593,0.0231,0.04275,0.77485,"Python_8","Pyt_H"
"564",563,0.1603,0.0218,0.04155,0.77635,"Python_8","Pyt_H"
"565",564,0.1588,0.0231,0.0419,0.7762,"Python_8","Pyt_H"
"566",565,0.15765,0.0243,0.0411,0.77695,"Python_8","Pyt_H"
"567",566,0.1573,0.0231,0.04125,0.77835,"Python_8","Pyt_H"
"568",567,0.1571,0.0238,0.04155,0.77755,"Python_8","Pyt_H"
"569",568,0.15755,0.0233,0.04175,0.7774,"Python_8","Pyt_H"
"570",569,0.15695,0.02365,0.0419,0.7775,"Python_8","Pyt_H"
"571",570,0.15715,0.02305,0.04235,0.77745,"Python_8","Pyt_H"
"572",571,0.1578,0.02275,0.04305,0.7764,"Python_8","Pyt_H"
"573",572,0.1577,0.0231,0.04315,0.77605,"Python_8","Pyt_H"
"574",573,0.1566,0.02405,0.04315,0.7762,"Python_8","Pyt_H"
"575",574,0.1572,0.02455,0.0422,0.77605,"Python_8","Pyt_H"
"576",575,0.1575,0.02365,0.0426,0.77625,"Python_8","Pyt_H"
"577",576,0.1573,0.02305,0.0427,0.77695,"Python_8","Pyt_H"
"578",577,0.15775,0.02315,0.0427,0.7764,"Python_8","Pyt_H"
"579",578,0.1583,0.023,0.0428,0.7759,"Python_8","Pyt_H"
"580",579,0.1569,0.02385,0.0426,0.77665,"Python_8","Pyt_H"
"581",580,0.15615,0.02455,0.04185,0.77745,"Python_8","Pyt_H"
"582",581,0.15575,0.0246,0.0418,0.77785,"Python_8","Pyt_H"
"583",582,0.15635,0.02405,0.04125,0.77835,"Python_8","Pyt_H"
"584",583,0.1564,0.0227,0.0419,0.779,"Python_8","Pyt_H"
"585",584,0.15645,0.02305,0.04165,0.77885,"Python_8","Pyt_H"
"586",585,0.15755,0.02245,0.04265,0.77735,"Python_8","Pyt_H"
"587",586,0.15695,0.023,0.04345,0.7766,"Python_8","Pyt_H"
"588",587,0.1573,0.02405,0.04265,0.776,"Python_8","Pyt_H"
"589",588,0.15795,0.02375,0.0419,0.7764,"Python_8","Pyt_H"
"590",589,0.15745,0.02335,0.0431,0.7761,"Python_8","Pyt_H"
"591",590,0.1591,0.02215,0.04265,0.7761,"Python_8","Pyt_H"
"592",591,0.1598,0.02165,0.0421,0.77645,"Python_8","Pyt_H"
"593",592,0.16035,0.02115,0.0419,0.7766,"Python_8","Pyt_H"
"594",593,0.1619,0.0203,0.0409,0.7769,"Python_8","Pyt_H"
"595",594,0.1625,0.02035,0.04145,0.7757,"Python_8","Pyt_H"
"596",595,0.16275,0.0198,0.0417,0.77575,"Python_8","Pyt_H"
"597",596,0.1624,0.02125,0.04,0.77635,"Python_8","Pyt_H"
"598",597,0.16315,0.02065,0.03935,0.77685,"Python_8","Pyt_H"
"599",598,0.16415,0.02075,0.03955,0.77555,"Python_8","Pyt_H"
"600",599,0.1644,0.0214,0.03975,0.77445,"Python_8","Pyt_H"
"601",600,0.16375,0.0222,0.03965,0.7744,"Python_8","Pyt_H"
"602",601,0.1638,0.023,0.0389,0.7743,"Python_8","Pyt_H"
"603",602,0.1643,0.0226,0.04015,0.77295,"Python_8","Pyt_H"
"604",603,0.16445,0.02245,0.0392,0.7739,"Python_8","Pyt_H"
"605",604,0.1641,0.0222,0.0399,0.7738,"Python_8","Pyt_H"
"606",605,0.16395,0.02295,0.0398,0.7733,"Python_8","Pyt_H"
"607",606,0.165,0.0221,0.0405,0.7724,"Python_8","Pyt_H"
"608",607,0.16495,0.0219,0.04095,0.7722,"Python_8","Pyt_H"
"609",608,0.16365,0.02345,0.0405,0.7724,"Python_8","Pyt_H"
"610",609,0.1637,0.0233,0.04065,0.77235,"Python_8","Pyt_H"
"611",610,0.16375,0.02325,0.04085,0.77215,"Python_8","Pyt_H"
"612",611,0.1632,0.02395,0.04,0.77285,"Python_8","Pyt_H"
"613",612,0.1625,0.02345,0.0407,0.77335,"Python_8","Pyt_H"
"614",613,0.16315,0.02235,0.04125,0.77325,"Python_8","Pyt_H"
"615",614,0.1637,0.0224,0.0416,0.7723,"Python_8","Pyt_H"
"616",615,0.1641,0.02215,0.0414,0.77235,"Python_8","Pyt_H"
"617",616,0.16455,0.0232,0.0411,0.77115,"Python_8","Pyt_H"
"618",617,0.16465,0.02255,0.042,0.7708,"Python_8","Pyt_H"
"619",618,0.16425,0.02305,0.0408,0.7719,"Python_8","Pyt_H"
"620",619,0.1647,0.02355,0.0397,0.77205,"Python_8","Pyt_H"
"621",620,0.16475,0.0238,0.03975,0.7717,"Python_8","Pyt_H"
"622",621,0.16425,0.0241,0.04015,0.7715,"Python_8","Pyt_H"
"623",622,0.16475,0.02455,0.04055,0.77015,"Python_8","Pyt_H"
"624",623,0.1652,0.0238,0.0413,0.7697,"Python_8","Pyt_H"
"625",624,0.1639,0.0239,0.04225,0.76995,"Python_8","Pyt_H"
"626",625,0.16365,0.0235,0.0419,0.77095,"Python_8","Pyt_H"
"627",626,0.1633,0.0228,0.04195,0.77195,"Python_8","Pyt_H"
"628",627,0.16325,0.0223,0.0421,0.77235,"Python_8","Pyt_H"
"629",628,0.16405,0.0221,0.0415,0.77235,"Python_8","Pyt_H"
"630",629,0.16375,0.02275,0.041,0.7725,"Python_8","Pyt_H"
"631",630,0.1632,0.0225,0.0404,0.7739,"Python_8","Pyt_H"
"632",631,0.16195,0.022,0.04115,0.7749,"Python_8","Pyt_H"
"633",632,0.1608,0.02225,0.0414,0.77555,"Python_8","Pyt_H"
"634",633,0.1606,0.02345,0.0415,0.77445,"Python_8","Pyt_H"
"635",634,0.1613,0.02295,0.04065,0.7751,"Python_8","Pyt_H"
"636",635,0.1616,0.02225,0.0407,0.77545,"Python_8","Pyt_H"
"637",636,0.1617,0.0217,0.04165,0.77495,"Python_8","Pyt_H"
"638",637,0.1622,0.02185,0.04135,0.7746,"Python_8","Pyt_H"
"639",638,0.1628,0.02195,0.0411,0.77415,"Python_8","Pyt_H"
"640",639,0.16385,0.02165,0.0418,0.7727,"Python_8","Pyt_H"
"641",640,0.16365,0.02205,0.0411,0.7732,"Python_8","Pyt_H"
"642",641,0.1626,0.02405,0.0411,0.77225,"Python_8","Pyt_H"
"643",642,0.1628,0.02535,0.04035,0.7715,"Python_8","Pyt_H"
"644",643,0.16255,0.025,0.04035,0.7721,"Python_8","Pyt_H"
"645",644,0.16175,0.02555,0.04065,0.77205,"Python_8","Pyt_H"
"646",645,0.16245,0.02425,0.0421,0.7712,"Python_8","Pyt_H"
"647",646,0.16225,0.024,0.0422,0.77155,"Python_8","Pyt_H"
"648",647,0.1611,0.0242,0.0442,0.7705,"Python_8","Pyt_H"
"649",648,0.1605,0.02515,0.0436,0.77075,"Python_8","Pyt_H"
"650",649,0.16005,0.0247,0.04395,0.7713,"Python_8","Pyt_H"
"651",650,0.1599,0.02365,0.0447,0.77175,"Python_8","Pyt_H"
"652",651,0.15945,0.0231,0.0452,0.77225,"Python_8","Pyt_H"
"653",652,0.1599,0.0227,0.04635,0.77105,"Python_8","Pyt_H"
"654",653,0.1595,0.0228,0.04585,0.77185,"Python_8","Pyt_H"
"655",654,0.15885,0.0237,0.04505,0.7724,"Python_8","Pyt_H"
"656",655,0.1591,0.02325,0.0447,0.77295,"Python_8","Pyt_H"
"657",656,0.159,0.02345,0.0437,0.77385,"Python_8","Pyt_H"
"658",657,0.1573,0.0239,0.0445,0.7743,"Python_8","Pyt_H"
"659",658,0.15645,0.025,0.04335,0.7752,"Python_8","Pyt_H"
"660",659,0.15505,0.02575,0.0435,0.7757,"Python_8","Pyt_H"
"661",660,0.1536,0.02615,0.04415,0.7761,"Python_8","Pyt_H"
"662",661,0.15365,0.0256,0.0447,0.77605,"Python_8","Pyt_H"
"663",662,0.15365,0.02545,0.04425,0.77665,"Python_8","Pyt_H"
"664",663,0.15305,0.02515,0.0453,0.7765,"Python_8","Pyt_H"
"665",664,0.1516,0.026,0.04575,0.77665,"Python_8","Pyt_H"
"666",665,0.152,0.02505,0.0467,0.77625,"Python_8","Pyt_H"
"667",666,0.1532,0.0239,0.04655,0.77635,"Python_8","Pyt_H"
"668",667,0.1534,0.0232,0.04675,0.77665,"Python_8","Pyt_H"
"669",668,0.15235,0.02355,0.0467,0.7774,"Python_8","Pyt_H"
"670",669,0.15215,0.02325,0.0474,0.7772,"Python_8","Pyt_H"
"671",670,0.1516,0.02345,0.047,0.77795,"Python_8","Pyt_H"
"672",671,0.151,0.02255,0.04735,0.7791,"Python_8","Pyt_H"
