"","step","S","E","I","R","simu","Langage"
"1",0,0.999,0,0.001,0,"Python_21","Pyt_H"
"2",1,0.9984,6e-04,0.001,0,"Python_21","Pyt_H"
"3",2,0.99775,0.00125,0.00095,5e-05,"Python_21","Pyt_H"
"4",3,0.99695,0.0019,0.001,0.00015,"Python_21","Pyt_H"
"5",4,0.996,0.0026,0.0012,2e-04,"Python_21","Pyt_H"
"6",5,0.99475,0.00325,0.00165,0.00035,"Python_21","Pyt_H"
"7",6,0.9929,0.00445,0.00215,5e-04,"Python_21","Pyt_H"
"8",7,0.9909,0.00585,0.00265,6e-04,"Python_21","Pyt_H"
"9",8,0.989,0.00685,0.00325,9e-04,"Python_21","Pyt_H"
"10",9,0.9859,0.00885,0.00405,0.0012,"Python_21","Pyt_H"
"11",10,0.9828,0.01015,0.00555,0.0015,"Python_21","Pyt_H"
"12",11,0.97885,0.01215,0.00685,0.00215,"Python_21","Pyt_H"
"13",12,0.97335,0.0157,0.0082,0.00275,"Python_21","Pyt_H"
"14",13,0.9656,0.02095,0.01005,0.0034,"Python_21","Pyt_H"
"15",14,0.95615,0.02645,0.01325,0.00415,"Python_21","Pyt_H"
"16",15,0.94415,0.0326,0.01785,0.0054,"Python_21","Pyt_H"
"17",16,0.9313,0.0405,0.02085,0.00735,"Python_21","Pyt_H"
"18",17,0.91195,0.0526,0.02575,0.0097,"Python_21","Pyt_H"
"19",18,0.8929,0.0615,0.03415,0.01145,"Python_21","Pyt_H"
"20",19,0.86695,0.07565,0.04295,0.01445,"Python_21","Pyt_H"
"21",20,0.8348,0.09315,0.0524,0.01965,"Python_21","Pyt_H"
"22",21,0.79805,0.113,0.0642,0.02475,"Python_21","Pyt_H"
"23",22,0.75475,0.1361,0.0793,0.02985,"Python_21","Pyt_H"
"24",23,0.7035,0.1621,0.097,0.0374,"Python_21","Pyt_H"
"25",24,0.644,0.1881,0.121,0.0469,"Python_21","Pyt_H"
"26",25,0.58105,0.2159,0.14385,0.0592,"Python_21","Pyt_H"
"27",26,0.51425,0.23985,0.17105,0.07485,"Python_21","Pyt_H"
"28",27,0.44475,0.2604,0.2022,0.09265,"Python_21","Pyt_H"
"29",28,0.3718,0.279,0.2349,0.1143,"Python_21","Pyt_H"
"30",29,0.30525,0.28905,0.26535,0.14035,"Python_21","Pyt_H"
"31",30,0.2447,0.2881,0.30005,0.16715,"Python_21","Pyt_H"
"32",31,0.1928,0.27445,0.3338,0.19895,"Python_21","Pyt_H"
"33",32,0.14895,0.25685,0.3588,0.2354,"Python_21","Pyt_H"
"34",33,0.11085,0.23775,0.37745,0.27395,"Python_21","Pyt_H"
"35",34,0.08315,0.21045,0.39085,0.31555,"Python_21","Pyt_H"
"36",35,0.0625,0.1802,0.39625,0.36105,"Python_21","Pyt_H"
"37",36,0.04665,0.14965,0.39795,0.40575,"Python_21","Pyt_H"
"38",37,0.0351,0.12455,0.38755,0.4528,"Python_21","Pyt_H"
"39",38,0.02775,0.1035,0.3717,0.49705,"Python_21","Pyt_H"
"40",39,0.02205,0.08345,0.35255,0.54195,"Python_21","Pyt_H"
"41",40,0.01805,0.0667,0.32965,0.5856,"Python_21","Pyt_H"
"42",41,0.01505,0.0546,0.3045,0.62585,"Python_21","Pyt_H"
"43",42,0.0139,0.04425,0.27835,0.6635,"Python_21","Pyt_H"
"44",43,0.0138,0.03455,0.2546,0.69705,"Python_21","Pyt_H"
"45",44,0.0138,0.028,0.2313,0.7269,"Python_21","Pyt_H"
"46",45,0.0138,0.02225,0.2096,0.75435,"Python_21","Pyt_H"
"47",46,0.01405,0.01825,0.18605,0.78165,"Python_21","Pyt_H"
"48",47,0.0148,0.015,0.1666,0.8036,"Python_21","Pyt_H"
"49",48,0.01615,0.0127,0.14895,0.8222,"Python_21","Pyt_H"
"50",49,0.0169,0.011,0.1348,0.8373,"Python_21","Pyt_H"
"51",50,0.01815,0.01,0.11935,0.8525,"Python_21","Pyt_H"
"52",51,0.01955,0.0091,0.1059,0.86545,"Python_21","Pyt_H"
"53",52,0.0217,0.00845,0.0934,0.87645,"Python_21","Pyt_H"
"54",53,0.02255,0.00805,0.08125,0.88815,"Python_21","Pyt_H"
"55",54,0.02475,0.0074,0.072,0.89585,"Python_21","Pyt_H"
"56",55,0.0263,0.0067,0.06465,0.90235,"Python_21","Pyt_H"
"57",56,0.02825,0.00625,0.0575,0.908,"Python_21","Pyt_H"
"58",57,0.02945,0.00625,0.0511,0.9132,"Python_21","Pyt_H"
"59",58,0.03125,0.00565,0.04605,0.91705,"Python_21","Pyt_H"
"60",59,0.0334,0.0052,0.0411,0.9203,"Python_21","Pyt_H"
"61",60,0.03595,0.00535,0.03675,0.92195,"Python_21","Pyt_H"
"62",61,0.0379,0.00475,0.03305,0.9243,"Python_21","Pyt_H"
"63",62,0.0404,0.0041,0.02935,0.92615,"Python_21","Pyt_H"
"64",63,0.0425,0.00345,0.02605,0.928,"Python_21","Pyt_H"
"65",64,0.04485,0.00385,0.0232,0.9281,"Python_21","Pyt_H"
"66",65,0.04665,0.00365,0.0217,0.928,"Python_21","Pyt_H"
"67",66,0.0496,0.00335,0.01975,0.9273,"Python_21","Pyt_H"
"68",67,0.05275,0.0032,0.01725,0.9268,"Python_21","Pyt_H"
"69",68,0.05555,0.00275,0.01635,0.92535,"Python_21","Pyt_H"
"70",69,0.05825,0.0027,0.01495,0.9241,"Python_21","Pyt_H"
"71",70,0.0608,0.00295,0.0133,0.92295,"Python_21","Pyt_H"
"72",71,0.0633,0.00305,0.01175,0.9219,"Python_21","Pyt_H"
"73",72,0.0666,0.0024,0.01105,0.91995,"Python_21","Pyt_H"
"74",73,0.06925,0.0025,0.01025,0.918,"Python_21","Pyt_H"
"75",74,0.0721,0.00225,0.0095,0.91615,"Python_21","Pyt_H"
"76",75,0.0748,0.0021,0.0089,0.9142,"Python_21","Pyt_H"
"77",76,0.0783,0.0019,0.0082,0.9116,"Python_21","Pyt_H"
"78",77,0.08055,0.00205,0.00735,0.91005,"Python_21","Pyt_H"
"79",78,0.0836,0.00175,0.0068,0.90785,"Python_21","Pyt_H"
"80",79,0.08605,0.00145,0.0061,0.9064,"Python_21","Pyt_H"
"81",80,0.089,0.00145,0.0055,0.90405,"Python_21","Pyt_H"
"82",81,0.0921,0.0018,0.0049,0.9012,"Python_21","Pyt_H"
"83",82,0.0954,0.00195,0.00445,0.8982,"Python_21","Pyt_H"
"84",83,0.0975,0.002,0.0039,0.8966,"Python_21","Pyt_H"
"85",84,0.10025,0.00155,0.004,0.8942,"Python_21","Pyt_H"
"86",85,0.10275,0.00125,0.00405,0.89195,"Python_21","Pyt_H"
"87",86,0.10485,0.00135,0.00385,0.88995,"Python_21","Pyt_H"
"88",87,0.1073,0.00145,0.0037,0.88755,"Python_21","Pyt_H"
"89",88,0.10985,0.00155,0.0031,0.8855,"Python_21","Pyt_H"
"90",89,0.1127,0.0018,0.00285,0.88265,"Python_21","Pyt_H"
"91",90,0.11505,0.00165,0.00285,0.88045,"Python_21","Pyt_H"
"92",91,0.1182,0.0015,0.00265,0.87765,"Python_21","Pyt_H"
"93",92,0.1206,0.00135,0.0026,0.87545,"Python_21","Pyt_H"
"94",93,0.1243,0.00135,0.00275,0.8716,"Python_21","Pyt_H"
"95",94,0.1267,0.00135,0.00305,0.8689,"Python_21","Pyt_H"
"96",95,0.12945,0.0013,0.00295,0.8663,"Python_21","Pyt_H"
"97",96,0.1321,0.00125,0.003,0.86365,"Python_21","Pyt_H"
"98",97,0.1339,0.0018,0.00255,0.86175,"Python_21","Pyt_H"
"99",98,0.13655,0.0016,0.00255,0.8593,"Python_21","Pyt_H"
"100",99,0.13875,0.00125,0.0028,0.8572,"Python_21","Pyt_H"
"101",100,0.14135,0.001,0.003,0.85465,"Python_21","Pyt_H"
"102",101,0.14405,0.00105,0.0028,0.8521,"Python_21","Pyt_H"
"103",102,0.1466,0.00125,0.00255,0.8496,"Python_21","Pyt_H"
"104",103,0.1493,0.0012,0.00255,0.84695,"Python_21","Pyt_H"
"105",104,0.1513,0.00125,0.0026,0.84485,"Python_21","Pyt_H"
"106",105,0.15425,0.0011,0.00255,0.8421,"Python_21","Pyt_H"
"107",106,0.157,0.00125,0.00245,0.8393,"Python_21","Pyt_H"
"108",107,0.15975,0.0012,0.0023,0.83675,"Python_21","Pyt_H"
"109",108,0.1618,0.00125,0.0025,0.83445,"Python_21","Pyt_H"
"110",109,0.1643,0.00135,0.0022,0.83215,"Python_21","Pyt_H"
"111",110,0.16685,0.00115,0.00235,0.82965,"Python_21","Pyt_H"
"112",111,0.16955,0.0012,0.00215,0.8271,"Python_21","Pyt_H"
"113",112,0.1719,0.00135,0.00195,0.8248,"Python_21","Pyt_H"
"114",113,0.1745,0.00125,0.002,0.82225,"Python_21","Pyt_H"
"115",114,0.1769,0.00095,0.00225,0.8199,"Python_21","Pyt_H"
"116",115,0.1795,0.00095,0.00205,0.8175,"Python_21","Pyt_H"
"117",116,0.18175,0.0012,0.00205,0.815,"Python_21","Pyt_H"
"118",117,0.1839,0.0012,0.00195,0.81295,"Python_21","Pyt_H"
"119",118,0.1865,0.00085,0.0022,0.81045,"Python_21","Pyt_H"
"120",119,0.18885,8e-04,0.00205,0.8083,"Python_21","Pyt_H"
"121",120,0.19095,8e-04,0.00185,0.8064,"Python_21","Pyt_H"
"122",121,0.19305,0.001,0.00185,0.8041,"Python_21","Pyt_H"
"123",122,0.195,0.001,0.002,0.802,"Python_21","Pyt_H"
"124",123,0.1982,0.00095,0.00235,0.7985,"Python_21","Pyt_H"
"125",124,0.2004,0.0013,0.00215,0.79615,"Python_21","Pyt_H"
"126",125,0.20225,0.00125,0.0023,0.7942,"Python_21","Pyt_H"
"127",126,0.2042,0.0012,0.00225,0.79235,"Python_21","Pyt_H"
"128",127,0.206,0.0012,0.0022,0.7906,"Python_21","Pyt_H"
"129",128,0.2082,0.0011,0.0023,0.7884,"Python_21","Pyt_H"
"130",129,0.21085,0.00115,0.00235,0.78565,"Python_21","Pyt_H"
"131",130,0.21275,0.0012,0.0021,0.78395,"Python_21","Pyt_H"
"132",131,0.21525,0.00135,0.00215,0.78125,"Python_21","Pyt_H"
"133",132,0.21715,0.00145,0.0023,0.7791,"Python_21","Pyt_H"
"134",133,0.2198,0.0014,0.0024,0.7764,"Python_21","Pyt_H"
"135",134,0.222,0.00165,0.0021,0.77425,"Python_21","Pyt_H"
"136",135,0.2243,0.00165,0.002,0.77205,"Python_21","Pyt_H"
"137",136,0.2262,0.00135,0.002,0.77045,"Python_21","Pyt_H"
"138",137,0.22785,0.0015,0.0021,0.76855,"Python_21","Pyt_H"
"139",138,0.23025,0.00165,0.00205,0.76605,"Python_21","Pyt_H"
"140",139,0.2324,0.00175,0.0021,0.76375,"Python_21","Pyt_H"
"141",140,0.2341,0.00175,0.00225,0.7619,"Python_21","Pyt_H"
"142",141,0.23575,0.0019,0.0024,0.75995,"Python_21","Pyt_H"
"143",142,0.23715,0.002,0.00235,0.7585,"Python_21","Pyt_H"
"144",143,0.23935,0.0018,0.0026,0.75625,"Python_21","Pyt_H"
"145",144,0.241,0.0018,0.003,0.7542,"Python_21","Pyt_H"
"146",145,0.2432,0.0018,0.0032,0.7518,"Python_21","Pyt_H"
"147",146,0.24485,0.00215,0.0032,0.7498,"Python_21","Pyt_H"
"148",147,0.2466,0.00225,0.0029,0.74825,"Python_21","Pyt_H"
"149",148,0.24875,0.00255,0.0027,0.746,"Python_21","Pyt_H"
"150",149,0.2504,0.00245,0.0029,0.74425,"Python_21","Pyt_H"
"151",150,0.2524,0.00235,0.00305,0.7422,"Python_21","Pyt_H"
"152",151,0.2545,0.0019,0.0035,0.7401,"Python_21","Pyt_H"
"153",152,0.2566,0.0021,0.0035,0.7378,"Python_21","Pyt_H"
"154",153,0.25795,0.00265,0.0033,0.7361,"Python_21","Pyt_H"
"155",154,0.25985,0.0024,0.00345,0.7343,"Python_21","Pyt_H"
"156",155,0.26095,0.00245,0.0036,0.733,"Python_21","Pyt_H"
"157",156,0.262,0.0031,0.0035,0.7314,"Python_21","Pyt_H"
"158",157,0.2637,0.003,0.0038,0.7295,"Python_21","Pyt_H"
"159",158,0.2652,0.00345,0.00395,0.7274,"Python_21","Pyt_H"
"160",159,0.26615,0.00395,0.0039,0.726,"Python_21","Pyt_H"
"161",160,0.2675,0.00385,0.00425,0.7244,"Python_21","Pyt_H"
"162",161,0.2686,0.00405,0.0047,0.72265,"Python_21","Pyt_H"
"163",162,0.26985,0.00395,0.00515,0.72105,"Python_21","Pyt_H"
"164",163,0.27055,0.00425,0.00525,0.71995,"Python_21","Pyt_H"
"165",164,0.27155,0.0047,0.00535,0.7184,"Python_21","Pyt_H"
"166",165,0.2723,0.00495,0.0058,0.71695,"Python_21","Pyt_H"
"167",166,0.27315,0.00485,0.00635,0.71565,"Python_21","Pyt_H"
"168",167,0.27455,0.0049,0.00665,0.7139,"Python_21","Pyt_H"
"169",168,0.2752,0.0054,0.00675,0.71265,"Python_21","Pyt_H"
"170",169,0.27555,0.00585,0.0071,0.7115,"Python_21","Pyt_H"
"171",170,0.27615,0.0061,0.0075,0.71025,"Python_21","Pyt_H"
"172",171,0.27665,0.0062,0.00805,0.7091,"Python_21","Pyt_H"
"173",172,0.2764,0.00695,0.0085,0.70815,"Python_21","Pyt_H"
"174",173,0.2774,0.0072,0.0087,0.7067,"Python_21","Pyt_H"
"175",174,0.27705,0.0077,0.009,0.70625,"Python_21","Pyt_H"
"176",175,0.27715,0.0078,0.00985,0.7052,"Python_21","Pyt_H"
"177",176,0.27775,0.00775,0.01015,0.70435,"Python_21","Pyt_H"
"178",177,0.2777,0.0081,0.0104,0.7038,"Python_21","Pyt_H"
"179",178,0.27755,0.0083,0.01115,0.703,"Python_21","Pyt_H"
"180",179,0.2774,0.0085,0.01155,0.70255,"Python_21","Pyt_H"
"181",180,0.2768,0.00875,0.0128,0.70165,"Python_21","Pyt_H"
"182",181,0.27625,0.0094,0.0131,0.70125,"Python_21","Pyt_H"
"183",182,0.27555,0.01035,0.0133,0.7008,"Python_21","Pyt_H"
"184",183,0.2753,0.0105,0.0143,0.6999,"Python_21","Pyt_H"
"185",184,0.27495,0.01045,0.01545,0.69915,"Python_21","Pyt_H"
"186",185,0.2734,0.01225,0.016,0.69835,"Python_21","Pyt_H"
"187",186,0.272,0.0141,0.0159,0.698,"Python_21","Pyt_H"
"188",187,0.2704,0.0151,0.0165,0.698,"Python_21","Pyt_H"
"189",188,0.26885,0.01535,0.01795,0.69785,"Python_21","Pyt_H"
"190",189,0.2682,0.0151,0.01915,0.69755,"Python_21","Pyt_H"
"191",190,0.26615,0.016,0.0204,0.69745,"Python_21","Pyt_H"
"192",191,0.26345,0.0173,0.0209,0.69835,"Python_21","Pyt_H"
"193",192,0.26095,0.0185,0.0214,0.69915,"Python_21","Pyt_H"
"194",193,0.25845,0.019,0.02255,0.7,"Python_21","Pyt_H"
"195",194,0.2562,0.01915,0.0251,0.69955,"Python_21","Pyt_H"
"196",195,0.25305,0.02055,0.02615,0.70025,"Python_21","Pyt_H"
"197",196,0.2497,0.0228,0.0262,0.7013,"Python_21","Pyt_H"
"198",197,0.2468,0.0227,0.02805,0.70245,"Python_21","Pyt_H"
"199",198,0.24385,0.02295,0.02945,0.70375,"Python_21","Pyt_H"
"200",199,0.2405,0.0228,0.03235,0.70435,"Python_21","Pyt_H"
"201",200,0.2365,0.02425,0.03325,0.706,"Python_21","Pyt_H"
"202",201,0.23245,0.0255,0.034,0.70805,"Python_21","Pyt_H"
"203",202,0.2284,0.02715,0.03475,0.7097,"Python_21","Pyt_H"
"204",203,0.2241,0.02895,0.0351,0.71185,"Python_21","Pyt_H"
"205",204,0.2194,0.0295,0.03755,0.71355,"Python_21","Pyt_H"
"206",205,0.21435,0.0306,0.0394,0.71565,"Python_21","Pyt_H"
"207",206,0.2105,0.0305,0.0405,0.7185,"Python_21","Pyt_H"
"208",207,0.20625,0.03045,0.04265,0.72065,"Python_21","Pyt_H"
"209",208,0.2012,0.03135,0.04365,0.7238,"Python_21","Pyt_H"
"210",209,0.19645,0.0318,0.0455,0.72625,"Python_21","Pyt_H"
"211",210,0.19325,0.03185,0.04665,0.72825,"Python_21","Pyt_H"
"212",211,0.1897,0.0312,0.0491,0.73,"Python_21","Pyt_H"
"213",212,0.18515,0.03205,0.04905,0.73375,"Python_21","Pyt_H"
"214",213,0.18115,0.0318,0.04945,0.7376,"Python_21","Pyt_H"
"215",214,0.1764,0.0328,0.05015,0.74065,"Python_21","Pyt_H"
"216",215,0.17105,0.0339,0.0511,0.74395,"Python_21","Pyt_H"
"217",216,0.16775,0.03285,0.053,0.7464,"Python_21","Pyt_H"
"218",217,0.1628,0.03295,0.05435,0.7499,"Python_21","Pyt_H"
"219",218,0.1592,0.03275,0.0554,0.75265,"Python_21","Pyt_H"
"220",219,0.15495,0.0333,0.0561,0.75565,"Python_21","Pyt_H"
"221",220,0.1517,0.0313,0.05865,0.75835,"Python_21","Pyt_H"
"222",221,0.14755,0.0315,0.05905,0.7619,"Python_21","Pyt_H"
"223",222,0.1428,0.0313,0.0587,0.7672,"Python_21","Pyt_H"
"224",223,0.13915,0.03145,0.0577,0.7717,"Python_21","Pyt_H"
"225",224,0.13575,0.0302,0.059,0.77505,"Python_21","Pyt_H"
"226",225,0.13235,0.0297,0.0589,0.77905,"Python_21","Pyt_H"
"227",226,0.1296,0.0293,0.058,0.7831,"Python_21","Pyt_H"
"228",227,0.1272,0.02915,0.0572,0.78645,"Python_21","Pyt_H"
"229",228,0.12595,0.02705,0.0569,0.7901,"Python_21","Pyt_H"
"230",229,0.1249,0.02635,0.0549,0.79385,"Python_21","Pyt_H"
"231",230,0.12305,0.0257,0.05475,0.7965,"Python_21","Pyt_H"
"232",231,0.12215,0.02455,0.0541,0.7992,"Python_21","Pyt_H"
"233",232,0.12055,0.024,0.0535,0.80195,"Python_21","Pyt_H"
"234",233,0.12005,0.0238,0.05125,0.8049,"Python_21","Pyt_H"
"235",234,0.11955,0.02375,0.05005,0.80665,"Python_21","Pyt_H"
"236",235,0.11945,0.02205,0.0499,0.8086,"Python_21","Pyt_H"
"237",236,0.11975,0.02125,0.0482,0.8108,"Python_21","Pyt_H"
"238",237,0.11995,0.02015,0.04715,0.81275,"Python_21","Pyt_H"
"239",238,0.1192,0.02015,0.04555,0.8151,"Python_21","Pyt_H"
"240",239,0.11865,0.02055,0.0436,0.8172,"Python_21","Pyt_H"
"241",240,0.11795,0.0201,0.0425,0.81945,"Python_21","Pyt_H"
"242",241,0.11835,0.01845,0.0422,0.821,"Python_21","Pyt_H"
"243",242,0.1191,0.01735,0.04175,0.8218,"Python_21","Pyt_H"
"244",243,0.11845,0.0179,0.04115,0.8225,"Python_21","Pyt_H"
"245",244,0.11915,0.0177,0.0392,0.82395,"Python_21","Pyt_H"
"246",245,0.11865,0.0172,0.03825,0.8259,"Python_21","Pyt_H"
"247",246,0.1193,0.01685,0.0365,0.82735,"Python_21","Pyt_H"
"248",247,0.1194,0.0163,0.03595,0.82835,"Python_21","Pyt_H"
"249",248,0.12,0.01615,0.03485,0.829,"Python_21","Pyt_H"
"250",249,0.12125,0.01565,0.03365,0.82945,"Python_21","Pyt_H"
"251",250,0.12145,0.01565,0.03325,0.82965,"Python_21","Pyt_H"
"252",251,0.12265,0.01435,0.0327,0.8303,"Python_21","Pyt_H"
"253",252,0.12445,0.0141,0.03085,0.8306,"Python_21","Pyt_H"
"254",253,0.1262,0.01395,0.0302,0.82965,"Python_21","Pyt_H"
"255",254,0.12685,0.01515,0.029,0.829,"Python_21","Pyt_H"
"256",255,0.12765,0.01515,0.02805,0.82915,"Python_21","Pyt_H"
"257",256,0.12935,0.01485,0.028,0.8278,"Python_21","Pyt_H"
"258",257,0.1311,0.01455,0.028,0.82635,"Python_21","Pyt_H"
"259",258,0.1326,0.0141,0.02795,0.82535,"Python_21","Pyt_H"
"260",259,0.1333,0.0138,0.0273,0.8256,"Python_21","Pyt_H"
"261",260,0.13485,0.01475,0.02615,0.82425,"Python_21","Pyt_H"
"262",261,0.1369,0.0141,0.0267,0.8223,"Python_21","Pyt_H"
"263",262,0.13885,0.0129,0.0274,0.82085,"Python_21","Pyt_H"
"264",263,0.14105,0.01275,0.02725,0.81895,"Python_21","Pyt_H"
"265",264,0.14365,0.0123,0.02575,0.8183,"Python_21","Pyt_H"
"266",265,0.1456,0.01245,0.02565,0.8163,"Python_21","Pyt_H"
"267",266,0.14685,0.01305,0.0249,0.8152,"Python_21","Pyt_H"
"268",267,0.1484,0.013,0.0244,0.8142,"Python_21","Pyt_H"
"269",268,0.1494,0.0135,0.0239,0.8132,"Python_21","Pyt_H"
"270",269,0.1509,0.01345,0.0235,0.81215,"Python_21","Pyt_H"
"271",270,0.1531,0.013,0.02325,0.81065,"Python_21","Pyt_H"
"272",271,0.1554,0.0123,0.0231,0.8092,"Python_21","Pyt_H"
"273",272,0.158,0.0122,0.02335,0.80645,"Python_21","Pyt_H"
"274",273,0.15985,0.0122,0.02335,0.8046,"Python_21","Pyt_H"
"275",274,0.16175,0.01165,0.0237,0.8029,"Python_21","Pyt_H"
"276",275,0.1629,0.0119,0.0242,0.801,"Python_21","Pyt_H"
"277",276,0.16375,0.01255,0.0236,0.8001,"Python_21","Pyt_H"
"278",277,0.16585,0.0128,0.0227,0.79865,"Python_21","Pyt_H"
"279",278,0.1673,0.01245,0.02315,0.7971,"Python_21","Pyt_H"
"280",279,0.16815,0.01285,0.0235,0.7955,"Python_21","Pyt_H"
"281",280,0.1698,0.0139,0.0236,0.7927,"Python_21","Pyt_H"
"282",281,0.172,0.01425,0.02295,0.7908,"Python_21","Pyt_H"
"283",282,0.17455,0.01285,0.02385,0.78875,"Python_21","Pyt_H"
"284",283,0.17585,0.012,0.0241,0.78805,"Python_21","Pyt_H"
"285",284,0.17735,0.013,0.0227,0.78695,"Python_21","Pyt_H"
"286",285,0.1786,0.01275,0.02305,0.7856,"Python_21","Pyt_H"
"287",286,0.17905,0.0129,0.02335,0.7847,"Python_21","Pyt_H"
"288",287,0.18055,0.01375,0.0229,0.7828,"Python_21","Pyt_H"
"289",288,0.18135,0.01405,0.02355,0.78105,"Python_21","Pyt_H"
"290",289,0.1817,0.0149,0.0237,0.7797,"Python_21","Pyt_H"
"291",290,0.182,0.01675,0.02265,0.7786,"Python_21","Pyt_H"
"292",291,0.18385,0.01595,0.02355,0.77665,"Python_21","Pyt_H"
"293",292,0.1851,0.0154,0.02485,0.77465,"Python_21","Pyt_H"
"294",293,0.1858,0.0154,0.0253,0.7735,"Python_21","Pyt_H"
"295",294,0.1869,0.01615,0.0254,0.77155,"Python_21","Pyt_H"
"296",295,0.187,0.0166,0.02575,0.77065,"Python_21","Pyt_H"
"297",296,0.1867,0.01725,0.02615,0.7699,"Python_21","Pyt_H"
"298",297,0.1883,0.01655,0.02745,0.7677,"Python_21","Pyt_H"
"299",298,0.18865,0.0172,0.0275,0.76665,"Python_21","Pyt_H"
"300",299,0.18985,0.0165,0.0275,0.76615,"Python_21","Pyt_H"
"301",300,0.19075,0.01595,0.0277,0.7656,"Python_21","Pyt_H"
"302",301,0.19225,0.0163,0.0282,0.76325,"Python_21","Pyt_H"
"303",302,0.1931,0.01755,0.02825,0.7611,"Python_21","Pyt_H"
"304",303,0.1943,0.01775,0.02865,0.7593,"Python_21","Pyt_H"
"305",304,0.1955,0.01755,0.02925,0.7577,"Python_21","Pyt_H"
"306",305,0.1959,0.0176,0.0305,0.756,"Python_21","Pyt_H"
"307",306,0.19465,0.0185,0.03055,0.7563,"Python_21","Pyt_H"
"308",307,0.19475,0.019,0.0308,0.75545,"Python_21","Pyt_H"
"309",308,0.19485,0.0197,0.0316,0.75385,"Python_21","Pyt_H"
"310",309,0.1944,0.02045,0.03115,0.754,"Python_21","Pyt_H"
"311",310,0.19435,0.02075,0.0316,0.7533,"Python_21","Pyt_H"
"312",311,0.1933,0.02195,0.0311,0.75365,"Python_21","Pyt_H"
"313",312,0.19375,0.02205,0.0318,0.7524,"Python_21","Pyt_H"
"314",313,0.19365,0.02165,0.0318,0.7529,"Python_21","Pyt_H"
"315",314,0.19425,0.02145,0.0327,0.7516,"Python_21","Pyt_H"
"316",315,0.19395,0.02115,0.03405,0.75085,"Python_21","Pyt_H"
"317",316,0.1921,0.02175,0.03575,0.7504,"Python_21","Pyt_H"
"318",317,0.1909,0.02175,0.0364,0.75095,"Python_21","Pyt_H"
"319",318,0.1904,0.0229,0.03585,0.75085,"Python_21","Pyt_H"
"320",319,0.18935,0.0229,0.03585,0.7519,"Python_21","Pyt_H"
"321",320,0.18755,0.0241,0.0373,0.75105,"Python_21","Pyt_H"
"322",321,0.18805,0.0238,0.03795,0.7502,"Python_21","Pyt_H"
"323",322,0.18705,0.0242,0.03805,0.7507,"Python_21","Pyt_H"
"324",323,0.18625,0.0243,0.0387,0.75075,"Python_21","Pyt_H"
"325",324,0.1857,0.0247,0.0383,0.7513,"Python_21","Pyt_H"
"326",325,0.18395,0.02535,0.03915,0.75155,"Python_21","Pyt_H"
"327",326,0.1827,0.02555,0.04025,0.7515,"Python_21","Pyt_H"
"328",327,0.18165,0.0258,0.04075,0.7518,"Python_21","Pyt_H"
"329",328,0.1802,0.025,0.04295,0.75185,"Python_21","Pyt_H"
"330",329,0.178,0.0256,0.04285,0.75355,"Python_21","Pyt_H"
"331",330,0.1781,0.02515,0.04325,0.7535,"Python_21","Pyt_H"
"332",331,0.17565,0.0265,0.04305,0.7548,"Python_21","Pyt_H"
"333",332,0.1732,0.0265,0.0441,0.7562,"Python_21","Pyt_H"
"334",333,0.1734,0.02555,0.0449,0.75615,"Python_21","Pyt_H"
"335",334,0.1728,0.02605,0.04475,0.7564,"Python_21","Pyt_H"
"336",335,0.17165,0.02625,0.04455,0.75755,"Python_21","Pyt_H"
"337",336,0.17015,0.02695,0.04395,0.75895,"Python_21","Pyt_H"
"338",337,0.1682,0.0265,0.0446,0.7607,"Python_21","Pyt_H"
"339",338,0.16755,0.0266,0.04435,0.7615,"Python_21","Pyt_H"
"340",339,0.1673,0.0259,0.04535,0.76145,"Python_21","Pyt_H"
"341",340,0.1667,0.0265,0.0442,0.7626,"Python_21","Pyt_H"
"342",341,0.1666,0.02555,0.04455,0.7633,"Python_21","Pyt_H"
"343",342,0.1669,0.0254,0.0448,0.7629,"Python_21","Pyt_H"
"344",343,0.16525,0.02565,0.0454,0.7637,"Python_21","Pyt_H"
"345",344,0.16395,0.0253,0.04535,0.7654,"Python_21","Pyt_H"
"346",345,0.16415,0.0238,0.0457,0.76635,"Python_21","Pyt_H"
"347",346,0.16215,0.02605,0.0453,0.7665,"Python_21","Pyt_H"
"348",347,0.16295,0.02635,0.04445,0.76625,"Python_21","Pyt_H"
"349",348,0.1638,0.0253,0.0455,0.7654,"Python_21","Pyt_H"
"350",349,0.16375,0.02525,0.0452,0.7658,"Python_21","Pyt_H"
"351",350,0.16255,0.0258,0.0444,0.76725,"Python_21","Pyt_H"
"352",351,0.1623,0.02515,0.04485,0.7677,"Python_21","Pyt_H"
"353",352,0.16155,0.0253,0.0458,0.76735,"Python_21","Pyt_H"
"354",353,0.1598,0.02575,0.0451,0.76935,"Python_21","Pyt_H"
"355",354,0.15885,0.02655,0.045,0.7696,"Python_21","Pyt_H"
"356",355,0.1579,0.02595,0.04585,0.7703,"Python_21","Pyt_H"
"357",356,0.15645,0.0261,0.0455,0.77195,"Python_21","Pyt_H"
"358",357,0.1558,0.0241,0.0472,0.7729,"Python_21","Pyt_H"
"359",358,0.15545,0.02345,0.04745,0.77365,"Python_21","Pyt_H"
"360",359,0.1539,0.02435,0.0469,0.77485,"Python_21","Pyt_H"
"361",360,0.15335,0.0247,0.0458,0.77615,"Python_21","Pyt_H"
"362",361,0.1523,0.0259,0.0445,0.7773,"Python_21","Pyt_H"
"363",362,0.15245,0.0247,0.04495,0.7779,"Python_21","Pyt_H"
"364",363,0.15345,0.0231,0.0462,0.77725,"Python_21","Pyt_H"
"365",364,0.15415,0.0219,0.0462,0.77775,"Python_21","Pyt_H"
"366",365,0.1538,0.02155,0.0464,0.77825,"Python_21","Pyt_H"
"367",366,0.15355,0.02235,0.0455,0.7786,"Python_21","Pyt_H"
"368",367,0.1525,0.02305,0.044,0.78045,"Python_21","Pyt_H"
"369",368,0.15145,0.0241,0.04365,0.7808,"Python_21","Pyt_H"
"370",369,0.1518,0.0239,0.04435,0.77995,"Python_21","Pyt_H"
"371",370,0.15215,0.0237,0.0445,0.77965,"Python_21","Pyt_H"
"372",371,0.152,0.0243,0.0432,0.7805,"Python_21","Pyt_H"
"373",372,0.15155,0.0238,0.0431,0.78155,"Python_21","Pyt_H"
"374",373,0.15145,0.0243,0.0421,0.78215,"Python_21","Pyt_H"
"375",374,0.15235,0.0244,0.04125,0.782,"Python_21","Pyt_H"
"376",375,0.15255,0.02405,0.04165,0.78175,"Python_21","Pyt_H"
"377",376,0.1527,0.0234,0.0413,0.7826,"Python_21","Pyt_H"
"378",377,0.1537,0.0226,0.0424,0.7813,"Python_21","Pyt_H"
"379",378,0.15435,0.0229,0.04195,0.7808,"Python_21","Pyt_H"
"380",379,0.15415,0.02405,0.04095,0.78085,"Python_21","Pyt_H"
"381",380,0.1533,0.02325,0.04235,0.7811,"Python_21","Pyt_H"
"382",381,0.1529,0.0239,0.0421,0.7811,"Python_21","Pyt_H"
"383",382,0.15205,0.025,0.0416,0.78135,"Python_21","Pyt_H"
"384",383,0.15255,0.0247,0.04255,0.7802,"Python_21","Pyt_H"
"385",384,0.15175,0.0243,0.043,0.78095,"Python_21","Pyt_H"
"386",385,0.15235,0.02415,0.043,0.7805,"Python_21","Pyt_H"
"387",386,0.1517,0.02405,0.0426,0.78165,"Python_21","Pyt_H"
"388",387,0.15085,0.02365,0.0439,0.7816,"Python_21","Pyt_H"
"389",388,0.1502,0.0238,0.0431,0.7829,"Python_21","Pyt_H"
"390",389,0.1507,0.02275,0.0428,0.78375,"Python_21","Pyt_H"
"391",390,0.15005,0.0224,0.04235,0.7852,"Python_21","Pyt_H"
"392",391,0.15045,0.02205,0.04275,0.78475,"Python_21","Pyt_H"
"393",392,0.1509,0.0223,0.0409,0.7859,"Python_21","Pyt_H"
"394",393,0.14995,0.0231,0.0411,0.78585,"Python_21","Pyt_H"
"395",394,0.14965,0.0233,0.04135,0.7857,"Python_21","Pyt_H"
"396",395,0.15,0.0235,0.04095,0.78555,"Python_21","Pyt_H"
"397",396,0.1498,0.02305,0.0418,0.78535,"Python_21","Pyt_H"
"398",397,0.15065,0.0231,0.04105,0.7852,"Python_21","Pyt_H"
"399",398,0.15015,0.0234,0.04125,0.7852,"Python_21","Pyt_H"
"400",399,0.15005,0.0232,0.0409,0.78585,"Python_21","Pyt_H"
"401",400,0.151,0.0218,0.0416,0.7856,"Python_21","Pyt_H"
"402",401,0.1513,0.0212,0.04175,0.78575,"Python_21","Pyt_H"
"403",402,0.1515,0.0211,0.04165,0.78575,"Python_21","Pyt_H"
"404",403,0.1517,0.0224,0.0404,0.7855,"Python_21","Pyt_H"
"405",404,0.15185,0.022,0.03985,0.7863,"Python_21","Pyt_H"
"406",405,0.15245,0.02175,0.0407,0.7851,"Python_21","Pyt_H"
"407",406,0.15345,0.02075,0.04145,0.78435,"Python_21","Pyt_H"
"408",407,0.15375,0.02125,0.04055,0.78445,"Python_21","Pyt_H"
"409",408,0.1545,0.0215,0.0401,0.7839,"Python_21","Pyt_H"
"410",409,0.15385,0.02335,0.0391,0.7837,"Python_21","Pyt_H"
"411",410,0.1541,0.0221,0.03915,0.78465,"Python_21","Pyt_H"
"412",411,0.15485,0.02215,0.0396,0.7834,"Python_21","Pyt_H"
"413",412,0.15625,0.02105,0.04025,0.78245,"Python_21","Pyt_H"
"414",413,0.1562,0.0207,0.0403,0.7828,"Python_21","Pyt_H"
"415",414,0.1567,0.02015,0.0395,0.78365,"Python_21","Pyt_H"
"416",415,0.1576,0.0198,0.03935,0.78325,"Python_21","Pyt_H"
"417",416,0.15805,0.0193,0.03885,0.7838,"Python_21","Pyt_H"
"418",417,0.15745,0.02025,0.0385,0.7838,"Python_21","Pyt_H"
"419",418,0.15825,0.02105,0.03645,0.78425,"Python_21","Pyt_H"
"420",419,0.15875,0.02025,0.03655,0.78445,"Python_21","Pyt_H"
"421",420,0.16095,0.01845,0.03785,0.78275,"Python_21","Pyt_H"
"422",421,0.1625,0.0186,0.0368,0.7821,"Python_21","Pyt_H"
"423",422,0.1637,0.01835,0.03615,0.7818,"Python_21","Pyt_H"
"424",423,0.16435,0.01855,0.03495,0.78215,"Python_21","Pyt_H"
"425",424,0.1657,0.01875,0.0342,0.78135,"Python_21","Pyt_H"
"426",425,0.16565,0.0187,0.03385,0.7818,"Python_21","Pyt_H"
"427",426,0.16725,0.0187,0.03385,0.7802,"Python_21","Pyt_H"
"428",427,0.1675,0.01895,0.034,0.77955,"Python_21","Pyt_H"
"429",428,0.168,0.01955,0.03355,0.7789,"Python_21","Pyt_H"
"430",429,0.16885,0.0194,0.03405,0.7777,"Python_21","Pyt_H"
"431",430,0.1699,0.01905,0.0339,0.77715,"Python_21","Pyt_H"
"432",431,0.1712,0.01975,0.03345,0.7756,"Python_21","Pyt_H"
"433",432,0.17165,0.01935,0.0342,0.7748,"Python_21","Pyt_H"
"434",433,0.1723,0.0187,0.03515,0.77385,"Python_21","Pyt_H"
"435",434,0.1725,0.01845,0.03545,0.7736,"Python_21","Pyt_H"
"436",435,0.1719,0.01875,0.0358,0.77355,"Python_21","Pyt_H"
"437",436,0.1724,0.019,0.0366,0.772,"Python_21","Pyt_H"
"438",437,0.17275,0.01905,0.0371,0.7711,"Python_21","Pyt_H"
"439",438,0.1721,0.0203,0.03635,0.77125,"Python_21","Pyt_H"
"440",439,0.17215,0.02025,0.03695,0.77065,"Python_21","Pyt_H"
"441",440,0.1727,0.0213,0.0346,0.7714,"Python_21","Pyt_H"
"442",441,0.17205,0.02155,0.0348,0.7716,"Python_21","Pyt_H"
"443",442,0.1713,0.02165,0.0359,0.77115,"Python_21","Pyt_H"
"444",443,0.1717,0.0226,0.03495,0.77075,"Python_21","Pyt_H"
"445",444,0.17075,0.02115,0.03655,0.77155,"Python_21","Pyt_H"
"446",445,0.16925,0.02155,0.0369,0.7723,"Python_21","Pyt_H"
"447",446,0.16945,0.02175,0.03735,0.77145,"Python_21","Pyt_H"
"448",447,0.1691,0.0223,0.0382,0.7704,"Python_21","Pyt_H"
"449",448,0.16945,0.0223,0.0379,0.77035,"Python_21","Pyt_H"
"450",449,0.1702,0.02195,0.0384,0.76945,"Python_21","Pyt_H"
"451",450,0.1688,0.02305,0.0389,0.76925,"Python_21","Pyt_H"
"452",451,0.1691,0.02355,0.0389,0.76845,"Python_21","Pyt_H"
"453",452,0.16795,0.0248,0.03855,0.7687,"Python_21","Pyt_H"
"454",453,0.16685,0.025,0.0393,0.76885,"Python_21","Pyt_H"
"455",454,0.16705,0.024,0.04055,0.7684,"Python_21","Pyt_H"
"456",455,0.16645,0.0241,0.0415,0.76795,"Python_21","Pyt_H"
"457",456,0.166,0.02355,0.04275,0.7677,"Python_21","Pyt_H"
"458",457,0.1643,0.02365,0.04315,0.7689,"Python_21","Pyt_H"
"459",458,0.16415,0.02415,0.0429,0.7688,"Python_21","Pyt_H"
"460",459,0.1631,0.02405,0.04275,0.7701,"Python_21","Pyt_H"
"461",460,0.1632,0.02365,0.04325,0.7699,"Python_21","Pyt_H"
"462",461,0.16165,0.0242,0.04355,0.7706,"Python_21","Pyt_H"
"463",462,0.1626,0.0239,0.0429,0.7706,"Python_21","Pyt_H"
"464",463,0.16305,0.0238,0.04265,0.7705,"Python_21","Pyt_H"
"465",464,0.16245,0.0241,0.04295,0.7705,"Python_21","Pyt_H"
"466",465,0.1625,0.0232,0.0442,0.7701,"Python_21","Pyt_H"
"467",466,0.1615,0.0245,0.04335,0.77065,"Python_21","Pyt_H"
"468",467,0.1617,0.0242,0.0428,0.7713,"Python_21","Pyt_H"
"469",468,0.1613,0.0232,0.0435,0.772,"Python_21","Pyt_H"
"470",469,0.1622,0.0224,0.04325,0.77215,"Python_21","Pyt_H"
"471",470,0.1629,0.02195,0.04255,0.7726,"Python_21","Pyt_H"
"472",471,0.16215,0.0233,0.0415,0.77305,"Python_21","Pyt_H"
"473",472,0.1603,0.0235,0.0421,0.7741,"Python_21","Pyt_H"
"474",473,0.16205,0.02315,0.0417,0.7731,"Python_21","Pyt_H"
"475",474,0.16225,0.02335,0.04165,0.77275,"Python_21","Pyt_H"
"476",475,0.16315,0.02325,0.04075,0.77285,"Python_21","Pyt_H"
"477",476,0.1634,0.02315,0.0408,0.77265,"Python_21","Pyt_H"
"478",477,0.1633,0.02275,0.04055,0.7734,"Python_21","Pyt_H"
"479",478,0.1623,0.0232,0.0411,0.7734,"Python_21","Pyt_H"
"480",479,0.1614,0.0227,0.04225,0.77365,"Python_21","Pyt_H"
"481",480,0.16055,0.0229,0.04125,0.7753,"Python_21","Pyt_H"
"482",481,0.1593,0.02385,0.0406,0.77625,"Python_21","Pyt_H"
"483",482,0.15925,0.0237,0.0408,0.77625,"Python_21","Pyt_H"
"484",483,0.1591,0.02265,0.04155,0.7767,"Python_21","Pyt_H"
"485",484,0.1588,0.0229,0.04135,0.77695,"Python_21","Pyt_H"
"486",485,0.1581,0.0237,0.041,0.7772,"Python_21","Pyt_H"
"487",486,0.1581,0.02335,0.03995,0.7786,"Python_21","Pyt_H"
"488",487,0.15745,0.02335,0.0406,0.7786,"Python_21","Pyt_H"
"489",488,0.15715,0.0249,0.03895,0.779,"Python_21","Pyt_H"
"490",489,0.15625,0.02455,0.0397,0.7795,"Python_21","Pyt_H"
"491",490,0.15645,0.0239,0.0408,0.77885,"Python_21","Pyt_H"
"492",491,0.1569,0.0223,0.0418,0.779,"Python_21","Pyt_H"
"493",492,0.1569,0.02155,0.0406,0.78095,"Python_21","Pyt_H"
"494",493,0.15715,0.02265,0.03955,0.78065,"Python_21","Pyt_H"
"495",494,0.1568,0.02345,0.03945,0.7803,"Python_21","Pyt_H"
"496",495,0.15755,0.0223,0.04115,0.779,"Python_21","Pyt_H"
"497",496,0.1566,0.0222,0.04105,0.78015,"Python_21","Pyt_H"
"498",497,0.1558,0.02275,0.04085,0.7806,"Python_21","Pyt_H"
"499",498,0.1547,0.024,0.03985,0.78145,"Python_21","Pyt_H"
"500",499,0.15515,0.02295,0.0399,0.782,"Python_21","Pyt_H"
"501",500,0.1546,0.02305,0.0401,0.78225,"Python_21","Pyt_H"
"502",501,0.154,0.02335,0.0395,0.78315,"Python_21","Pyt_H"
"503",502,0.15355,0.0234,0.03985,0.7832,"Python_21","Pyt_H"
"504",503,0.1543,0.0212,0.0409,0.7836,"Python_21","Pyt_H"
"505",504,0.1544,0.02105,0.03915,0.7854,"Python_21","Pyt_H"
"506",505,0.15435,0.022,0.03795,0.7857,"Python_21","Pyt_H"
"507",506,0.1551,0.0204,0.03905,0.78545,"Python_21","Pyt_H"
"508",507,0.15515,0.0208,0.03935,0.7847,"Python_21","Pyt_H"
"509",508,0.156,0.0198,0.0397,0.7845,"Python_21","Pyt_H"
"510",509,0.15705,0.0192,0.03975,0.784,"Python_21","Pyt_H"
"511",510,0.15685,0.01925,0.0401,0.7838,"Python_21","Pyt_H"
"512",511,0.15595,0.0198,0.04,0.78425,"Python_21","Pyt_H"
"513",512,0.1549,0.0207,0.03935,0.78505,"Python_21","Pyt_H"
"514",513,0.15525,0.02155,0.03875,0.78445,"Python_21","Pyt_H"
"515",514,0.15665,0.02175,0.03855,0.78305,"Python_21","Pyt_H"
"516",515,0.157,0.0208,0.0397,0.7825,"Python_21","Pyt_H"
"517",516,0.1567,0.02075,0.0403,0.78225,"Python_21","Pyt_H"
"518",517,0.1566,0.02145,0.0391,0.78285,"Python_21","Pyt_H"
"519",518,0.1576,0.0222,0.03865,0.78155,"Python_21","Pyt_H"
"520",519,0.1571,0.0224,0.0377,0.7828,"Python_21","Pyt_H"
"521",520,0.15735,0.02255,0.038,0.7821,"Python_21","Pyt_H"
"522",521,0.15815,0.02195,0.0381,0.7818,"Python_21","Pyt_H"
"523",522,0.1567,0.0233,0.03885,0.78115,"Python_21","Pyt_H"
"524",523,0.1572,0.0225,0.0394,0.7809,"Python_21","Pyt_H"
"525",524,0.1572,0.0221,0.0398,0.7809,"Python_21","Pyt_H"
"526",525,0.1585,0.02185,0.0392,0.78045,"Python_21","Pyt_H"
"527",526,0.15875,0.02125,0.03905,0.78095,"Python_21","Pyt_H"
"528",527,0.15955,0.0205,0.04035,0.7796,"Python_21","Pyt_H"
"529",528,0.16065,0.02015,0.04125,0.77795,"Python_21","Pyt_H"
"530",529,0.16195,0.0203,0.0401,0.77765,"Python_21","Pyt_H"
"531",530,0.1619,0.0211,0.039,0.778,"Python_21","Pyt_H"
"532",531,0.16115,0.02165,0.0385,0.7787,"Python_21","Pyt_H"
"533",532,0.16,0.0232,0.0384,0.7784,"Python_21","Pyt_H"
"534",533,0.1612,0.02185,0.0395,0.77745,"Python_21","Pyt_H"
"535",534,0.16135,0.02145,0.03995,0.77725,"Python_21","Pyt_H"
"536",535,0.1611,0.02165,0.0404,0.77685,"Python_21","Pyt_H"
"537",536,0.16105,0.0223,0.0407,0.77595,"Python_21","Pyt_H"
"538",537,0.16155,0.02285,0.03965,0.77595,"Python_21","Pyt_H"
"539",538,0.16165,0.02255,0.03885,0.77695,"Python_21","Pyt_H"
"540",539,0.16135,0.02195,0.0393,0.7774,"Python_21","Pyt_H"
"541",540,0.1612,0.0225,0.03895,0.77735,"Python_21","Pyt_H"
"542",541,0.16275,0.0216,0.0394,0.77625,"Python_21","Pyt_H"
"543",542,0.16375,0.0214,0.0393,0.77555,"Python_21","Pyt_H"
"544",543,0.16345,0.02205,0.03915,0.77535,"Python_21","Pyt_H"
"545",544,0.1643,0.0215,0.03935,0.77485,"Python_21","Pyt_H"
"546",545,0.1625,0.02345,0.03885,0.7752,"Python_21","Pyt_H"
"547",546,0.16285,0.0237,0.0383,0.77515,"Python_21","Pyt_H"
"548",547,0.1632,0.0235,0.03855,0.77475,"Python_21","Pyt_H"
"549",548,0.16375,0.02295,0.0393,0.774,"Python_21","Pyt_H"
"550",549,0.1649,0.02235,0.0387,0.77405,"Python_21","Pyt_H"
"551",550,0.1652,0.02195,0.03905,0.7738,"Python_21","Pyt_H"
"552",551,0.16555,0.023,0.03935,0.7721,"Python_21","Pyt_H"
"553",552,0.16665,0.02275,0.04015,0.77045,"Python_21","Pyt_H"
"554",553,0.16605,0.0237,0.0401,0.77015,"Python_21","Pyt_H"
"555",554,0.1655,0.0247,0.04,0.7698,"Python_21","Pyt_H"
"556",555,0.16475,0.024,0.0409,0.77035,"Python_21","Pyt_H"
"557",556,0.1654,0.02365,0.04115,0.7698,"Python_21","Pyt_H"
"558",557,0.1655,0.02365,0.0417,0.76915,"Python_21","Pyt_H"
"559",558,0.1647,0.02395,0.04255,0.7688,"Python_21","Pyt_H"
"560",559,0.16505,0.0234,0.04335,0.7682,"Python_21","Pyt_H"
"561",560,0.16445,0.024,0.04165,0.7699,"Python_21","Pyt_H"
"562",561,0.16405,0.02345,0.04275,0.76975,"Python_21","Pyt_H"
"563",562,0.1629,0.02335,0.0432,0.77055,"Python_21","Pyt_H"
"564",563,0.16345,0.024,0.0425,0.77005,"Python_21","Pyt_H"
"565",564,0.16375,0.0229,0.04385,0.7695,"Python_21","Pyt_H"
"566",565,0.1623,0.0239,0.0438,0.77,"Python_21","Pyt_H"
"567",566,0.1621,0.0245,0.0427,0.7707,"Python_21","Pyt_H"
"568",567,0.16225,0.02395,0.0429,0.7709,"Python_21","Pyt_H"
"569",568,0.1619,0.02445,0.0422,0.77145,"Python_21","Pyt_H"
"570",569,0.1616,0.02415,0.04255,0.7717,"Python_21","Pyt_H"
"571",570,0.161,0.02505,0.04225,0.7717,"Python_21","Pyt_H"
"572",571,0.1619,0.0247,0.0425,0.7709,"Python_21","Pyt_H"
"573",572,0.16195,0.0244,0.0432,0.77045,"Python_21","Pyt_H"
"574",573,0.16075,0.0252,0.04255,0.7715,"Python_21","Pyt_H"
"575",574,0.161,0.02385,0.04405,0.7711,"Python_21","Pyt_H"
"576",575,0.16045,0.02405,0.0445,0.771,"Python_21","Pyt_H"
"577",576,0.15905,0.025,0.0441,0.77185,"Python_21","Pyt_H"
"578",577,0.1594,0.0248,0.04375,0.77205,"Python_21","Pyt_H"
"579",578,0.15915,0.0247,0.04445,0.7717,"Python_21","Pyt_H"
"580",579,0.15875,0.02465,0.04455,0.77205,"Python_21","Pyt_H"
"581",580,0.15765,0.0249,0.04485,0.7726,"Python_21","Pyt_H"
"582",581,0.15725,0.0245,0.0456,0.77265,"Python_21","Pyt_H"
"583",582,0.15665,0.02465,0.0458,0.7729,"Python_21","Pyt_H"
"584",583,0.1563,0.02435,0.0465,0.77285,"Python_21","Pyt_H"
"585",584,0.15555,0.0253,0.04525,0.7739,"Python_21","Pyt_H"
"586",585,0.15545,0.02475,0.04525,0.77455,"Python_21","Pyt_H"
"587",586,0.1555,0.0252,0.0454,0.7739,"Python_21","Pyt_H"
"588",587,0.15605,0.02575,0.0441,0.7741,"Python_21","Pyt_H"
"589",588,0.1565,0.02555,0.04525,0.7727,"Python_21","Pyt_H"
"590",589,0.1568,0.02515,0.0444,0.77365,"Python_21","Pyt_H"
"591",590,0.1561,0.0255,0.0435,0.7749,"Python_21","Pyt_H"
"592",591,0.15625,0.025,0.0432,0.77555,"Python_21","Pyt_H"
"593",592,0.1565,0.0248,0.042,0.7767,"Python_21","Pyt_H"
"594",593,0.15635,0.0239,0.0417,0.77805,"Python_21","Pyt_H"
"595",594,0.15605,0.0236,0.0428,0.77755,"Python_21","Pyt_H"
"596",595,0.1569,0.0239,0.04195,0.77725,"Python_21","Pyt_H"
"597",596,0.158,0.0233,0.04135,0.77735,"Python_21","Pyt_H"
"598",597,0.15805,0.02305,0.04175,0.77715,"Python_21","Pyt_H"
"599",598,0.1585,0.02245,0.04125,0.7778,"Python_21","Pyt_H"
"600",599,0.1586,0.02265,0.04125,0.7775,"Python_21","Pyt_H"
"601",600,0.1573,0.0227,0.04155,0.77845,"Python_21","Pyt_H"
"602",601,0.1561,0.0249,0.0406,0.7784,"Python_21","Pyt_H"
"603",602,0.1566,0.02365,0.04095,0.7788,"Python_21","Pyt_H"
"604",603,0.15645,0.0224,0.04215,0.779,"Python_21","Pyt_H"
"605",604,0.15565,0.0221,0.0421,0.78015,"Python_21","Pyt_H"
"606",605,0.15625,0.0224,0.0407,0.78065,"Python_21","Pyt_H"
"607",606,0.15745,0.0218,0.0407,0.78005,"Python_21","Pyt_H"
"608",607,0.1571,0.02255,0.04045,0.7799,"Python_21","Pyt_H"
"609",608,0.1569,0.0221,0.041,0.78,"Python_21","Pyt_H"
"610",609,0.15665,0.02225,0.03985,0.78125,"Python_21","Pyt_H"
"611",610,0.1569,0.0215,0.04095,0.78065,"Python_21","Pyt_H"
"612",611,0.15775,0.021,0.0409,0.78035,"Python_21","Pyt_H"
"613",612,0.15805,0.02145,0.04125,0.77925,"Python_21","Pyt_H"
"614",613,0.16025,0.0209,0.04025,0.7786,"Python_21","Pyt_H"
"615",614,0.1611,0.0208,0.0391,0.779,"Python_21","Pyt_H"
"616",615,0.16195,0.02085,0.0386,0.7786,"Python_21","Pyt_H"
"617",616,0.1623,0.0212,0.0388,0.7777,"Python_21","Pyt_H"
"618",617,0.1619,0.0215,0.03915,0.77745,"Python_21","Pyt_H"
"619",618,0.16225,0.02095,0.0391,0.7777,"Python_21","Pyt_H"
"620",619,0.16245,0.02165,0.0379,0.778,"Python_21","Pyt_H"
"621",620,0.16335,0.0218,0.0382,0.77665,"Python_21","Pyt_H"
"622",621,0.16415,0.02135,0.03815,0.77635,"Python_21","Pyt_H"
"623",622,0.164,0.02165,0.03875,0.7756,"Python_21","Pyt_H"
"624",623,0.16455,0.02115,0.03815,0.77615,"Python_21","Pyt_H"
"625",624,0.16505,0.0208,0.039,0.77515,"Python_21","Pyt_H"
"626",625,0.16455,0.02125,0.0392,0.775,"Python_21","Pyt_H"
"627",626,0.1663,0.0215,0.03915,0.77305,"Python_21","Pyt_H"
"628",627,0.16595,0.0222,0.03915,0.7727,"Python_21","Pyt_H"
"629",628,0.1662,0.0227,0.0387,0.7724,"Python_21","Pyt_H"
"630",629,0.1657,0.023,0.0391,0.7722,"Python_21","Pyt_H"
"631",630,0.16575,0.02275,0.0397,0.7718,"Python_21","Pyt_H"
"632",631,0.16495,0.022,0.0406,0.77245,"Python_21","Pyt_H"
"633",632,0.1642,0.02255,0.0417,0.77155,"Python_21","Pyt_H"
"634",633,0.164,0.02315,0.0418,0.77105,"Python_21","Pyt_H"
"635",634,0.16475,0.0226,0.04205,0.7706,"Python_21","Pyt_H"
"636",635,0.165,0.02315,0.0413,0.77055,"Python_21","Pyt_H"
"637",636,0.16425,0.02365,0.0408,0.7713,"Python_21","Pyt_H"
"638",637,0.164,0.0234,0.0416,0.771,"Python_21","Pyt_H"
"639",638,0.1638,0.024,0.04125,0.77095,"Python_21","Pyt_H"
"640",639,0.16355,0.02415,0.0413,0.771,"Python_21","Pyt_H"
"641",640,0.1647,0.02375,0.0414,0.77015,"Python_21","Pyt_H"
"642",641,0.16485,0.0243,0.0409,0.76995,"Python_21","Pyt_H"
"643",642,0.16435,0.02425,0.0414,0.77,"Python_21","Pyt_H"
"644",643,0.16405,0.0239,0.04185,0.7702,"Python_21","Pyt_H"
"645",644,0.164,0.0238,0.04245,0.76975,"Python_21","Pyt_H"
"646",645,0.16325,0.025,0.0417,0.77005,"Python_21","Pyt_H"
"647",646,0.16415,0.0233,0.0422,0.77035,"Python_21","Pyt_H"
"648",647,0.16395,0.0233,0.0424,0.77035,"Python_21","Pyt_H"
"649",648,0.1635,0.02305,0.042,0.77145,"Python_21","Pyt_H"
"650",649,0.1643,0.0219,0.043,0.7708,"Python_21","Pyt_H"
"651",650,0.1633,0.0228,0.0411,0.7728,"Python_21","Pyt_H"
"652",651,0.16245,0.02345,0.04075,0.77335,"Python_21","Pyt_H"
"653",652,0.16345,0.0228,0.04115,0.7726,"Python_21","Pyt_H"
"654",653,0.1632,0.02265,0.0417,0.77245,"Python_21","Pyt_H"
"655",654,0.16345,0.022,0.0426,0.77195,"Python_21","Pyt_H"
"656",655,0.1634,0.023,0.0425,0.7711,"Python_21","Pyt_H"
"657",656,0.1633,0.0227,0.04275,0.77125,"Python_21","Pyt_H"
"658",657,0.16325,0.0226,0.04235,0.7718,"Python_21","Pyt_H"
"659",658,0.1635,0.02265,0.04215,0.7717,"Python_21","Pyt_H"
"660",659,0.16205,0.0236,0.042,0.77235,"Python_21","Pyt_H"
"661",660,0.16025,0.02515,0.0418,0.7728,"Python_21","Pyt_H"
"662",661,0.1588,0.02595,0.0416,0.77365,"Python_21","Pyt_H"
