"","step","S","E","I","R","simu","Langage"
"1",0,0.999,0,0.001,0,"Python_25","Pyt_H"
"2",1,0.9982,8e-04,0.001,0,"Python_25","Pyt_H"
"3",2,0.9975,0.0015,8e-04,2e-04,"Python_25","Pyt_H"
"4",3,0.99675,0.0022,0.00075,3e-04,"Python_25","Pyt_H"
"5",4,0.9959,0.0025,0.0012,4e-04,"Python_25","Pyt_H"
"6",5,0.99495,0.003,0.0016,0.00045,"Python_25","Pyt_H"
"7",6,0.9934,0.004,0.002,6e-04,"Python_25","Pyt_H"
"8",7,0.991,0.0059,0.00225,0.00085,"Python_25","Pyt_H"
"9",8,0.9889,0.00725,0.00285,0.001,"Python_25","Pyt_H"
"10",9,0.9861,0.00855,0.0042,0.00115,"Python_25","Pyt_H"
"11",10,0.98305,0.00995,0.00545,0.00155,"Python_25","Pyt_H"
"12",11,0.97865,0.0119,0.00735,0.0021,"Python_25","Pyt_H"
"13",12,0.9721,0.01665,0.00825,0.003,"Python_25","Pyt_H"
"14",13,0.96555,0.01955,0.0109,0.004,"Python_25","Pyt_H"
"15",14,0.95575,0.0257,0.0138,0.00475,"Python_25","Pyt_H"
"16",15,0.94295,0.0349,0.01595,0.0062,"Python_25","Pyt_H"
"17",16,0.9301,0.04065,0.0215,0.00775,"Python_25","Pyt_H"
"18",17,0.91215,0.05035,0.02765,0.00985,"Python_25","Pyt_H"
"19",18,0.89225,0.0623,0.0328,0.01265,"Python_25","Pyt_H"
"20",19,0.86705,0.07505,0.0416,0.0163,"Python_25","Pyt_H"
"21",20,0.83645,0.0919,0.0519,0.01975,"Python_25","Pyt_H"
"22",21,0.79925,0.11235,0.06375,0.02465,"Python_25","Pyt_H"
"23",22,0.752,0.13905,0.07825,0.0307,"Python_25","Pyt_H"
"24",23,0.7041,0.16045,0.0977,0.03775,"Python_25","Pyt_H"
"25",24,0.64805,0.18485,0.1193,0.0478,"Python_25","Pyt_H"
"26",25,0.5852,0.2102,0.1451,0.0595,"Python_25","Pyt_H"
"27",26,0.5183,0.23395,0.1732,0.07455,"Python_25","Pyt_H"
"28",27,0.44615,0.25895,0.20485,0.09005,"Python_25","Pyt_H"
"29",28,0.3754,0.2793,0.2363,0.109,"Python_25","Pyt_H"
"30",29,0.3111,0.28635,0.26715,0.1354,"Python_25","Pyt_H"
"31",30,0.2503,0.28495,0.30185,0.1629,"Python_25","Pyt_H"
"32",31,0.19325,0.27535,0.3388,0.1926,"Python_25","Pyt_H"
"33",32,0.1487,0.25825,0.3659,0.22715,"Python_25","Pyt_H"
"34",33,0.1128,0.23165,0.3873,0.26825,"Python_25","Pyt_H"
"35",34,0.08365,0.20675,0.3995,0.3101,"Python_25","Pyt_H"
"36",35,0.0618,0.17955,0.4044,0.35425,"Python_25","Pyt_H"
"37",36,0.0455,0.151,0.4025,0.401,"Python_25","Pyt_H"
"38",37,0.0331,0.12555,0.39425,0.4471,"Python_25","Pyt_H"
"39",38,0.02465,0.1031,0.3803,0.49195,"Python_25","Pyt_H"
"40",39,0.02015,0.08235,0.3616,0.5359,"Python_25","Pyt_H"
"41",40,0.01585,0.0647,0.3414,0.57805,"Python_25","Pyt_H"
"42",41,0.0138,0.04895,0.32015,0.6171,"Python_25","Pyt_H"
"43",42,0.01325,0.0386,0.2915,0.65665,"Python_25","Pyt_H"
"44",43,0.0122,0.0312,0.26425,0.69235,"Python_25","Pyt_H"
"45",44,0.012,0.02515,0.2395,0.72335,"Python_25","Pyt_H"
"46",45,0.01235,0.02,0.21545,0.7522,"Python_25","Pyt_H"
"47",46,0.013,0.01575,0.193,0.77825,"Python_25","Pyt_H"
"48",47,0.01375,0.0125,0.17255,0.8012,"Python_25","Pyt_H"
"49",48,0.0148,0.0107,0.1513,0.8232,"Python_25","Pyt_H"
"50",49,0.0163,0.0097,0.13325,0.84075,"Python_25","Pyt_H"
"51",50,0.0176,0.0091,0.11715,0.85615,"Python_25","Pyt_H"
"52",51,0.01925,0.00845,0.1028,0.8695,"Python_25","Pyt_H"
"53",52,0.02105,0.0071,0.0913,0.88055,"Python_25","Pyt_H"
"54",53,0.02275,0.007,0.08055,0.8897,"Python_25","Pyt_H"
"55",54,0.0242,0.0075,0.07125,0.89705,"Python_25","Pyt_H"
"56",55,0.0265,0.0061,0.06355,0.90385,"Python_25","Pyt_H"
"57",56,0.02895,0.0054,0.0566,0.90905,"Python_25","Pyt_H"
"58",57,0.0306,0.0053,0.0505,0.9136,"Python_25","Pyt_H"
"59",58,0.03265,0.00535,0.04545,0.91655,"Python_25","Pyt_H"
"60",59,0.03435,0.00495,0.04065,0.92005,"Python_25","Pyt_H"
"61",60,0.03685,0.0047,0.03645,0.922,"Python_25","Pyt_H"
"62",61,0.03925,0.00415,0.0323,0.9243,"Python_25","Pyt_H"
"63",62,0.0419,0.0034,0.02955,0.92515,"Python_25","Pyt_H"
"64",63,0.04435,0.00355,0.02635,0.92575,"Python_25","Pyt_H"
"65",64,0.0464,0.00385,0.0236,0.92615,"Python_25","Pyt_H"
"66",65,0.0489,0.0037,0.0217,0.9257,"Python_25","Pyt_H"
"67",66,0.05075,0.00375,0.01935,0.92615,"Python_25","Pyt_H"
"68",67,0.05285,0.0033,0.01725,0.9266,"Python_25","Pyt_H"
"69",68,0.0558,0.00355,0.0153,0.92535,"Python_25","Pyt_H"
"70",69,0.05925,0.0034,0.0135,0.92385,"Python_25","Pyt_H"
"71",70,0.06185,0.00275,0.01275,0.92265,"Python_25","Pyt_H"
"72",71,0.06525,0.0026,0.01135,0.9208,"Python_25","Pyt_H"
"73",72,0.0675,0.00245,0.01055,0.9195,"Python_25","Pyt_H"
"74",73,0.07065,0.00205,0.01005,0.91725,"Python_25","Pyt_H"
"75",74,0.07265,0.00225,0.0092,0.9159,"Python_25","Pyt_H"
"76",75,0.0759,0.00185,0.00845,0.9138,"Python_25","Pyt_H"
"77",76,0.0785,0.0021,0.00775,0.91165,"Python_25","Pyt_H"
"78",77,0.0818,0.0019,0.00735,0.90895,"Python_25","Pyt_H"
"79",78,0.08455,0.00195,0.0062,0.9073,"Python_25","Pyt_H"
"80",79,0.08785,0.0018,0.00585,0.9045,"Python_25","Pyt_H"
"81",80,0.09025,0.00165,0.0053,0.9028,"Python_25","Pyt_H"
"82",81,0.0926,0.00175,0.0052,0.90045,"Python_25","Pyt_H"
"83",82,0.09555,0.0015,0.0044,0.89855,"Python_25","Pyt_H"
"84",83,0.0982,0.0015,0.0039,0.8964,"Python_25","Pyt_H"
"85",84,0.10075,0.001,0.004,0.89425,"Python_25","Pyt_H"
"86",85,0.10295,0.001,0.0034,0.89265,"Python_25","Pyt_H"
"87",86,0.1059,0.00105,0.0029,0.89015,"Python_25","Pyt_H"
"88",87,0.1078,0.00105,0.00255,0.8886,"Python_25","Pyt_H"
"89",88,0.1102,0.00105,0.0024,0.88635,"Python_25","Pyt_H"
"90",89,0.1129,0.00105,0.0023,0.88375,"Python_25","Pyt_H"
"91",90,0.11535,0.00105,0.00235,0.88125,"Python_25","Pyt_H"
"92",91,0.11795,8e-04,0.00255,0.8787,"Python_25","Pyt_H"
"93",92,0.1203,0.00085,0.00215,0.8767,"Python_25","Pyt_H"
"94",93,0.12305,8e-04,0.00225,0.8739,"Python_25","Pyt_H"
"95",94,0.1257,0.00105,0.00195,0.8713,"Python_25","Pyt_H"
"96",95,0.128,0.001,0.0016,0.8694,"Python_25","Pyt_H"
"97",96,0.13105,0.00075,0.00165,0.86655,"Python_25","Pyt_H"
"98",97,0.134,8e-04,0.0015,0.8637,"Python_25","Pyt_H"
"99",98,0.13645,8e-04,0.00145,0.8613,"Python_25","Pyt_H"
"100",99,0.13865,8e-04,0.00145,0.8591,"Python_25","Pyt_H"
"101",100,0.14175,9e-04,0.00135,0.856,"Python_25","Pyt_H"
"102",101,0.14445,9e-04,0.00125,0.8534,"Python_25","Pyt_H"
"103",102,0.14655,8e-04,0.00135,0.8513,"Python_25","Pyt_H"
"104",103,0.1494,8e-04,0.0012,0.8486,"Python_25","Pyt_H"
"105",104,0.1521,9e-04,0.00115,0.84585,"Python_25","Pyt_H"
"106",105,0.1547,0.00095,0.00105,0.8433,"Python_25","Pyt_H"
"107",106,0.15765,0.00085,0.00105,0.84045,"Python_25","Pyt_H"
"108",107,0.15985,0.00075,0.0012,0.8382,"Python_25","Pyt_H"
"109",108,0.1625,6e-04,0.00125,0.83565,"Python_25","Pyt_H"
"110",109,0.1648,0.00065,0.0012,0.83335,"Python_25","Pyt_H"
"111",110,0.16765,4e-04,0.00155,0.8304,"Python_25","Pyt_H"
"112",111,0.1697,5e-04,0.0014,0.8284,"Python_25","Pyt_H"
"113",112,0.1722,4e-04,0.00135,0.82605,"Python_25","Pyt_H"
"114",113,0.1748,0.00025,0.00145,0.8235,"Python_25","Pyt_H"
"115",114,0.17735,4e-04,0.00125,0.821,"Python_25","Pyt_H"
"116",115,0.17965,6e-04,0.0011,0.81865,"Python_25","Pyt_H"
"117",116,0.18245,0.00055,0.0011,0.8159,"Python_25","Pyt_H"
"118",117,0.18475,5e-04,0.00115,0.8136,"Python_25","Pyt_H"
"119",118,0.1868,6e-04,9e-04,0.8117,"Python_25","Pyt_H"
"120",119,0.1896,6e-04,0.00065,0.80915,"Python_25","Pyt_H"
"121",120,0.19155,5e-04,7e-04,0.80725,"Python_25","Pyt_H"
"122",121,0.19385,0.00055,8e-04,0.8048,"Python_25","Pyt_H"
"123",122,0.1962,0.00065,0.00085,0.8023,"Python_25","Pyt_H"
"124",123,0.19765,0.00075,9e-04,0.8007,"Python_25","Pyt_H"
"125",124,0.19985,0.00085,0.00085,0.79845,"Python_25","Pyt_H"
"126",125,0.20215,0.00095,0.00085,0.79605,"Python_25","Pyt_H"
"127",126,0.2045,9e-04,0.0011,0.7935,"Python_25","Pyt_H"
"128",127,0.20615,0.00085,0.0014,0.7916,"Python_25","Pyt_H"
"129",128,0.20775,8e-04,0.00145,0.79,"Python_25","Pyt_H"
"130",129,0.2094,9e-04,0.00125,0.78845,"Python_25","Pyt_H"
"131",130,0.21145,0.00095,0.00125,0.78635,"Python_25","Pyt_H"
"132",131,0.21245,0.00135,0.00135,0.78485,"Python_25","Pyt_H"
"133",132,0.21495,0.00135,0.00135,0.78235,"Python_25","Pyt_H"
"134",133,0.2172,0.00125,0.00145,0.7801,"Python_25","Pyt_H"
"135",134,0.2194,0.00135,0.0016,0.77765,"Python_25","Pyt_H"
"136",135,0.22055,0.00165,0.00155,0.77625,"Python_25","Pyt_H"
"137",136,0.22305,0.0018,0.0015,0.77365,"Python_25","Pyt_H"
"138",137,0.2248,0.0018,0.00175,0.77165,"Python_25","Pyt_H"
"139",138,0.2267,0.0015,0.00205,0.76975,"Python_25","Pyt_H"
"140",139,0.2287,0.0016,0.00215,0.76755,"Python_25","Pyt_H"
"141",140,0.23065,0.0018,0.00215,0.7654,"Python_25","Pyt_H"
"142",141,0.233,0.00155,0.0023,0.76315,"Python_25","Pyt_H"
"143",142,0.2345,0.0012,0.00245,0.76185,"Python_25","Pyt_H"
"144",143,0.23675,0.0012,0.00255,0.7595,"Python_25","Pyt_H"
"145",144,0.2381,0.00135,0.0028,0.75775,"Python_25","Pyt_H"
"146",145,0.24015,0.00155,0.00265,0.75565,"Python_25","Pyt_H"
"147",146,0.24275,0.0014,0.003,0.75285,"Python_25","Pyt_H"
"148",147,0.24445,0.0014,0.003,0.75115,"Python_25","Pyt_H"
"149",148,0.2461,0.0014,0.00305,0.74945,"Python_25","Pyt_H"
"150",149,0.24715,0.0019,0.00275,0.7482,"Python_25","Pyt_H"
"151",150,0.2491,0.00185,0.0027,0.74635,"Python_25","Pyt_H"
"152",151,0.25075,0.00185,0.00285,0.74455,"Python_25","Pyt_H"
"153",152,0.2518,0.00215,0.0032,0.74285,"Python_25","Pyt_H"
"154",153,0.25335,0.00215,0.00325,0.74125,"Python_25","Pyt_H"
"155",154,0.25455,0.00245,0.00335,0.73965,"Python_25","Pyt_H"
"156",155,0.25575,0.00255,0.0035,0.7382,"Python_25","Pyt_H"
"157",156,0.2573,0.0026,0.0037,0.7364,"Python_25","Pyt_H"
"158",157,0.25855,0.0028,0.00375,0.7349,"Python_25","Pyt_H"
"159",158,0.26065,0.00295,0.00385,0.73255,"Python_25","Pyt_H"
"160",159,0.26205,0.00295,0.00415,0.73085,"Python_25","Pyt_H"
"161",160,0.2627,0.00335,0.00415,0.7298,"Python_25","Pyt_H"
"162",161,0.26385,0.0037,0.00445,0.728,"Python_25","Pyt_H"
"163",162,0.2651,0.00405,0.0048,0.72605,"Python_25","Pyt_H"
"164",163,0.266,0.0045,0.00505,0.72445,"Python_25","Pyt_H"
"165",164,0.26765,0.0042,0.0055,0.72265,"Python_25","Pyt_H"
"166",165,0.2686,0.0047,0.00585,0.72085,"Python_25","Pyt_H"
"167",166,0.2698,0.005,0.00545,0.71975,"Python_25","Pyt_H"
"168",167,0.2706,0.0047,0.00615,0.71855,"Python_25","Pyt_H"
"169",168,0.27115,0.0047,0.00685,0.7173,"Python_25","Pyt_H"
"170",169,0.2719,0.00485,0.0076,0.71565,"Python_25","Pyt_H"
"171",170,0.2726,0.00555,0.0077,0.71415,"Python_25","Pyt_H"
"172",171,0.27335,0.0063,0.0074,0.71295,"Python_25","Pyt_H"
"173",172,0.2744,0.00645,0.00815,0.711,"Python_25","Pyt_H"
"174",173,0.2744,0.00715,0.00875,0.7097,"Python_25","Pyt_H"
"175",174,0.27475,0.00755,0.00915,0.70855,"Python_25","Pyt_H"
"176",175,0.27525,0.0072,0.00995,0.7076,"Python_25","Pyt_H"
"177",176,0.27575,0.0077,0.0101,0.70645,"Python_25","Pyt_H"
"178",177,0.27515,0.00865,0.01015,0.70605,"Python_25","Pyt_H"
"179",178,0.2744,0.0093,0.01105,0.70525,"Python_25","Pyt_H"
"180",179,0.27385,0.01075,0.01065,0.70475,"Python_25","Pyt_H"
"181",180,0.2735,0.01095,0.0123,0.70325,"Python_25","Pyt_H"
"182",181,0.27225,0.01085,0.0137,0.7032,"Python_25","Pyt_H"
"183",182,0.27155,0.01205,0.01415,0.70225,"Python_25","Pyt_H"
"184",183,0.2713,0.0119,0.01555,0.70125,"Python_25","Pyt_H"
"185",184,0.2705,0.01155,0.0173,0.70065,"Python_25","Pyt_H"
"186",185,0.2692,0.01255,0.0179,0.70035,"Python_25","Pyt_H"
"187",186,0.26785,0.014,0.01775,0.7004,"Python_25","Pyt_H"
"188",187,0.2669,0.01425,0.0185,0.70035,"Python_25","Pyt_H"
"189",188,0.26555,0.01495,0.01915,0.70035,"Python_25","Pyt_H"
"190",189,0.2619,0.01725,0.01975,0.7011,"Python_25","Pyt_H"
"191",190,0.25935,0.0182,0.02125,0.7012,"Python_25","Pyt_H"
"192",191,0.2569,0.01895,0.0223,0.70185,"Python_25","Pyt_H"
"193",192,0.2544,0.0194,0.02395,0.70225,"Python_25","Pyt_H"
"194",193,0.2522,0.0199,0.02525,0.70265,"Python_25","Pyt_H"
"195",194,0.2488,0.02105,0.02775,0.7024,"Python_25","Pyt_H"
"196",195,0.24495,0.02215,0.0289,0.704,"Python_25","Pyt_H"
"197",196,0.2408,0.0237,0.0311,0.7044,"Python_25","Pyt_H"
"198",197,0.23785,0.0244,0.0319,0.70585,"Python_25","Pyt_H"
"199",198,0.2344,0.02435,0.0347,0.70655,"Python_25","Pyt_H"
"200",199,0.2303,0.0257,0.035,0.709,"Python_25","Pyt_H"
"201",200,0.22565,0.02705,0.0366,0.7107,"Python_25","Pyt_H"
"202",201,0.22095,0.02775,0.038,0.7133,"Python_25","Pyt_H"
"203",202,0.2165,0.02805,0.0401,0.71535,"Python_25","Pyt_H"
"204",203,0.2119,0.02855,0.0419,0.71765,"Python_25","Pyt_H"
"205",204,0.20765,0.03065,0.0419,0.7198,"Python_25","Pyt_H"
"206",205,0.2043,0.02895,0.0443,0.72245,"Python_25","Pyt_H"
"207",206,0.19945,0.0301,0.0467,0.72375,"Python_25","Pyt_H"
"208",207,0.1944,0.0319,0.04675,0.72695,"Python_25","Pyt_H"
"209",208,0.18925,0.03175,0.0481,0.7309,"Python_25","Pyt_H"
"210",209,0.18335,0.03175,0.05105,0.73385,"Python_25","Pyt_H"
"211",210,0.1788,0.03185,0.05275,0.7366,"Python_25","Pyt_H"
"212",211,0.17485,0.0314,0.0531,0.74065,"Python_25","Pyt_H"
"213",212,0.16975,0.0322,0.05465,0.7434,"Python_25","Pyt_H"
"214",213,0.1659,0.0316,0.0565,0.746,"Python_25","Pyt_H"
"215",214,0.16065,0.03195,0.0577,0.7497,"Python_25","Pyt_H"
"216",215,0.15745,0.03195,0.05705,0.75355,"Python_25","Pyt_H"
"217",216,0.15395,0.03095,0.0577,0.7574,"Python_25","Pyt_H"
"218",217,0.1502,0.0304,0.059,0.7604,"Python_25","Pyt_H"
"219",218,0.14725,0.029,0.0599,0.76385,"Python_25","Pyt_H"
"220",219,0.143,0.0294,0.05935,0.76825,"Python_25","Pyt_H"
"221",220,0.1387,0.03,0.0581,0.7732,"Python_25","Pyt_H"
"222",221,0.13555,0.0294,0.05655,0.7785,"Python_25","Pyt_H"
"223",222,0.13285,0.029,0.0562,0.78195,"Python_25","Pyt_H"
"224",223,0.1318,0.0277,0.05515,0.78535,"Python_25","Pyt_H"
"225",224,0.12995,0.0262,0.0557,0.78815,"Python_25","Pyt_H"
"226",225,0.1277,0.0271,0.05375,0.79145,"Python_25","Pyt_H"
"227",226,0.126,0.026,0.05325,0.79475,"Python_25","Pyt_H"
"228",227,0.12455,0.0253,0.05315,0.797,"Python_25","Pyt_H"
"229",228,0.12375,0.0238,0.0541,0.79835,"Python_25","Pyt_H"
"230",229,0.12155,0.0228,0.05445,0.8012,"Python_25","Pyt_H"
"231",230,0.1204,0.0226,0.0529,0.8041,"Python_25","Pyt_H"
"232",231,0.1201,0.0226,0.0509,0.8064,"Python_25","Pyt_H"
"233",232,0.11855,0.0224,0.0499,0.80915,"Python_25","Pyt_H"
"234",233,0.11765,0.02125,0.04805,0.81305,"Python_25","Pyt_H"
"235",234,0.1172,0.0197,0.0474,0.8157,"Python_25","Pyt_H"
"236",235,0.11695,0.01955,0.0468,0.8167,"Python_25","Pyt_H"
"237",236,0.1171,0.01925,0.04615,0.8175,"Python_25","Pyt_H"
"238",237,0.11625,0.0194,0.0448,0.81955,"Python_25","Pyt_H"
"239",238,0.1165,0.0191,0.04285,0.82155,"Python_25","Pyt_H"
"240",239,0.1166,0.01845,0.0423,0.82265,"Python_25","Pyt_H"
"241",240,0.11665,0.018,0.0418,0.82355,"Python_25","Pyt_H"
"242",241,0.1178,0.01755,0.0402,0.82445,"Python_25","Pyt_H"
"243",242,0.11865,0.0172,0.0395,0.82465,"Python_25","Pyt_H"
"244",243,0.12095,0.01655,0.0379,0.8246,"Python_25","Pyt_H"
"245",244,0.12155,0.01605,0.03645,0.82595,"Python_25","Pyt_H"
"246",245,0.12225,0.01615,0.0353,0.8263,"Python_25","Pyt_H"
"247",246,0.1231,0.0162,0.0345,0.8262,"Python_25","Pyt_H"
"248",247,0.1232,0.01615,0.0341,0.82655,"Python_25","Pyt_H"
"249",248,0.1239,0.0158,0.0332,0.8271,"Python_25","Pyt_H"
"250",249,0.1241,0.01555,0.0326,0.82775,"Python_25","Pyt_H"
"251",250,0.12595,0.01425,0.0322,0.8276,"Python_25","Pyt_H"
"252",251,0.1265,0.01425,0.03165,0.8276,"Python_25","Pyt_H"
"253",252,0.1273,0.0148,0.03035,0.82755,"Python_25","Pyt_H"
"254",253,0.1279,0.0139,0.03005,0.82815,"Python_25","Pyt_H"
"255",254,0.1293,0.01345,0.0287,0.82855,"Python_25","Pyt_H"
"256",255,0.1315,0.0129,0.0272,0.8284,"Python_25","Pyt_H"
"257",256,0.13345,0.0127,0.02725,0.8266,"Python_25","Pyt_H"
"258",257,0.1353,0.0126,0.02675,0.82535,"Python_25","Pyt_H"
"259",258,0.1368,0.01255,0.02665,0.824,"Python_25","Pyt_H"
"260",259,0.13745,0.013,0.02595,0.8236,"Python_25","Pyt_H"
"261",260,0.13925,0.0132,0.0254,0.82215,"Python_25","Pyt_H"
"262",261,0.14,0.01255,0.0259,0.82155,"Python_25","Pyt_H"
"263",262,0.1411,0.0129,0.02525,0.82075,"Python_25","Pyt_H"
"264",263,0.1423,0.0132,0.0249,0.8196,"Python_25","Pyt_H"
"265",264,0.14405,0.0125,0.02415,0.8193,"Python_25","Pyt_H"
"266",265,0.1455,0.0122,0.0242,0.8181,"Python_25","Pyt_H"
"267",266,0.14735,0.01195,0.02385,0.81685,"Python_25","Pyt_H"
"268",267,0.1493,0.0116,0.02485,0.81425,"Python_25","Pyt_H"
"269",268,0.151,0.01175,0.0241,0.81315,"Python_25","Pyt_H"
"270",269,0.15245,0.01185,0.02365,0.81205,"Python_25","Pyt_H"
"271",270,0.1546,0.01275,0.02285,0.8098,"Python_25","Pyt_H"
"272",271,0.1579,0.0127,0.0221,0.8073,"Python_25","Pyt_H"
"273",272,0.1591,0.01245,0.02235,0.8061,"Python_25","Pyt_H"
"274",273,0.16165,0.01165,0.0219,0.8048,"Python_25","Pyt_H"
"275",274,0.16375,0.0113,0.02225,0.8027,"Python_25","Pyt_H"
"276",275,0.16495,0.0117,0.02135,0.802,"Python_25","Pyt_H"
"277",276,0.1667,0.0118,0.0221,0.7994,"Python_25","Pyt_H"
"278",277,0.16865,0.012,0.0227,0.79665,"Python_25","Pyt_H"
"279",278,0.16975,0.012,0.0225,0.79575,"Python_25","Pyt_H"
"280",279,0.17175,0.0121,0.02215,0.794,"Python_25","Pyt_H"
"281",280,0.1734,0.0122,0.02195,0.79245,"Python_25","Pyt_H"
"282",281,0.176,0.01215,0.0217,0.79015,"Python_25","Pyt_H"
"283",282,0.1774,0.01175,0.02205,0.7888,"Python_25","Pyt_H"
"284",283,0.17775,0.01345,0.0217,0.7871,"Python_25","Pyt_H"
"285",284,0.17915,0.0136,0.0218,0.78545,"Python_25","Pyt_H"
"286",285,0.18115,0.0138,0.02225,0.7828,"Python_25","Pyt_H"
"287",286,0.18265,0.014,0.02245,0.7809,"Python_25","Pyt_H"
"288",287,0.18305,0.0149,0.02265,0.7794,"Python_25","Pyt_H"
"289",288,0.18365,0.0152,0.0231,0.77805,"Python_25","Pyt_H"
"290",289,0.1852,0.0147,0.024,0.7761,"Python_25","Pyt_H"
"291",290,0.18545,0.0154,0.02445,0.7747,"Python_25","Pyt_H"
"292",291,0.18635,0.0153,0.0246,0.77375,"Python_25","Pyt_H"
"293",292,0.1878,0.0154,0.02495,0.77185,"Python_25","Pyt_H"
"294",293,0.1893,0.0158,0.02585,0.76905,"Python_25","Pyt_H"
"295",294,0.1899,0.01615,0.0257,0.76825,"Python_25","Pyt_H"
"296",295,0.1897,0.0165,0.0262,0.7676,"Python_25","Pyt_H"
"297",296,0.18955,0.01705,0.0266,0.7668,"Python_25","Pyt_H"
"298",297,0.18945,0.0177,0.0265,0.76635,"Python_25","Pyt_H"
"299",298,0.1901,0.01785,0.0279,0.76415,"Python_25","Pyt_H"
"300",299,0.1907,0.01775,0.02825,0.7633,"Python_25","Pyt_H"
"301",300,0.1907,0.01785,0.0291,0.76235,"Python_25","Pyt_H"
"302",301,0.19,0.0192,0.02885,0.76195,"Python_25","Pyt_H"
"303",302,0.1904,0.01925,0.02945,0.7609,"Python_25","Pyt_H"
"304",303,0.19165,0.01785,0.0309,0.7596,"Python_25","Pyt_H"
"305",304,0.19065,0.0186,0.03145,0.7593,"Python_25","Pyt_H"
"306",305,0.1901,0.0187,0.03205,0.75915,"Python_25","Pyt_H"
"307",306,0.19055,0.01775,0.0331,0.7586,"Python_25","Pyt_H"
"308",307,0.1904,0.01815,0.03305,0.7584,"Python_25","Pyt_H"
"309",308,0.19045,0.0193,0.0334,0.75685,"Python_25","Pyt_H"
"310",309,0.1886,0.0207,0.0339,0.7568,"Python_25","Pyt_H"
"311",310,0.188,0.02095,0.0351,0.75595,"Python_25","Pyt_H"
"312",311,0.1874,0.0216,0.03535,0.75565,"Python_25","Pyt_H"
"313",312,0.18705,0.023,0.03565,0.7543,"Python_25","Pyt_H"
"314",313,0.18685,0.02305,0.03655,0.75355,"Python_25","Pyt_H"
"315",314,0.18575,0.02345,0.0375,0.7533,"Python_25","Pyt_H"
"316",315,0.1848,0.02435,0.0378,0.75305,"Python_25","Pyt_H"
"317",316,0.18435,0.0246,0.0383,0.75275,"Python_25","Pyt_H"
"318",317,0.18355,0.025,0.03875,0.7527,"Python_25","Pyt_H"
"319",318,0.18305,0.0251,0.03805,0.7538,"Python_25","Pyt_H"
"320",319,0.1822,0.02455,0.03975,0.7535,"Python_25","Pyt_H"
"321",320,0.1815,0.025,0.04065,0.75285,"Python_25","Pyt_H"
"322",321,0.18035,0.02515,0.0408,0.7537,"Python_25","Pyt_H"
"323",322,0.1808,0.02335,0.04205,0.7538,"Python_25","Pyt_H"
"324",323,0.17935,0.02435,0.04185,0.75445,"Python_25","Pyt_H"
"325",324,0.17835,0.0244,0.043,0.75425,"Python_25","Pyt_H"
"326",325,0.17705,0.02475,0.0441,0.7541,"Python_25","Pyt_H"
"327",326,0.1768,0.02495,0.04425,0.754,"Python_25","Pyt_H"
"328",327,0.1753,0.0255,0.04445,0.75475,"Python_25","Pyt_H"
"329",328,0.17395,0.026,0.04435,0.7557,"Python_25","Pyt_H"
"330",329,0.1725,0.02745,0.04415,0.7559,"Python_25","Pyt_H"
"331",330,0.1712,0.0275,0.04455,0.75675,"Python_25","Pyt_H"
"332",331,0.1706,0.0262,0.0452,0.758,"Python_25","Pyt_H"
"333",332,0.1692,0.02585,0.0469,0.75805,"Python_25","Pyt_H"
"334",333,0.16825,0.02605,0.04635,0.75935,"Python_25","Pyt_H"
"335",334,0.16845,0.0253,0.04535,0.7609,"Python_25","Pyt_H"
"336",335,0.16785,0.0249,0.04645,0.7608,"Python_25","Pyt_H"
"337",336,0.16625,0.0251,0.04675,0.7619,"Python_25","Pyt_H"
"338",337,0.166,0.0257,0.04745,0.76085,"Python_25","Pyt_H"
"339",338,0.1641,0.02695,0.04615,0.7628,"Python_25","Pyt_H"
"340",339,0.1625,0.0272,0.04595,0.76435,"Python_25","Pyt_H"
"341",340,0.162,0.0269,0.0449,0.7662,"Python_25","Pyt_H"
"342",341,0.1615,0.027,0.0451,0.7664,"Python_25","Pyt_H"
"343",342,0.16135,0.026,0.0464,0.76625,"Python_25","Pyt_H"
"344",343,0.16015,0.0263,0.0462,0.76735,"Python_25","Pyt_H"
"345",344,0.16005,0.0248,0.0463,0.76885,"Python_25","Pyt_H"
"346",345,0.15885,0.02565,0.0465,0.769,"Python_25","Pyt_H"
"347",346,0.15785,0.0268,0.0456,0.76975,"Python_25","Pyt_H"
"348",347,0.1576,0.0262,0.04585,0.77035,"Python_25","Pyt_H"
"349",348,0.15715,0.02515,0.04765,0.77005,"Python_25","Pyt_H"
"350",349,0.15545,0.02485,0.04745,0.77225,"Python_25","Pyt_H"
"351",350,0.15405,0.0257,0.04655,0.7737,"Python_25","Pyt_H"
"352",351,0.1528,0.02505,0.0482,0.77395,"Python_25","Pyt_H"
"353",352,0.152,0.0256,0.04725,0.77515,"Python_25","Pyt_H"
"354",353,0.14985,0.02705,0.0475,0.7756,"Python_25","Pyt_H"
"355",354,0.14965,0.0276,0.0474,0.77535,"Python_25","Pyt_H"
"356",355,0.15005,0.02665,0.04735,0.77595,"Python_25","Pyt_H"
"357",356,0.15085,0.0263,0.0475,0.77535,"Python_25","Pyt_H"
"358",357,0.1501,0.02465,0.04865,0.7766,"Python_25","Pyt_H"
"359",358,0.1487,0.02465,0.04875,0.7779,"Python_25","Pyt_H"
"360",359,0.14765,0.0263,0.04815,0.7779,"Python_25","Pyt_H"
"361",360,0.1468,0.0259,0.04895,0.77835,"Python_25","Pyt_H"
"362",361,0.14685,0.0254,0.04815,0.7796,"Python_25","Pyt_H"
"363",362,0.14635,0.0249,0.04845,0.7803,"Python_25","Pyt_H"
"364",363,0.14495,0.02495,0.0478,0.7823,"Python_25","Pyt_H"
"365",364,0.1456,0.0245,0.04725,0.78265,"Python_25","Pyt_H"
"366",365,0.14495,0.0242,0.0469,0.78395,"Python_25","Pyt_H"
"367",366,0.14475,0.024,0.0466,0.78465,"Python_25","Pyt_H"
"368",367,0.14445,0.02315,0.0454,0.787,"Python_25","Pyt_H"
"369",368,0.14415,0.02295,0.0451,0.7878,"Python_25","Pyt_H"
"370",369,0.14465,0.02255,0.04485,0.78795,"Python_25","Pyt_H"
"371",370,0.1445,0.02165,0.0454,0.78845,"Python_25","Pyt_H"
"372",371,0.1442,0.02135,0.0457,0.78875,"Python_25","Pyt_H"
"373",372,0.1454,0.0215,0.0447,0.7884,"Python_25","Pyt_H"
"374",373,0.146,0.02165,0.0429,0.78945,"Python_25","Pyt_H"
"375",374,0.1461,0.0208,0.0432,0.7899,"Python_25","Pyt_H"
"376",375,0.14635,0.02065,0.0427,0.7903,"Python_25","Pyt_H"
"377",376,0.14695,0.02025,0.0434,0.7894,"Python_25","Pyt_H"
"378",377,0.14745,0.02065,0.04285,0.78905,"Python_25","Pyt_H"
"379",378,0.1475,0.0217,0.0408,0.79,"Python_25","Pyt_H"
"380",379,0.14745,0.0208,0.04155,0.7902,"Python_25","Pyt_H"
"381",380,0.1491,0.0195,0.0415,0.7899,"Python_25","Pyt_H"
"382",381,0.14935,0.01795,0.0416,0.7911,"Python_25","Pyt_H"
"383",382,0.14915,0.01855,0.0404,0.7919,"Python_25","Pyt_H"
"384",383,0.1497,0.01905,0.0379,0.79335,"Python_25","Pyt_H"
"385",384,0.14975,0.0196,0.03785,0.7928,"Python_25","Pyt_H"
"386",385,0.15015,0.02045,0.0367,0.7927,"Python_25","Pyt_H"
"387",386,0.1499,0.02,0.03675,0.79335,"Python_25","Pyt_H"
"388",387,0.151,0.02005,0.03665,0.7923,"Python_25","Pyt_H"
"389",388,0.15155,0.0202,0.0372,0.79105,"Python_25","Pyt_H"
"390",389,0.15165,0.0198,0.0378,0.79075,"Python_25","Pyt_H"
"391",390,0.1536,0.02,0.03765,0.78875,"Python_25","Pyt_H"
"392",391,0.1534,0.0196,0.0383,0.7887,"Python_25","Pyt_H"
"393",392,0.15355,0.0202,0.0385,0.78775,"Python_25","Pyt_H"
"394",393,0.1542,0.0195,0.0392,0.7871,"Python_25","Pyt_H"
"395",394,0.1554,0.0193,0.03885,0.78645,"Python_25","Pyt_H"
"396",395,0.1555,0.01915,0.03825,0.7871,"Python_25","Pyt_H"
"397",396,0.156,0.0199,0.0376,0.7865,"Python_25","Pyt_H"
"398",397,0.15625,0.02125,0.03715,0.78535,"Python_25","Pyt_H"
"399",398,0.155,0.022,0.0376,0.7854,"Python_25","Pyt_H"
"400",399,0.15665,0.0205,0.0385,0.78435,"Python_25","Pyt_H"
"401",400,0.15785,0.0202,0.039,0.78295,"Python_25","Pyt_H"
"402",401,0.1584,0.01965,0.03935,0.7826,"Python_25","Pyt_H"
"403",402,0.158,0.02115,0.03755,0.7833,"Python_25","Pyt_H"
"404",403,0.1582,0.022,0.03725,0.78255,"Python_25","Pyt_H"
"405",404,0.1578,0.02265,0.0371,0.78245,"Python_25","Pyt_H"
"406",405,0.16005,0.0212,0.03885,0.7799,"Python_25","Pyt_H"
"407",406,0.16,0.02145,0.0391,0.77945,"Python_25","Pyt_H"
"408",407,0.1604,0.02045,0.03995,0.7792,"Python_25","Pyt_H"
"409",408,0.1617,0.0208,0.0408,0.7767,"Python_25","Pyt_H"
"410",409,0.1622,0.0205,0.04125,0.77605,"Python_25","Pyt_H"
"411",410,0.16305,0.0207,0.0406,0.77565,"Python_25","Pyt_H"
"412",411,0.16385,0.02015,0.0405,0.7755,"Python_25","Pyt_H"
"413",412,0.16455,0.01995,0.0404,0.7751,"Python_25","Pyt_H"
"414",413,0.1656,0.0195,0.0402,0.7747,"Python_25","Pyt_H"
"415",414,0.1642,0.02035,0.0397,0.77575,"Python_25","Pyt_H"
"416",415,0.16425,0.02055,0.0391,0.7761,"Python_25","Pyt_H"
"417",416,0.16285,0.0214,0.03915,0.7766,"Python_25","Pyt_H"
"418",417,0.1625,0.0213,0.03975,0.77645,"Python_25","Pyt_H"
"419",418,0.1635,0.0207,0.03955,0.77625,"Python_25","Pyt_H"
"420",419,0.16285,0.0228,0.0392,0.77515,"Python_25","Pyt_H"
"421",420,0.16295,0.0225,0.0398,0.77475,"Python_25","Pyt_H"
"422",421,0.16235,0.0231,0.04035,0.7742,"Python_25","Pyt_H"
"423",422,0.1609,0.0235,0.04055,0.77505,"Python_25","Pyt_H"
"424",423,0.16065,0.02255,0.0414,0.7754,"Python_25","Pyt_H"
"425",424,0.1595,0.0231,0.042,0.7754,"Python_25","Pyt_H"
"426",425,0.15875,0.02365,0.04175,0.77585,"Python_25","Pyt_H"
"427",426,0.1594,0.0241,0.0416,0.7749,"Python_25","Pyt_H"
"428",427,0.1582,0.0249,0.04155,0.77535,"Python_25","Pyt_H"
"429",428,0.1584,0.02475,0.04195,0.7749,"Python_25","Pyt_H"
"430",429,0.158,0.02505,0.04195,0.775,"Python_25","Pyt_H"
"431",430,0.15745,0.0247,0.04265,0.7752,"Python_25","Pyt_H"
"432",431,0.15755,0.0232,0.044,0.77525,"Python_25","Pyt_H"
"433",432,0.15565,0.02385,0.0447,0.7758,"Python_25","Pyt_H"
"434",433,0.1554,0.0229,0.044,0.7777,"Python_25","Pyt_H"
"435",434,0.1563,0.0227,0.0437,0.7773,"Python_25","Pyt_H"
"436",435,0.1559,0.0226,0.0441,0.7774,"Python_25","Pyt_H"
"437",436,0.15525,0.023,0.04345,0.7783,"Python_25","Pyt_H"
"438",437,0.1549,0.0239,0.0425,0.7787,"Python_25","Pyt_H"
"439",438,0.1551,0.02365,0.04275,0.7785,"Python_25","Pyt_H"
"440",439,0.15575,0.02235,0.04245,0.77945,"Python_25","Pyt_H"
"441",440,0.1554,0.02195,0.04245,0.7802,"Python_25","Pyt_H"
"442",441,0.15435,0.0222,0.04215,0.7813,"Python_25","Pyt_H"
"443",442,0.1545,0.02185,0.04325,0.7804,"Python_25","Pyt_H"
"444",443,0.1539,0.02265,0.0433,0.78015,"Python_25","Pyt_H"
"445",444,0.15375,0.02295,0.04275,0.78055,"Python_25","Pyt_H"
"446",445,0.15315,0.0223,0.04285,0.7817,"Python_25","Pyt_H"
"447",446,0.1537,0.0217,0.04265,0.78195,"Python_25","Pyt_H"
"448",447,0.1539,0.0212,0.0433,0.7816,"Python_25","Pyt_H"
"449",448,0.1532,0.0217,0.04255,0.78255,"Python_25","Pyt_H"
"450",449,0.1542,0.0209,0.0421,0.7828,"Python_25","Pyt_H"
"451",450,0.1538,0.02175,0.04135,0.7831,"Python_25","Pyt_H"
"452",451,0.1531,0.0233,0.04065,0.78295,"Python_25","Pyt_H"
"453",452,0.1529,0.0231,0.04075,0.78325,"Python_25","Pyt_H"
"454",453,0.15415,0.02215,0.0414,0.7823,"Python_25","Pyt_H"
"455",454,0.1533,0.0227,0.0414,0.7826,"Python_25","Pyt_H"
"456",455,0.1535,0.0223,0.04245,0.78175,"Python_25","Pyt_H"
"457",456,0.15365,0.0214,0.04255,0.7824,"Python_25","Pyt_H"
"458",457,0.15405,0.02095,0.04265,0.78235,"Python_25","Pyt_H"
"459",458,0.15235,0.0219,0.04265,0.7831,"Python_25","Pyt_H"
"460",459,0.15345,0.0222,0.0425,0.78185,"Python_25","Pyt_H"
"461",460,0.1527,0.0216,0.0425,0.7832,"Python_25","Pyt_H"
"462",461,0.1523,0.0216,0.04195,0.78415,"Python_25","Pyt_H"
"463",462,0.15175,0.0206,0.04185,0.7858,"Python_25","Pyt_H"
"464",463,0.15055,0.02135,0.0424,0.7857,"Python_25","Pyt_H"
"465",464,0.1498,0.0218,0.04295,0.78545,"Python_25","Pyt_H"
"466",465,0.14915,0.02315,0.04085,0.78685,"Python_25","Pyt_H"
"467",466,0.1499,0.0218,0.0403,0.788,"Python_25","Pyt_H"
"468",467,0.1515,0.0209,0.04085,0.78675,"Python_25","Pyt_H"
"469",468,0.15125,0.0213,0.03975,0.7877,"Python_25","Pyt_H"
"470",469,0.15105,0.02125,0.0391,0.7886,"Python_25","Pyt_H"
"471",470,0.15165,0.02175,0.0389,0.7877,"Python_25","Pyt_H"
"472",471,0.1516,0.02075,0.03895,0.7887,"Python_25","Pyt_H"
"473",472,0.15165,0.02015,0.0392,0.789,"Python_25","Pyt_H"
"474",473,0.1512,0.02045,0.039,0.78935,"Python_25","Pyt_H"
"475",474,0.15215,0.0207,0.0379,0.78925,"Python_25","Pyt_H"
"476",475,0.15355,0.02015,0.037,0.7893,"Python_25","Pyt_H"
"477",476,0.15435,0.0202,0.0362,0.78925,"Python_25","Pyt_H"
"478",477,0.1546,0.0206,0.03645,0.78835,"Python_25","Pyt_H"
"479",478,0.155,0.02125,0.0365,0.78725,"Python_25","Pyt_H"
"480",479,0.15625,0.0206,0.0367,0.78645,"Python_25","Pyt_H"
"481",480,0.1569,0.0198,0.03805,0.78525,"Python_25","Pyt_H"
"482",481,0.1569,0.0192,0.03875,0.78515,"Python_25","Pyt_H"
"483",482,0.15755,0.0203,0.0382,0.78395,"Python_25","Pyt_H"
"484",483,0.15905,0.0197,0.0371,0.78415,"Python_25","Pyt_H"
"485",484,0.15895,0.02035,0.0362,0.7845,"Python_25","Pyt_H"
"486",485,0.1589,0.0202,0.03695,0.78395,"Python_25","Pyt_H"
"487",486,0.15865,0.0208,0.0371,0.78345,"Python_25","Pyt_H"
"488",487,0.15895,0.02005,0.03655,0.78445,"Python_25","Pyt_H"
"489",488,0.1607,0.01945,0.0366,0.78325,"Python_25","Pyt_H"
"490",489,0.16165,0.01945,0.0363,0.7826,"Python_25","Pyt_H"
"491",490,0.1623,0.0196,0.0361,0.782,"Python_25","Pyt_H"
"492",491,0.1632,0.0195,0.03675,0.78055,"Python_25","Pyt_H"
"493",492,0.1638,0.01845,0.0377,0.78005,"Python_25","Pyt_H"
"494",493,0.16385,0.02,0.03705,0.7791,"Python_25","Pyt_H"
"495",494,0.1643,0.0197,0.03645,0.77955,"Python_25","Pyt_H"
"496",495,0.164,0.02,0.03735,0.77865,"Python_25","Pyt_H"
"497",496,0.16325,0.02065,0.0367,0.7794,"Python_25","Pyt_H"
"498",497,0.1652,0.02,0.03555,0.77925,"Python_25","Pyt_H"
"499",498,0.1662,0.0191,0.03645,0.77825,"Python_25","Pyt_H"
"500",499,0.16675,0.01885,0.0367,0.7777,"Python_25","Pyt_H"
"501",500,0.1673,0.0181,0.0376,0.777,"Python_25","Pyt_H"
"502",501,0.16705,0.01965,0.0366,0.7767,"Python_25","Pyt_H"
"503",502,0.16715,0.02025,0.03615,0.77645,"Python_25","Pyt_H"
"504",503,0.16685,0.02055,0.03595,0.77665,"Python_25","Pyt_H"
"505",504,0.16655,0.0222,0.03535,0.7759,"Python_25","Pyt_H"
"506",505,0.1659,0.0228,0.03585,0.77545,"Python_25","Pyt_H"
"507",506,0.1664,0.022,0.03685,0.77475,"Python_25","Pyt_H"
"508",507,0.16595,0.02195,0.03755,0.77455,"Python_25","Pyt_H"
"509",508,0.16645,0.0221,0.03785,0.7736,"Python_25","Pyt_H"
"510",509,0.1661,0.02095,0.0389,0.77405,"Python_25","Pyt_H"
"511",510,0.16615,0.0216,0.03795,0.7743,"Python_25","Pyt_H"
"512",511,0.16655,0.02075,0.0366,0.7761,"Python_25","Pyt_H"
"513",512,0.16835,0.0211,0.0364,0.77415,"Python_25","Pyt_H"
"514",513,0.1685,0.02115,0.03665,0.7737,"Python_25","Pyt_H"
"515",514,0.1689,0.0209,0.0374,0.7728,"Python_25","Pyt_H"
"516",515,0.1692,0.0204,0.03735,0.77305,"Python_25","Pyt_H"
"517",516,0.16955,0.02,0.0379,0.77255,"Python_25","Pyt_H"
"518",517,0.16925,0.01995,0.0386,0.7722,"Python_25","Pyt_H"
"519",518,0.1698,0.02,0.03835,0.77185,"Python_25","Pyt_H"
"520",519,0.16845,0.0212,0.03785,0.7725,"Python_25","Pyt_H"
"521",520,0.1685,0.0222,0.0373,0.772,"Python_25","Pyt_H"
"522",521,0.1692,0.02275,0.0373,0.77075,"Python_25","Pyt_H"
"523",522,0.1696,0.022,0.0378,0.7706,"Python_25","Pyt_H"
"524",523,0.1694,0.0223,0.03895,0.76935,"Python_25","Pyt_H"
"525",524,0.17055,0.02215,0.0385,0.7688,"Python_25","Pyt_H"
"526",525,0.17015,0.0219,0.03945,0.7685,"Python_25","Pyt_H"
"527",526,0.16935,0.0219,0.0398,0.76895,"Python_25","Pyt_H"
"528",527,0.16775,0.02265,0.0397,0.7699,"Python_25","Pyt_H"
"529",528,0.16745,0.02285,0.0405,0.7692,"Python_25","Pyt_H"
"530",529,0.1667,0.02335,0.0405,0.76945,"Python_25","Pyt_H"
"531",530,0.16685,0.02315,0.04125,0.76875,"Python_25","Pyt_H"
"532",531,0.16605,0.023,0.0423,0.76865,"Python_25","Pyt_H"
"533",532,0.16525,0.02375,0.0425,0.7685,"Python_25","Pyt_H"
"534",533,0.16725,0.0218,0.0435,0.76745,"Python_25","Pyt_H"
"535",534,0.16615,0.0227,0.0432,0.76795,"Python_25","Pyt_H"
"536",535,0.1661,0.02305,0.0423,0.76855,"Python_25","Pyt_H"
"537",536,0.16455,0.02365,0.0424,0.7694,"Python_25","Pyt_H"
"538",537,0.16475,0.0237,0.04235,0.7692,"Python_25","Pyt_H"
"539",538,0.16485,0.0231,0.04245,0.7696,"Python_25","Pyt_H"
"540",539,0.165,0.02285,0.0426,0.76955,"Python_25","Pyt_H"
"541",540,0.1642,0.02375,0.04225,0.7698,"Python_25","Pyt_H"
"542",541,0.16415,0.02265,0.04335,0.76985,"Python_25","Pyt_H"
"543",542,0.16435,0.0226,0.04265,0.7704,"Python_25","Pyt_H"
"544",543,0.1645,0.02285,0.04275,0.7699,"Python_25","Pyt_H"
"545",544,0.16515,0.0234,0.04255,0.7689,"Python_25","Pyt_H"
"546",545,0.1649,0.02345,0.04245,0.7692,"Python_25","Pyt_H"
"547",546,0.16365,0.02365,0.0422,0.7705,"Python_25","Pyt_H"
"548",547,0.16365,0.02435,0.0416,0.7704,"Python_25","Pyt_H"
"549",548,0.1636,0.0247,0.0427,0.769,"Python_25","Pyt_H"
"550",549,0.1643,0.02415,0.0431,0.76845,"Python_25","Pyt_H"
"551",550,0.1637,0.02305,0.04455,0.7687,"Python_25","Pyt_H"
"552",551,0.16345,0.0234,0.0434,0.76975,"Python_25","Pyt_H"
"553",552,0.1638,0.02325,0.04265,0.7703,"Python_25","Pyt_H"
"554",553,0.16455,0.02225,0.04295,0.77025,"Python_25","Pyt_H"
"555",554,0.16355,0.023,0.04245,0.771,"Python_25","Pyt_H"
"556",555,0.16425,0.02165,0.0425,0.7716,"Python_25","Pyt_H"
"557",556,0.16315,0.02245,0.0405,0.7739,"Python_25","Pyt_H"
"558",557,0.16165,0.0234,0.04005,0.7749,"Python_25","Pyt_H"
"559",558,0.1608,0.0241,0.0402,0.7749,"Python_25","Pyt_H"
"560",559,0.16015,0.0246,0.0404,0.77485,"Python_25","Pyt_H"
"561",560,0.16115,0.0236,0.04105,0.7742,"Python_25","Pyt_H"
"562",561,0.16035,0.02245,0.0416,0.7756,"Python_25","Pyt_H"
"563",562,0.1609,0.02255,0.0417,0.77485,"Python_25","Pyt_H"
"564",563,0.16015,0.0235,0.0417,0.77465,"Python_25","Pyt_H"
"565",564,0.15895,0.0242,0.04125,0.7756,"Python_25","Pyt_H"
"566",565,0.159,0.02295,0.0416,0.77645,"Python_25","Pyt_H"
"567",566,0.1587,0.0237,0.04175,0.77585,"Python_25","Pyt_H"
"568",567,0.15895,0.02425,0.04195,0.77485,"Python_25","Pyt_H"
"569",568,0.15785,0.0254,0.04225,0.7745,"Python_25","Pyt_H"
"570",569,0.15655,0.02665,0.04285,0.77395,"Python_25","Pyt_H"
"571",570,0.1573,0.02655,0.0431,0.77305,"Python_25","Pyt_H"
"572",571,0.15805,0.02505,0.0444,0.7725,"Python_25","Pyt_H"
"573",572,0.1583,0.0232,0.0464,0.7721,"Python_25","Pyt_H"
"574",573,0.15855,0.023,0.04605,0.7724,"Python_25","Pyt_H"
"575",574,0.1575,0.0241,0.04445,0.77395,"Python_25","Pyt_H"
"576",575,0.1571,0.0238,0.04465,0.77445,"Python_25","Pyt_H"
"577",576,0.15625,0.02435,0.04425,0.77515,"Python_25","Pyt_H"
"578",577,0.15595,0.02505,0.04445,0.77455,"Python_25","Pyt_H"
"579",578,0.15595,0.02525,0.0437,0.7751,"Python_25","Pyt_H"
"580",579,0.1552,0.02495,0.0442,0.77565,"Python_25","Pyt_H"
"581",580,0.1546,0.0239,0.0453,0.7762,"Python_25","Pyt_H"
"582",581,0.1539,0.0234,0.04575,0.77695,"Python_25","Pyt_H"
"583",582,0.15275,0.0234,0.0456,0.77825,"Python_25","Pyt_H"
"584",583,0.1529,0.024,0.04545,0.77765,"Python_25","Pyt_H"
"585",584,0.15175,0.02445,0.04475,0.77905,"Python_25","Pyt_H"
"586",585,0.151,0.0258,0.04495,0.77825,"Python_25","Pyt_H"
"587",586,0.15185,0.02525,0.04455,0.77835,"Python_25","Pyt_H"
"588",587,0.15155,0.02415,0.04535,0.77895,"Python_25","Pyt_H"
"589",588,0.1519,0.0228,0.0449,0.7804,"Python_25","Pyt_H"
"590",589,0.1539,0.02235,0.0448,0.77895,"Python_25","Pyt_H"
"591",590,0.1535,0.0229,0.0436,0.78,"Python_25","Pyt_H"
"592",591,0.1528,0.02335,0.0429,0.78095,"Python_25","Pyt_H"
"593",592,0.1533,0.0234,0.04255,0.78075,"Python_25","Pyt_H"
"594",593,0.15325,0.02265,0.04335,0.78075,"Python_25","Pyt_H"
"595",594,0.1543,0.02245,0.04365,0.7796,"Python_25","Pyt_H"
"596",595,0.153,0.02325,0.0441,0.77965,"Python_25","Pyt_H"
"597",596,0.1523,0.02395,0.0441,0.77965,"Python_25","Pyt_H"
"598",597,0.15355,0.0228,0.0442,0.77945,"Python_25","Pyt_H"
"599",598,0.1542,0.023,0.04305,0.77975,"Python_25","Pyt_H"
"600",599,0.15315,0.02405,0.04335,0.77945,"Python_25","Pyt_H"
"601",600,0.15355,0.02425,0.04285,0.77935,"Python_25","Pyt_H"
"602",601,0.15315,0.02445,0.04275,0.77965,"Python_25","Pyt_H"
"603",602,0.154,0.0241,0.043,0.7789,"Python_25","Pyt_H"
"604",603,0.1546,0.02325,0.0431,0.77905,"Python_25","Pyt_H"
"605",604,0.15615,0.0221,0.04365,0.7781,"Python_25","Pyt_H"
"606",605,0.1556,0.02275,0.044,0.77765,"Python_25","Pyt_H"
"607",606,0.15695,0.02275,0.0443,0.776,"Python_25","Pyt_H"
"608",607,0.1572,0.0228,0.04425,0.77575,"Python_25","Pyt_H"
"609",608,0.15625,0.02445,0.0432,0.7761,"Python_25","Pyt_H"
"610",609,0.1558,0.02515,0.042,0.77705,"Python_25","Pyt_H"
"611",610,0.155,0.02485,0.0433,0.77685,"Python_25","Pyt_H"
"612",611,0.15465,0.0246,0.0432,0.77755,"Python_25","Pyt_H"
"613",612,0.1552,0.02345,0.0442,0.77715,"Python_25","Pyt_H"
"614",613,0.1553,0.02245,0.04545,0.7768,"Python_25","Pyt_H"
"615",614,0.15435,0.02215,0.0462,0.7773,"Python_25","Pyt_H"
"616",615,0.155,0.0227,0.0447,0.7776,"Python_25","Pyt_H"
"617",616,0.15475,0.02285,0.04405,0.77835,"Python_25","Pyt_H"
"618",617,0.1542,0.0234,0.0441,0.7783,"Python_25","Pyt_H"
"619",618,0.1535,0.02325,0.04425,0.779,"Python_25","Pyt_H"
"620",619,0.15435,0.02315,0.0432,0.7793,"Python_25","Pyt_H"
"621",620,0.1558,0.0222,0.0442,0.7778,"Python_25","Pyt_H"
"622",621,0.1554,0.02165,0.04495,0.778,"Python_25","Pyt_H"
"623",622,0.15475,0.02235,0.0444,0.7785,"Python_25","Pyt_H"
"624",623,0.15405,0.0232,0.04405,0.7787,"Python_25","Pyt_H"
"625",624,0.15365,0.02275,0.0442,0.7794,"Python_25","Pyt_H"
"626",625,0.15365,0.02305,0.04405,0.77925,"Python_25","Pyt_H"
"627",626,0.15175,0.02425,0.04405,0.77995,"Python_25","Pyt_H"
"628",627,0.1517,0.0241,0.043,0.7812,"Python_25","Pyt_H"
"629",628,0.1528,0.0226,0.04425,0.78035,"Python_25","Pyt_H"
"630",629,0.1524,0.02305,0.04395,0.7806,"Python_25","Pyt_H"
"631",630,0.15225,0.0218,0.0444,0.78155,"Python_25","Pyt_H"
"632",631,0.1518,0.0218,0.0434,0.783,"Python_25","Pyt_H"
"633",632,0.15175,0.02175,0.04295,0.78355,"Python_25","Pyt_H"
"634",633,0.15255,0.02175,0.04205,0.78365,"Python_25","Pyt_H"
"635",634,0.15395,0.0209,0.04185,0.7833,"Python_25","Pyt_H"
"636",635,0.1523,0.0216,0.0418,0.7843,"Python_25","Pyt_H"
"637",636,0.1534,0.0209,0.04225,0.78345,"Python_25","Pyt_H"
"638",637,0.15435,0.0205,0.042,0.78315,"Python_25","Pyt_H"
"639",638,0.1553,0.01925,0.0427,0.78275,"Python_25","Pyt_H"
"640",639,0.15585,0.0201,0.04115,0.7829,"Python_25","Pyt_H"
"641",640,0.1557,0.02145,0.04005,0.7828,"Python_25","Pyt_H"
"642",641,0.156,0.02185,0.0402,0.78195,"Python_25","Pyt_H"
"643",642,0.15615,0.0215,0.0407,0.78165,"Python_25","Pyt_H"
"644",643,0.1567,0.0213,0.04095,0.78105,"Python_25","Pyt_H"
"645",644,0.15645,0.0229,0.03935,0.7813,"Python_25","Pyt_H"
"646",645,0.15825,0.02195,0.04035,0.77945,"Python_25","Pyt_H"
"647",646,0.1587,0.02135,0.0403,0.77965,"Python_25","Pyt_H"
"648",647,0.1594,0.0216,0.03935,0.77965,"Python_25","Pyt_H"
"649",648,0.1604,0.02175,0.03905,0.7788,"Python_25","Pyt_H"
"650",649,0.16015,0.02235,0.0395,0.778,"Python_25","Pyt_H"
"651",650,0.15915,0.02265,0.0396,0.7786,"Python_25","Pyt_H"
"652",651,0.1605,0.0224,0.03955,0.77755,"Python_25","Pyt_H"
"653",652,0.16195,0.0209,0.0409,0.77625,"Python_25","Pyt_H"
"654",653,0.1611,0.0207,0.04115,0.77705,"Python_25","Pyt_H"
"655",654,0.16135,0.02155,0.0403,0.7768,"Python_25","Pyt_H"
"656",655,0.1616,0.0218,0.03915,0.77745,"Python_25","Pyt_H"
"657",656,0.1614,0.02225,0.03915,0.7772,"Python_25","Pyt_H"
"658",657,0.16105,0.02265,0.0387,0.7776,"Python_25","Pyt_H"
"659",658,0.16135,0.0226,0.03955,0.7765,"Python_25","Pyt_H"
"660",659,0.1603,0.02375,0.03935,0.7766,"Python_25","Pyt_H"
"661",660,0.16035,0.02375,0.0404,0.7755,"Python_25","Pyt_H"
"662",661,0.16,0.02395,0.03985,0.7762,"Python_25","Pyt_H"
