"","step","S","E","I","R","simu","Langage"
"1",0,0.999,0,0.001,0,"Python_5","Pyt_H"
"2",1,0.99855,0.00045,0.001,0,"Python_5","Pyt_H"
"3",2,0.99795,0.00105,0.00085,0.00015,"Python_5","Pyt_H"
"4",3,0.9971,0.0017,8e-04,4e-04,"Python_5","Pyt_H"
"5",4,0.9965,0.00205,0.00095,5e-04,"Python_5","Pyt_H"
"6",5,0.9958,0.0021,0.00145,0.00065,"Python_5","Pyt_H"
"7",6,0.9947,0.0028,0.0018,7e-04,"Python_5","Pyt_H"
"8",7,0.99325,0.0037,0.00205,0.001,"Python_5","Pyt_H"
"9",8,0.99065,0.00565,0.00265,0.00105,"Python_5","Pyt_H"
"10",9,0.98775,0.0076,0.0032,0.00145,"Python_5","Pyt_H"
"11",10,0.98475,0.0095,0.004,0.00175,"Python_5","Pyt_H"
"12",11,0.98085,0.0117,0.0053,0.00215,"Python_5","Pyt_H"
"13",12,0.976,0.01405,0.0074,0.00255,"Python_5","Pyt_H"
"14",13,0.96975,0.01775,0.0094,0.0031,"Python_5","Pyt_H"
"15",14,0.9619,0.023,0.01125,0.00385,"Python_5","Pyt_H"
"16",15,0.9527,0.02775,0.0147,0.00485,"Python_5","Pyt_H"
"17",16,0.9409,0.03485,0.01815,0.0061,"Python_5","Pyt_H"
"18",17,0.924,0.04545,0.02245,0.0081,"Python_5","Pyt_H"
"19",18,0.90545,0.05635,0.02775,0.01045,"Python_5","Pyt_H"
"20",19,0.88415,0.06665,0.03595,0.01325,"Python_5","Pyt_H"
"21",20,0.8558,0.0827,0.0449,0.0166,"Python_5","Pyt_H"
"22",21,0.824,0.09925,0.05565,0.0211,"Python_5","Pyt_H"
"23",22,0.78455,0.1202,0.06885,0.0264,"Python_5","Pyt_H"
"24",23,0.7395,0.14305,0.08475,0.0327,"Python_5","Pyt_H"
"25",24,0.6849,0.16925,0.1048,0.04105,"Python_5","Pyt_H"
"26",25,0.62875,0.1928,0.1277,0.05075,"Python_5","Pyt_H"
"27",26,0.56345,0.21825,0.1548,0.0635,"Python_5","Pyt_H"
"28",27,0.4953,0.245,0.18095,0.07875,"Python_5","Pyt_H"
"29",28,0.4264,0.2628,0.2134,0.0974,"Python_5","Pyt_H"
"30",29,0.35695,0.27615,0.24935,0.11755,"Python_5","Pyt_H"
"31",30,0.2891,0.28645,0.2814,0.14305,"Python_5","Pyt_H"
"32",31,0.2266,0.28625,0.3158,0.17135,"Python_5","Pyt_H"
"33",32,0.17505,0.2754,0.34475,0.2048,"Python_5","Pyt_H"
"34",33,0.1291,0.2548,0.37525,0.24085,"Python_5","Pyt_H"
"35",34,0.09695,0.2284,0.3932,0.28145,"Python_5","Pyt_H"
"36",35,0.0712,0.19955,0.4058,0.32345,"Python_5","Pyt_H"
"37",36,0.0523,0.1715,0.4061,0.3701,"Python_5","Pyt_H"
"38",37,0.03855,0.14535,0.40005,0.41605,"Python_5","Pyt_H"
"39",38,0.0307,0.11715,0.38955,0.4626,"Python_5","Pyt_H"
"40",39,0.02305,0.09605,0.3717,0.5092,"Python_5","Pyt_H"
"41",40,0.0185,0.0773,0.35175,0.55245,"Python_5","Pyt_H"
"42",41,0.0162,0.06135,0.32735,0.5951,"Python_5","Pyt_H"
"43",42,0.0142,0.04805,0.3023,0.63545,"Python_5","Pyt_H"
"44",43,0.01335,0.03935,0.2763,0.671,"Python_5","Pyt_H"
"45",44,0.01315,0.03125,0.25155,0.70405,"Python_5","Pyt_H"
"46",45,0.01255,0.02435,0.2278,0.7353,"Python_5","Pyt_H"
"47",46,0.0122,0.01955,0.2046,0.76365,"Python_5","Pyt_H"
"48",47,0.01305,0.01575,0.18455,0.78665,"Python_5","Pyt_H"
"49",48,0.01405,0.01355,0.16615,0.80625,"Python_5","Pyt_H"
"50",49,0.01435,0.01145,0.14835,0.82585,"Python_5","Pyt_H"
"51",50,0.01505,0.01055,0.1322,0.8422,"Python_5","Pyt_H"
"52",51,0.0158,0.00925,0.1168,0.85815,"Python_5","Pyt_H"
"53",52,0.017,0.00845,0.1045,0.87005,"Python_5","Pyt_H"
"54",53,0.01935,0.0073,0.0916,0.88175,"Python_5","Pyt_H"
"55",54,0.0213,0.0068,0.08045,0.89145,"Python_5","Pyt_H"
"56",55,0.02225,0.00705,0.07105,0.89965,"Python_5","Pyt_H"
"57",56,0.025,0.00695,0.06175,0.9063,"Python_5","Pyt_H"
"58",57,0.02625,0.00665,0.05515,0.91195,"Python_5","Pyt_H"
"59",58,0.0284,0.0058,0.04935,0.91645,"Python_5","Pyt_H"
"60",59,0.03045,0.00475,0.04385,0.92095,"Python_5","Pyt_H"
"61",60,0.03285,0.00425,0.03875,0.92415,"Python_5","Pyt_H"
"62",61,0.03515,0.00435,0.0335,0.927,"Python_5","Pyt_H"
"63",62,0.0381,0.0042,0.03035,0.92735,"Python_5","Pyt_H"
"64",63,0.0409,0.00385,0.02695,0.9283,"Python_5","Pyt_H"
"65",64,0.044,0.0036,0.02385,0.92855,"Python_5","Pyt_H"
"66",65,0.0473,0.00295,0.0216,0.92815,"Python_5","Pyt_H"
"67",66,0.05005,0.003,0.0197,0.92725,"Python_5","Pyt_H"
"68",67,0.0525,0.0034,0.01775,0.92635,"Python_5","Pyt_H"
"69",68,0.05445,0.00345,0.01555,0.92655,"Python_5","Pyt_H"
"70",69,0.0571,0.0032,0.01385,0.92585,"Python_5","Pyt_H"
"71",70,0.0595,0.00275,0.01235,0.9254,"Python_5","Pyt_H"
"72",71,0.06295,0.00275,0.01155,0.92275,"Python_5","Pyt_H"
"73",72,0.06535,0.0027,0.0111,0.92085,"Python_5","Pyt_H"
"74",73,0.06785,0.0025,0.0101,0.91955,"Python_5","Pyt_H"
"75",74,0.07075,0.0023,0.0093,0.91765,"Python_5","Pyt_H"
"76",75,0.0739,0.0024,0.00855,0.91515,"Python_5","Pyt_H"
"77",76,0.0769,0.0023,0.00785,0.91295,"Python_5","Pyt_H"
"78",77,0.0794,0.00225,0.007,0.91135,"Python_5","Pyt_H"
"79",78,0.08265,0.00205,0.0065,0.9088,"Python_5","Pyt_H"
"80",79,0.0854,0.0019,0.00625,0.90645,"Python_5","Pyt_H"
"81",80,0.0879,0.00195,0.0057,0.90445,"Python_5","Pyt_H"
"82",81,0.09055,0.0019,0.00525,0.9023,"Python_5","Pyt_H"
"83",82,0.0935,0.0017,0.0051,0.8997,"Python_5","Pyt_H"
"84",83,0.0964,0.00175,0.00495,0.8969,"Python_5","Pyt_H"
"85",84,0.0993,0.00145,0.00485,0.8944,"Python_5","Pyt_H"
"86",85,0.10215,0.0017,0.00425,0.8919,"Python_5","Pyt_H"
"87",86,0.1054,0.00175,0.0039,0.88895,"Python_5","Pyt_H"
"88",87,0.1079,0.0017,0.0035,0.8869,"Python_5","Pyt_H"
"89",88,0.1106,0.0016,0.0034,0.8844,"Python_5","Pyt_H"
"90",89,0.11285,0.0016,0.0034,0.88215,"Python_5","Pyt_H"
"91",90,0.11555,0.00145,0.0034,0.8796,"Python_5","Pyt_H"
"92",91,0.11775,0.00135,0.0032,0.8777,"Python_5","Pyt_H"
"93",92,0.12025,0.0012,0.0032,0.87535,"Python_5","Pyt_H"
"94",93,0.12265,0.00125,0.00305,0.87305,"Python_5","Pyt_H"
"95",94,0.12465,0.00135,0.0027,0.8713,"Python_5","Pyt_H"
"96",95,0.12805,0.0012,0.00225,0.8685,"Python_5","Pyt_H"
"97",96,0.1309,0.00115,0.00255,0.8654,"Python_5","Pyt_H"
"98",97,0.1335,0.0012,0.0023,0.863,"Python_5","Pyt_H"
"99",98,0.13555,0.00115,0.0021,0.8612,"Python_5","Pyt_H"
"100",99,0.13865,0.001,0.0021,0.85825,"Python_5","Pyt_H"
"101",100,0.14165,0.00105,0.0018,0.8555,"Python_5","Pyt_H"
"102",101,0.14435,0.00085,0.002,0.8528,"Python_5","Pyt_H"
"103",102,0.146,0.00105,0.00185,0.8511,"Python_5","Pyt_H"
"104",103,0.1483,0.001,0.00195,0.84875,"Python_5","Pyt_H"
"105",104,0.15025,0.00085,0.00205,0.84685,"Python_5","Pyt_H"
"106",105,0.1529,7e-04,0.002,0.8444,"Python_5","Pyt_H"
"107",106,0.1557,0.00085,0.00195,0.8415,"Python_5","Pyt_H"
"108",107,0.15795,0.00085,0.002,0.8392,"Python_5","Pyt_H"
"109",108,0.1599,0.00105,0.00185,0.8372,"Python_5","Pyt_H"
"110",109,0.16205,0.00095,0.0016,0.8354,"Python_5","Pyt_H"
"111",110,0.16425,8e-04,0.00185,0.8331,"Python_5","Pyt_H"
"112",111,0.1669,9e-04,0.00185,0.83035,"Python_5","Pyt_H"
"113",112,0.17005,0.00075,0.00185,0.82735,"Python_5","Pyt_H"
"114",113,0.17245,0.00065,0.00195,0.82495,"Python_5","Pyt_H"
"115",114,0.17465,0.00075,0.0016,0.823,"Python_5","Pyt_H"
"116",115,0.17675,7e-04,0.00145,0.8211,"Python_5","Pyt_H"
"117",116,0.17885,7e-04,0.00145,0.819,"Python_5","Pyt_H"
"118",117,0.18115,8e-04,0.0014,0.81665,"Python_5","Pyt_H"
"119",118,0.18325,0.00055,0.0014,0.8148,"Python_5","Pyt_H"
"120",119,0.1856,6e-04,0.00135,0.81245,"Python_5","Pyt_H"
"121",120,0.18825,6e-04,0.0013,0.80985,"Python_5","Pyt_H"
"122",121,0.1899,0.00075,0.0014,0.80795,"Python_5","Pyt_H"
"123",122,0.19205,6e-04,0.00145,0.8059,"Python_5","Pyt_H"
"124",123,0.1938,0.00075,0.00135,0.8041,"Python_5","Pyt_H"
"125",124,0.1955,0.00075,0.0015,0.80225,"Python_5","Pyt_H"
"126",125,0.19725,0.00075,0.00135,0.80065,"Python_5","Pyt_H"
"127",126,0.1995,0.00045,0.00155,0.7985,"Python_5","Pyt_H"
"128",127,0.20165,9e-04,0.00145,0.796,"Python_5","Pyt_H"
"129",128,0.2031,0.0012,0.00125,0.79445,"Python_5","Pyt_H"
"130",129,0.2047,0.00115,0.0014,0.79275,"Python_5","Pyt_H"
"131",130,0.20665,0.00125,0.00135,0.79075,"Python_5","Pyt_H"
"132",131,0.2092,0.0012,0.0014,0.7882,"Python_5","Pyt_H"
"133",132,0.2116,0.0011,0.0015,0.7858,"Python_5","Pyt_H"
"134",133,0.2134,0.0013,0.0016,0.7837,"Python_5","Pyt_H"
"135",134,0.21545,0.0014,0.00175,0.7814,"Python_5","Pyt_H"
"136",135,0.21785,0.0012,0.002,0.77895,"Python_5","Pyt_H"
"137",136,0.2199,0.00125,0.0022,0.77665,"Python_5","Pyt_H"
"138",137,0.2224,0.0011,0.00245,0.77405,"Python_5","Pyt_H"
"139",138,0.22435,9e-04,0.00265,0.7721,"Python_5","Pyt_H"
"140",139,0.2262,0.00125,0.00255,0.77,"Python_5","Pyt_H"
"141",140,0.22825,0.00155,0.00255,0.76765,"Python_5","Pyt_H"
"142",141,0.2302,0.00165,0.00255,0.7656,"Python_5","Pyt_H"
"143",142,0.2317,0.00185,0.00235,0.7641,"Python_5","Pyt_H"
"144",143,0.23345,0.00225,0.0025,0.7618,"Python_5","Pyt_H"
"145",144,0.2343,0.0024,0.00265,0.76065,"Python_5","Pyt_H"
"146",145,0.23585,0.00255,0.00275,0.75885,"Python_5","Pyt_H"
"147",146,0.2371,0.003,0.00265,0.75725,"Python_5","Pyt_H"
"148",147,0.23885,0.0028,0.00295,0.7554,"Python_5","Pyt_H"
"149",148,0.24085,0.00275,0.00335,0.75305,"Python_5","Pyt_H"
"150",149,0.24245,0.0026,0.00365,0.7513,"Python_5","Pyt_H"
"151",150,0.2443,0.00275,0.0037,0.74925,"Python_5","Pyt_H"
"152",151,0.24535,0.00275,0.004,0.7479,"Python_5","Pyt_H"
"153",152,0.24675,0.00295,0.00445,0.74585,"Python_5","Pyt_H"
"154",153,0.24765,0.00345,0.0048,0.7441,"Python_5","Pyt_H"
"155",154,0.24885,0.00355,0.0052,0.7424,"Python_5","Pyt_H"
"156",155,0.2502,0.0038,0.0051,0.7409,"Python_5","Pyt_H"
"157",156,0.2515,0.00395,0.00555,0.739,"Python_5","Pyt_H"
"158",157,0.25285,0.00415,0.0058,0.7372,"Python_5","Pyt_H"
"159",158,0.2535,0.00485,0.00585,0.7358,"Python_5","Pyt_H"
"160",159,0.25445,0.00545,0.00555,0.73455,"Python_5","Pyt_H"
"161",160,0.25565,0.00565,0.00545,0.73325,"Python_5","Pyt_H"
"162",161,0.25685,0.00525,0.00615,0.73175,"Python_5","Pyt_H"
"163",162,0.25715,0.0054,0.00705,0.7304,"Python_5","Pyt_H"
"164",163,0.2578,0.0059,0.0074,0.7289,"Python_5","Pyt_H"
"165",164,0.25815,0.00645,0.00735,0.72805,"Python_5","Pyt_H"
"166",165,0.2591,0.00655,0.00745,0.7269,"Python_5","Pyt_H"
"167",166,0.259,0.00725,0.00795,0.7258,"Python_5","Pyt_H"
"168",167,0.25955,0.00755,0.0087,0.7242,"Python_5","Pyt_H"
"169",168,0.26,0.0071,0.0096,0.7233,"Python_5","Pyt_H"
"170",169,0.2598,0.00785,0.01025,0.7221,"Python_5","Pyt_H"
"171",170,0.26025,0.0082,0.0108,0.72075,"Python_5","Pyt_H"
"172",171,0.26025,0.0082,0.0113,0.72025,"Python_5","Pyt_H"
"173",172,0.26065,0.00845,0.01145,0.71945,"Python_5","Pyt_H"
"174",173,0.26095,0.00885,0.0122,0.718,"Python_5","Pyt_H"
"175",174,0.2605,0.0094,0.01275,0.71735,"Python_5","Pyt_H"
"176",175,0.26025,0.0096,0.01415,0.716,"Python_5","Pyt_H"
"177",176,0.25965,0.01,0.0148,0.71555,"Python_5","Pyt_H"
"178",177,0.25745,0.0114,0.01475,0.7164,"Python_5","Pyt_H"
"179",178,0.2563,0.01285,0.0146,0.71625,"Python_5","Pyt_H"
"180",179,0.256,0.01295,0.0152,0.71585,"Python_5","Pyt_H"
"181",180,0.25505,0.01325,0.01625,0.71545,"Python_5","Pyt_H"
"182",181,0.25385,0.01405,0.0175,0.7146,"Python_5","Pyt_H"
"183",182,0.25155,0.0159,0.0178,0.71475,"Python_5","Pyt_H"
"184",183,0.25015,0.0164,0.01915,0.7143,"Python_5","Pyt_H"
"185",184,0.24895,0.01585,0.02125,0.71395,"Python_5","Pyt_H"
"186",185,0.24665,0.0163,0.02295,0.7141,"Python_5","Pyt_H"
"187",186,0.2435,0.0179,0.02395,0.71465,"Python_5","Pyt_H"
"188",187,0.2403,0.0192,0.02515,0.71535,"Python_5","Pyt_H"
"189",188,0.23715,0.02015,0.0269,0.7158,"Python_5","Pyt_H"
"190",189,0.23435,0.02095,0.0285,0.7162,"Python_5","Pyt_H"
"191",190,0.2314,0.0214,0.03015,0.71705,"Python_5","Pyt_H"
"192",191,0.227,0.02275,0.0305,0.71975,"Python_5","Pyt_H"
"193",192,0.22445,0.0228,0.0314,0.72135,"Python_5","Pyt_H"
"194",193,0.22105,0.0232,0.0328,0.72295,"Python_5","Pyt_H"
"195",194,0.2177,0.02365,0.0352,0.72345,"Python_5","Pyt_H"
"196",195,0.21445,0.0249,0.03565,0.725,"Python_5","Pyt_H"
"197",196,0.2105,0.0259,0.03585,0.72775,"Python_5","Pyt_H"
"198",197,0.2075,0.0262,0.03685,0.72945,"Python_5","Pyt_H"
"199",198,0.2032,0.02605,0.03835,0.7324,"Python_5","Pyt_H"
"200",199,0.2002,0.0249,0.0392,0.7357,"Python_5","Pyt_H"
"201",200,0.1972,0.02515,0.0405,0.73715,"Python_5","Pyt_H"
"202",201,0.1941,0.02645,0.0395,0.73995,"Python_5","Pyt_H"
"203",202,0.1912,0.026,0.0404,0.7424,"Python_5","Pyt_H"
"204",203,0.1867,0.0264,0.0401,0.7468,"Python_5","Pyt_H"
"205",204,0.18285,0.0267,0.0418,0.74865,"Python_5","Pyt_H"
"206",205,0.18105,0.026,0.0422,0.75075,"Python_5","Pyt_H"
"207",206,0.1785,0.02505,0.04395,0.7525,"Python_5","Pyt_H"
"208",207,0.17465,0.02605,0.04385,0.75545,"Python_5","Pyt_H"
"209",208,0.1707,0.02705,0.0448,0.75745,"Python_5","Pyt_H"
"210",209,0.1683,0.02665,0.04565,0.7594,"Python_5","Pyt_H"
"211",210,0.1647,0.02625,0.04655,0.7625,"Python_5","Pyt_H"
"212",211,0.1619,0.0262,0.046,0.7659,"Python_5","Pyt_H"
"213",212,0.1593,0.02605,0.0467,0.76795,"Python_5","Pyt_H"
"214",213,0.156,0.0274,0.0453,0.7713,"Python_5","Pyt_H"
"215",214,0.15475,0.02575,0.04675,0.77275,"Python_5","Pyt_H"
"216",215,0.1528,0.02455,0.0478,0.77485,"Python_5","Pyt_H"
"217",216,0.1494,0.02475,0.04805,0.7778,"Python_5","Pyt_H"
"218",217,0.14775,0.02415,0.0479,0.7802,"Python_5","Pyt_H"
"219",218,0.14505,0.02455,0.04635,0.78405,"Python_5","Pyt_H"
"220",219,0.1431,0.02535,0.04575,0.7858,"Python_5","Pyt_H"
"221",220,0.14245,0.0241,0.0449,0.78855,"Python_5","Pyt_H"
"222",221,0.1411,0.02355,0.0448,0.79055,"Python_5","Pyt_H"
"223",222,0.13975,0.0238,0.04315,0.7933,"Python_5","Pyt_H"
"224",223,0.139,0.0234,0.04265,0.79495,"Python_5","Pyt_H"
"225",224,0.13835,0.0231,0.042,0.79655,"Python_5","Pyt_H"
"226",225,0.13655,0.0223,0.0427,0.79845,"Python_5","Pyt_H"
"227",226,0.13515,0.0215,0.04325,0.8001,"Python_5","Pyt_H"
"228",227,0.13395,0.0214,0.04325,0.8014,"Python_5","Pyt_H"
"229",228,0.13335,0.02175,0.04175,0.80315,"Python_5","Pyt_H"
"230",229,0.1323,0.0212,0.0418,0.8047,"Python_5","Pyt_H"
"231",230,0.1303,0.02255,0.04115,0.806,"Python_5","Pyt_H"
"232",231,0.13035,0.0223,0.04025,0.8071,"Python_5","Pyt_H"
"233",232,0.13,0.0208,0.0405,0.8087,"Python_5","Pyt_H"
"234",233,0.1303,0.0201,0.04035,0.80925,"Python_5","Pyt_H"
"235",234,0.1307,0.02,0.0401,0.8092,"Python_5","Pyt_H"
"236",235,0.12985,0.01975,0.04095,0.80945,"Python_5","Pyt_H"
"237",236,0.1298,0.0188,0.04015,0.81125,"Python_5","Pyt_H"
"238",237,0.1294,0.01865,0.03995,0.812,"Python_5","Pyt_H"
"239",238,0.1297,0.0185,0.0396,0.8122,"Python_5","Pyt_H"
"240",239,0.13025,0.01825,0.03815,0.81335,"Python_5","Pyt_H"
"241",240,0.1317,0.01785,0.037,0.81345,"Python_5","Pyt_H"
"242",241,0.1318,0.018,0.0366,0.8136,"Python_5","Pyt_H"
"243",242,0.1324,0.0171,0.0365,0.814,"Python_5","Pyt_H"
"244",243,0.1327,0.01745,0.0365,0.81335,"Python_5","Pyt_H"
"245",244,0.13355,0.01695,0.0351,0.8144,"Python_5","Pyt_H"
"246",245,0.1342,0.0164,0.0347,0.8147,"Python_5","Pyt_H"
"247",246,0.13415,0.0165,0.03365,0.8157,"Python_5","Pyt_H"
"248",247,0.13595,0.0154,0.03355,0.8151,"Python_5","Pyt_H"
"249",248,0.13535,0.0153,0.0338,0.81555,"Python_5","Pyt_H"
"250",249,0.13685,0.0153,0.03295,0.8149,"Python_5","Pyt_H"
"251",250,0.1378,0.015,0.03095,0.81625,"Python_5","Pyt_H"
"252",251,0.13945,0.0142,0.03075,0.8156,"Python_5","Pyt_H"
"253",252,0.14125,0.0132,0.0311,0.81445,"Python_5","Pyt_H"
"254",253,0.14185,0.0133,0.03065,0.8142,"Python_5","Pyt_H"
"255",254,0.14425,0.01335,0.0295,0.8129,"Python_5","Pyt_H"
"256",255,0.1454,0.01315,0.0289,0.81255,"Python_5","Pyt_H"
"257",256,0.1472,0.0131,0.02915,0.81055,"Python_5","Pyt_H"
"258",257,0.14965,0.01225,0.02865,0.80945,"Python_5","Pyt_H"
"259",258,0.1504,0.01255,0.02805,0.809,"Python_5","Pyt_H"
"260",259,0.1512,0.01275,0.0286,0.80745,"Python_5","Pyt_H"
"261",260,0.1516,0.0139,0.0272,0.8073,"Python_5","Pyt_H"
"262",261,0.15355,0.01405,0.0269,0.8055,"Python_5","Pyt_H"
"263",262,0.1556,0.01375,0.02695,0.8037,"Python_5","Pyt_H"
"264",263,0.1559,0.01565,0.02485,0.8036,"Python_5","Pyt_H"
"265",264,0.158,0.01445,0.02475,0.8028,"Python_5","Pyt_H"
"266",265,0.1582,0.0148,0.0251,0.8019,"Python_5","Pyt_H"
"267",266,0.16,0.01425,0.0257,0.80005,"Python_5","Pyt_H"
"268",267,0.16205,0.014,0.0256,0.79835,"Python_5","Pyt_H"
"269",268,0.16265,0.01465,0.0258,0.7969,"Python_5","Pyt_H"
"270",269,0.16455,0.01495,0.0256,0.7949,"Python_5","Pyt_H"
"271",270,0.16575,0.0141,0.02625,0.7939,"Python_5","Pyt_H"
"272",271,0.1658,0.01465,0.0266,0.79295,"Python_5","Pyt_H"
"273",272,0.16685,0.01465,0.027,0.7915,"Python_5","Pyt_H"
"274",273,0.16765,0.01525,0.02675,0.79035,"Python_5","Pyt_H"
"275",274,0.1686,0.0148,0.0269,0.7897,"Python_5","Pyt_H"
"276",275,0.1692,0.0148,0.0274,0.7886,"Python_5","Pyt_H"
"277",276,0.1699,0.0148,0.02735,0.78795,"Python_5","Pyt_H"
"278",277,0.1717,0.0146,0.0279,0.7858,"Python_5","Pyt_H"
"279",278,0.17145,0.01545,0.0277,0.7854,"Python_5","Pyt_H"
"280",279,0.17295,0.01605,0.02805,0.78295,"Python_5","Pyt_H"
"281",280,0.17525,0.01625,0.0272,0.7813,"Python_5","Pyt_H"
"282",281,0.17745,0.0158,0.0267,0.78005,"Python_5","Pyt_H"
"283",282,0.1784,0.01565,0.02745,0.7785,"Python_5","Pyt_H"
"284",283,0.17925,0.0156,0.0269,0.77825,"Python_5","Pyt_H"
"285",284,0.18,0.016,0.02675,0.77725,"Python_5","Pyt_H"
"286",285,0.1801,0.01625,0.0272,0.77645,"Python_5","Pyt_H"
"287",286,0.1814,0.01685,0.0273,0.77445,"Python_5","Pyt_H"
"288",287,0.182,0.01645,0.0278,0.77375,"Python_5","Pyt_H"
"289",288,0.1831,0.0167,0.0272,0.773,"Python_5","Pyt_H"
"290",289,0.18305,0.0177,0.02785,0.7714,"Python_5","Pyt_H"
"291",290,0.18235,0.0187,0.0288,0.77015,"Python_5","Pyt_H"
"292",291,0.1829,0.0195,0.02895,0.76865,"Python_5","Pyt_H"
"293",292,0.18295,0.0186,0.0313,0.76715,"Python_5","Pyt_H"
"294",293,0.1826,0.01935,0.0313,0.76675,"Python_5","Pyt_H"
"295",294,0.1833,0.01855,0.03255,0.7656,"Python_5","Pyt_H"
"296",295,0.1821,0.0198,0.0332,0.7649,"Python_5","Pyt_H"
"297",296,0.18175,0.0203,0.0334,0.76455,"Python_5","Pyt_H"
"298",297,0.1825,0.02075,0.03295,0.7638,"Python_5","Pyt_H"
"299",298,0.18135,0.02105,0.033,0.7646,"Python_5","Pyt_H"
"300",299,0.18115,0.02165,0.0331,0.7641,"Python_5","Pyt_H"
"301",300,0.18135,0.0221,0.0343,0.76225,"Python_5","Pyt_H"
"302",301,0.18035,0.0225,0.03455,0.7626,"Python_5","Pyt_H"
"303",302,0.1803,0.02275,0.0344,0.76255,"Python_5","Pyt_H"
"304",303,0.1808,0.0223,0.0346,0.7623,"Python_5","Pyt_H"
"305",304,0.1798,0.0214,0.03605,0.76275,"Python_5","Pyt_H"
"306",305,0.17845,0.021,0.03755,0.763,"Python_5","Pyt_H"
"307",306,0.17715,0.02195,0.0375,0.7634,"Python_5","Pyt_H"
"308",307,0.17745,0.0215,0.0379,0.76315,"Python_5","Pyt_H"
"309",308,0.17615,0.022,0.0387,0.76315,"Python_5","Pyt_H"
"310",309,0.17565,0.0221,0.03915,0.7631,"Python_5","Pyt_H"
"311",310,0.17575,0.0208,0.0392,0.76425,"Python_5","Pyt_H"
"312",311,0.1748,0.02055,0.0398,0.76485,"Python_5","Pyt_H"
"313",312,0.1741,0.02125,0.03875,0.7659,"Python_5","Pyt_H"
"314",313,0.17225,0.0222,0.0389,0.76665,"Python_5","Pyt_H"
"315",314,0.17205,0.0227,0.03895,0.7663,"Python_5","Pyt_H"
"316",315,0.1715,0.02335,0.0381,0.76705,"Python_5","Pyt_H"
"317",316,0.1712,0.024,0.03785,0.76695,"Python_5","Pyt_H"
"318",317,0.1702,0.0241,0.039,0.7667,"Python_5","Pyt_H"
"319",318,0.169,0.02445,0.0402,0.76635,"Python_5","Pyt_H"
"320",319,0.16835,0.02485,0.0402,0.7666,"Python_5","Pyt_H"
"321",320,0.1689,0.0246,0.0405,0.766,"Python_5","Pyt_H"
"322",321,0.1685,0.02415,0.0411,0.76625,"Python_5","Pyt_H"
"323",322,0.16765,0.0244,0.041,0.76695,"Python_5","Pyt_H"
"324",323,0.16685,0.02455,0.0404,0.7682,"Python_5","Pyt_H"
"325",324,0.16725,0.0237,0.04055,0.7685,"Python_5","Pyt_H"
"326",325,0.16585,0.0238,0.0411,0.76925,"Python_5","Pyt_H"
"327",326,0.1646,0.02425,0.0416,0.76955,"Python_5","Pyt_H"
"328",327,0.164,0.0243,0.04175,0.76995,"Python_5","Pyt_H"
"329",328,0.1629,0.025,0.0428,0.7693,"Python_5","Pyt_H"
"330",329,0.16125,0.0255,0.04285,0.7704,"Python_5","Pyt_H"
"331",330,0.15945,0.02555,0.0428,0.7722,"Python_5","Pyt_H"
"332",331,0.1593,0.0245,0.04365,0.77255,"Python_5","Pyt_H"
"333",332,0.1588,0.02475,0.04415,0.7723,"Python_5","Pyt_H"
"334",333,0.15735,0.02455,0.0447,0.7734,"Python_5","Pyt_H"
"335",334,0.1574,0.0243,0.0438,0.7745,"Python_5","Pyt_H"
"336",335,0.15495,0.025,0.04385,0.7762,"Python_5","Pyt_H"
"337",336,0.1547,0.02455,0.04455,0.7762,"Python_5","Pyt_H"
"338",337,0.15495,0.0236,0.04595,0.7755,"Python_5","Pyt_H"
"339",338,0.1542,0.023,0.0467,0.7761,"Python_5","Pyt_H"
"340",339,0.1535,0.02325,0.0461,0.77715,"Python_5","Pyt_H"
"341",340,0.1521,0.0245,0.0457,0.7777,"Python_5","Pyt_H"
"342",341,0.1509,0.02465,0.0452,0.77925,"Python_5","Pyt_H"
"343",342,0.1509,0.0253,0.04485,0.77895,"Python_5","Pyt_H"
"344",343,0.15125,0.024,0.04525,0.7795,"Python_5","Pyt_H"
"345",344,0.15155,0.02315,0.045,0.7803,"Python_5","Pyt_H"
"346",345,0.1506,0.0232,0.04455,0.78165,"Python_5","Pyt_H"
"347",346,0.15035,0.023,0.04495,0.7817,"Python_5","Pyt_H"
"348",347,0.1505,0.024,0.04245,0.78305,"Python_5","Pyt_H"
"349",348,0.15075,0.0228,0.0441,0.78235,"Python_5","Pyt_H"
"350",349,0.15025,0.02235,0.0445,0.7829,"Python_5","Pyt_H"
"351",350,0.1509,0.0221,0.04485,0.78215,"Python_5","Pyt_H"
"352",351,0.1499,0.0222,0.04395,0.78395,"Python_5","Pyt_H"
"353",352,0.1501,0.02225,0.04305,0.7846,"Python_5","Pyt_H"
"354",353,0.1505,0.0226,0.04295,0.78395,"Python_5","Pyt_H"
"355",354,0.1503,0.02335,0.0423,0.78405,"Python_5","Pyt_H"
"356",355,0.1507,0.02235,0.0415,0.78545,"Python_5","Pyt_H"
"357",356,0.1506,0.0219,0.04155,0.78595,"Python_5","Pyt_H"
"358",357,0.15165,0.02125,0.04225,0.78485,"Python_5","Pyt_H"
"359",358,0.15195,0.0215,0.042,0.78455,"Python_5","Pyt_H"
"360",359,0.15175,0.02195,0.04145,0.78485,"Python_5","Pyt_H"
"361",360,0.1516,0.02185,0.04145,0.7851,"Python_5","Pyt_H"
"362",361,0.1518,0.02115,0.0419,0.78515,"Python_5","Pyt_H"
"363",362,0.151,0.02155,0.0417,0.78575,"Python_5","Pyt_H"
"364",363,0.15155,0.0217,0.0409,0.78585,"Python_5","Pyt_H"
"365",364,0.1521,0.02195,0.04055,0.7854,"Python_5","Pyt_H"
"366",365,0.1524,0.02205,0.0393,0.78625,"Python_5","Pyt_H"
"367",366,0.153,0.02145,0.03885,0.7867,"Python_5","Pyt_H"
"368",367,0.1522,0.02115,0.03985,0.7868,"Python_5","Pyt_H"
"369",368,0.15195,0.02185,0.03965,0.78655,"Python_5","Pyt_H"
"370",369,0.15345,0.02105,0.0392,0.7863,"Python_5","Pyt_H"
"371",370,0.1545,0.02,0.03955,0.78595,"Python_5","Pyt_H"
"372",371,0.1546,0.0194,0.0392,0.7868,"Python_5","Pyt_H"
"373",372,0.15515,0.019,0.03885,0.787,"Python_5","Pyt_H"
"374",373,0.1566,0.01805,0.0386,0.78675,"Python_5","Pyt_H"
"375",374,0.15675,0.0185,0.03795,0.7868,"Python_5","Pyt_H"
"376",375,0.1571,0.0187,0.0374,0.7868,"Python_5","Pyt_H"
"377",376,0.1575,0.01945,0.03635,0.7867,"Python_5","Pyt_H"
"378",377,0.15725,0.0202,0.036,0.78655,"Python_5","Pyt_H"
"379",378,0.1572,0.02115,0.0364,0.78525,"Python_5","Pyt_H"
"380",379,0.15855,0.02025,0.0373,0.7839,"Python_5","Pyt_H"
"381",380,0.1591,0.0203,0.03745,0.78315,"Python_5","Pyt_H"
"382",381,0.15985,0.0205,0.0377,0.78195,"Python_5","Pyt_H"
"383",382,0.15955,0.0202,0.03815,0.7821,"Python_5","Pyt_H"
"384",383,0.16015,0.02025,0.03795,0.78165,"Python_5","Pyt_H"
"385",384,0.1606,0.0203,0.03785,0.78125,"Python_5","Pyt_H"
"386",385,0.16055,0.0209,0.0376,0.78095,"Python_5","Pyt_H"
"387",386,0.16085,0.0222,0.0368,0.78015,"Python_5","Pyt_H"
"388",387,0.1604,0.0227,0.03645,0.78045,"Python_5","Pyt_H"
"389",388,0.1611,0.023,0.03625,0.77965,"Python_5","Pyt_H"
"390",389,0.1619,0.0217,0.0378,0.7786,"Python_5","Pyt_H"
"391",390,0.162,0.0214,0.03855,0.77805,"Python_5","Pyt_H"
"392",391,0.16245,0.02125,0.03825,0.77805,"Python_5","Pyt_H"
"393",392,0.1623,0.02165,0.0386,0.77745,"Python_5","Pyt_H"
"394",393,0.1623,0.0211,0.03865,0.77795,"Python_5","Pyt_H"
"395",394,0.163,0.01905,0.0393,0.77865,"Python_5","Pyt_H"
"396",395,0.1627,0.02025,0.0392,0.77785,"Python_5","Pyt_H"
"397",396,0.1632,0.02075,0.0385,0.77755,"Python_5","Pyt_H"
"398",397,0.16325,0.021,0.038,0.77775,"Python_5","Pyt_H"
"399",398,0.1628,0.0216,0.0372,0.7784,"Python_5","Pyt_H"
"400",399,0.1628,0.02125,0.03825,0.7777,"Python_5","Pyt_H"
"401",400,0.16235,0.0208,0.039,0.77785,"Python_5","Pyt_H"
"402",401,0.16195,0.02185,0.03855,0.77765,"Python_5","Pyt_H"
"403",402,0.1618,0.0226,0.03845,0.77715,"Python_5","Pyt_H"
"404",403,0.16165,0.02225,0.03895,0.77715,"Python_5","Pyt_H"
"405",404,0.16125,0.02265,0.0383,0.7778,"Python_5","Pyt_H"
"406",405,0.16125,0.022,0.0386,0.77815,"Python_5","Pyt_H"
"407",406,0.1604,0.02205,0.0387,0.77885,"Python_5","Pyt_H"
"408",407,0.16075,0.02215,0.0386,0.7785,"Python_5","Pyt_H"
"409",408,0.16105,0.02195,0.03825,0.77875,"Python_5","Pyt_H"
"410",409,0.16145,0.02115,0.03925,0.77815,"Python_5","Pyt_H"
"411",410,0.1616,0.02015,0.04035,0.7779,"Python_5","Pyt_H"
"412",411,0.16235,0.0203,0.0399,0.77745,"Python_5","Pyt_H"
"413",412,0.1619,0.0205,0.04065,0.77695,"Python_5","Pyt_H"
"414",413,0.16035,0.0216,0.04005,0.778,"Python_5","Pyt_H"
"415",414,0.1619,0.021,0.0392,0.7779,"Python_5","Pyt_H"
"416",415,0.1618,0.02075,0.0401,0.77735,"Python_5","Pyt_H"
"417",416,0.162,0.0214,0.0392,0.7774,"Python_5","Pyt_H"
"418",417,0.16295,0.0216,0.0385,0.77695,"Python_5","Pyt_H"
"419",418,0.1629,0.02155,0.0387,0.77685,"Python_5","Pyt_H"
"420",419,0.1629,0.0211,0.03885,0.77715,"Python_5","Pyt_H"
"421",420,0.16385,0.0203,0.03895,0.7769,"Python_5","Pyt_H"
"422",421,0.1624,0.022,0.03865,0.77695,"Python_5","Pyt_H"
"423",422,0.16315,0.0225,0.038,0.77635,"Python_5","Pyt_H"
"424",423,0.16265,0.02195,0.03795,0.77745,"Python_5","Pyt_H"
"425",424,0.1631,0.0224,0.03795,0.77655,"Python_5","Pyt_H"
"426",425,0.16355,0.02215,0.03865,0.77565,"Python_5","Pyt_H"
"427",426,0.1636,0.02275,0.0386,0.77505,"Python_5","Pyt_H"
"428",427,0.163,0.0237,0.03905,0.77425,"Python_5","Pyt_H"
"429",428,0.1622,0.02465,0.03965,0.7735,"Python_5","Pyt_H"
"430",429,0.1624,0.02455,0.0394,0.77365,"Python_5","Pyt_H"
"431",430,0.1607,0.02445,0.04015,0.7747,"Python_5","Pyt_H"
"432",431,0.1613,0.02315,0.04265,0.7729,"Python_5","Pyt_H"
"433",432,0.16035,0.02385,0.0428,0.773,"Python_5","Pyt_H"
"434",433,0.15925,0.0244,0.04325,0.7731,"Python_5","Pyt_H"
"435",434,0.15775,0.02525,0.0425,0.7745,"Python_5","Pyt_H"
"436",435,0.1588,0.02465,0.0425,0.77405,"Python_5","Pyt_H"
"437",436,0.159,0.02255,0.04445,0.774,"Python_5","Pyt_H"
"438",437,0.1565,0.02345,0.0446,0.77545,"Python_5","Pyt_H"
"439",438,0.1562,0.02315,0.04535,0.7753,"Python_5","Pyt_H"
"440",439,0.15415,0.0252,0.04435,0.7763,"Python_5","Pyt_H"
"441",440,0.1552,0.02445,0.04445,0.7759,"Python_5","Pyt_H"
"442",441,0.15375,0.02465,0.04475,0.77685,"Python_5","Pyt_H"
"443",442,0.1526,0.02495,0.0445,0.77795,"Python_5","Pyt_H"
"444",443,0.15265,0.02385,0.04515,0.77835,"Python_5","Pyt_H"
"445",444,0.15275,0.02405,0.04415,0.77905,"Python_5","Pyt_H"
"446",445,0.15195,0.02475,0.04335,0.77995,"Python_5","Pyt_H"
"447",446,0.15215,0.0242,0.0432,0.78045,"Python_5","Pyt_H"
"448",447,0.1507,0.02345,0.04435,0.7815,"Python_5","Pyt_H"
"449",448,0.15085,0.0231,0.0443,0.78175,"Python_5","Pyt_H"
"450",449,0.1519,0.0221,0.04395,0.78205,"Python_5","Pyt_H"
"451",450,0.15065,0.02275,0.04355,0.78305,"Python_5","Pyt_H"
"452",451,0.1502,0.023,0.04285,0.78395,"Python_5","Pyt_H"
"453",452,0.14975,0.0232,0.04235,0.7847,"Python_5","Pyt_H"
"454",453,0.15,0.023,0.04365,0.78335,"Python_5","Pyt_H"
"455",454,0.1491,0.02365,0.043,0.78425,"Python_5","Pyt_H"
"456",455,0.148,0.0243,0.04305,0.78465,"Python_5","Pyt_H"
"457",456,0.1483,0.02375,0.0434,0.78455,"Python_5","Pyt_H"
"458",457,0.1488,0.02275,0.04395,0.7845,"Python_5","Pyt_H"
"459",458,0.1498,0.0213,0.0443,0.7846,"Python_5","Pyt_H"
"460",459,0.1503,0.0212,0.0445,0.784,"Python_5","Pyt_H"
"461",460,0.149,0.0222,0.04335,0.78545,"Python_5","Pyt_H"
"462",461,0.14895,0.0218,0.043,0.78625,"Python_5","Pyt_H"
"463",462,0.14755,0.02235,0.0427,0.7874,"Python_5","Pyt_H"
"464",463,0.1486,0.022,0.0425,0.7869,"Python_5","Pyt_H"
"465",464,0.1488,0.0227,0.0423,0.7862,"Python_5","Pyt_H"
"466",465,0.14795,0.02315,0.0417,0.7872,"Python_5","Pyt_H"
"467",466,0.1471,0.02375,0.04195,0.7872,"Python_5","Pyt_H"
"468",467,0.14605,0.02245,0.0442,0.7873,"Python_5","Pyt_H"
"469",468,0.14545,0.0216,0.0441,0.78885,"Python_5","Pyt_H"
"470",469,0.1463,0.02125,0.04255,0.7899,"Python_5","Pyt_H"
"471",470,0.1468,0.02055,0.04325,0.7894,"Python_5","Pyt_H"
"472",471,0.14645,0.0213,0.04175,0.7905,"Python_5","Pyt_H"
"473",472,0.1459,0.02215,0.04005,0.7919,"Python_5","Pyt_H"
"474",473,0.14535,0.02185,0.0395,0.7933,"Python_5","Pyt_H"
"475",474,0.1458,0.0218,0.039,0.7934,"Python_5","Pyt_H"
"476",475,0.14605,0.02165,0.03955,0.79275,"Python_5","Pyt_H"
"477",476,0.1474,0.02045,0.0398,0.79235,"Python_5","Pyt_H"
"478",477,0.1488,0.0188,0.04005,0.79235,"Python_5","Pyt_H"
"479",478,0.14845,0.0191,0.04015,0.7923,"Python_5","Pyt_H"
"480",479,0.1483,0.01965,0.0389,0.79315,"Python_5","Pyt_H"
"481",480,0.1481,0.01945,0.03875,0.7937,"Python_5","Pyt_H"
"482",481,0.14775,0.0204,0.0377,0.79415,"Python_5","Pyt_H"
"483",482,0.14775,0.02095,0.0371,0.7942,"Python_5","Pyt_H"
"484",483,0.1484,0.02155,0.03565,0.7944,"Python_5","Pyt_H"
"485",484,0.14885,0.0212,0.0363,0.79365,"Python_5","Pyt_H"
"486",485,0.1493,0.02,0.03665,0.79405,"Python_5","Pyt_H"
"487",486,0.1495,0.02005,0.03715,0.7933,"Python_5","Pyt_H"
"488",487,0.14935,0.02105,0.0369,0.7927,"Python_5","Pyt_H"
"489",488,0.15005,0.0197,0.03725,0.793,"Python_5","Pyt_H"
"490",489,0.151,0.0191,0.0374,0.7925,"Python_5","Pyt_H"
"491",490,0.1509,0.01935,0.03695,0.7928,"Python_5","Pyt_H"
"492",491,0.15265,0.0191,0.03615,0.7921,"Python_5","Pyt_H"
"493",492,0.1522,0.01915,0.03705,0.7916,"Python_5","Pyt_H"
"494",493,0.15215,0.0197,0.0363,0.79185,"Python_5","Pyt_H"
"495",494,0.15315,0.0198,0.03605,0.791,"Python_5","Pyt_H"
"496",495,0.1535,0.0198,0.03655,0.79015,"Python_5","Pyt_H"
"497",496,0.1544,0.02035,0.0371,0.78815,"Python_5","Pyt_H"
"498",497,0.1569,0.01925,0.0379,0.78595,"Python_5","Pyt_H"
"499",498,0.15655,0.0193,0.0379,0.78625,"Python_5","Pyt_H"
"500",499,0.1569,0.02,0.03655,0.78655,"Python_5","Pyt_H"
"501",500,0.1564,0.0204,0.0371,0.7861,"Python_5","Pyt_H"
"502",501,0.15745,0.01965,0.03695,0.78595,"Python_5","Pyt_H"
"503",502,0.1585,0.0199,0.0368,0.7848,"Python_5","Pyt_H"
"504",503,0.1596,0.02015,0.036,0.78425,"Python_5","Pyt_H"
"505",504,0.16055,0.02005,0.03585,0.78355,"Python_5","Pyt_H"
"506",505,0.16125,0.01975,0.0363,0.7827,"Python_5","Pyt_H"
"507",506,0.1619,0.0195,0.03685,0.78175,"Python_5","Pyt_H"
"508",507,0.16405,0.01925,0.03635,0.78035,"Python_5","Pyt_H"
"509",508,0.1649,0.01975,0.0362,0.77915,"Python_5","Pyt_H"
"510",509,0.16495,0.01985,0.0361,0.7791,"Python_5","Pyt_H"
"511",510,0.16405,0.02035,0.0357,0.7799,"Python_5","Pyt_H"
"512",511,0.1662,0.0187,0.0361,0.779,"Python_5","Pyt_H"
"513",512,0.16595,0.0194,0.03695,0.7777,"Python_5","Pyt_H"
"514",513,0.1665,0.02015,0.03625,0.7771,"Python_5","Pyt_H"
"515",514,0.1669,0.0194,0.0371,0.7766,"Python_5","Pyt_H"
"516",515,0.1666,0.02035,0.0368,0.77625,"Python_5","Pyt_H"
"517",516,0.16755,0.0197,0.03715,0.7756,"Python_5","Pyt_H"
"518",517,0.1688,0.02015,0.0368,0.77425,"Python_5","Pyt_H"
"519",518,0.1678,0.02145,0.03695,0.7738,"Python_5","Pyt_H"
"520",519,0.16735,0.02165,0.03585,0.77515,"Python_5","Pyt_H"
"521",520,0.16735,0.0213,0.0373,0.77405,"Python_5","Pyt_H"
"522",521,0.166,0.0224,0.0378,0.7738,"Python_5","Pyt_H"
"523",522,0.1666,0.0223,0.0388,0.7723,"Python_5","Pyt_H"
"524",523,0.1681,0.0215,0.03925,0.77115,"Python_5","Pyt_H"
"525",524,0.16845,0.02135,0.04,0.7702,"Python_5","Pyt_H"
"526",525,0.16955,0.0215,0.03865,0.7703,"Python_5","Pyt_H"
"527",526,0.1701,0.02215,0.03795,0.7698,"Python_5","Pyt_H"
"528",527,0.17035,0.02195,0.0382,0.7695,"Python_5","Pyt_H"
"529",528,0.1711,0.02235,0.03755,0.769,"Python_5","Pyt_H"
"530",529,0.1719,0.0216,0.0379,0.7686,"Python_5","Pyt_H"
"531",530,0.17205,0.02095,0.038,0.769,"Python_5","Pyt_H"
"532",531,0.1732,0.0198,0.03935,0.76765,"Python_5","Pyt_H"
"533",532,0.1734,0.0209,0.0387,0.767,"Python_5","Pyt_H"
"534",533,0.17485,0.0214,0.0387,0.76505,"Python_5","Pyt_H"
"535",534,0.1745,0.02175,0.03835,0.7654,"Python_5","Pyt_H"
"536",535,0.17405,0.02235,0.03885,0.76475,"Python_5","Pyt_H"
"537",536,0.1733,0.02275,0.0387,0.76525,"Python_5","Pyt_H"
"538",537,0.1728,0.0225,0.03985,0.76485,"Python_5","Pyt_H"
"539",538,0.17255,0.0228,0.0392,0.76545,"Python_5","Pyt_H"
"540",539,0.172,0.0237,0.0385,0.7658,"Python_5","Pyt_H"
"541",540,0.17155,0.0231,0.03985,0.7655,"Python_5","Pyt_H"
"542",541,0.17245,0.02305,0.0406,0.7639,"Python_5","Pyt_H"
"543",542,0.17145,0.024,0.0401,0.76445,"Python_5","Pyt_H"
"544",543,0.1701,0.02595,0.03935,0.7646,"Python_5","Pyt_H"
"545",544,0.16845,0.02615,0.04055,0.76485,"Python_5","Pyt_H"
"546",545,0.168,0.02525,0.0411,0.76565,"Python_5","Pyt_H"
"547",546,0.1671,0.02465,0.0429,0.76535,"Python_5","Pyt_H"
"548",547,0.16635,0.0257,0.04295,0.765,"Python_5","Pyt_H"
"549",548,0.16645,0.02525,0.0428,0.7655,"Python_5","Pyt_H"
"550",549,0.16665,0.02445,0.04335,0.76555,"Python_5","Pyt_H"
"551",550,0.1658,0.0235,0.044,0.7667,"Python_5","Pyt_H"
"552",551,0.1645,0.02485,0.04395,0.7667,"Python_5","Pyt_H"
"553",552,0.1642,0.02465,0.04335,0.7678,"Python_5","Pyt_H"
"554",553,0.16305,0.0247,0.0436,0.76865,"Python_5","Pyt_H"
"555",554,0.16065,0.02685,0.0438,0.7687,"Python_5","Pyt_H"
"556",555,0.16045,0.0262,0.0441,0.76925,"Python_5","Pyt_H"
"557",556,0.15915,0.02675,0.04435,0.76975,"Python_5","Pyt_H"
"558",557,0.1599,0.02565,0.04415,0.7703,"Python_5","Pyt_H"
"559",558,0.16015,0.02555,0.0444,0.7699,"Python_5","Pyt_H"
"560",559,0.16025,0.02525,0.0452,0.7693,"Python_5","Pyt_H"
"561",560,0.1599,0.0248,0.04665,0.76865,"Python_5","Pyt_H"
"562",561,0.15905,0.0251,0.0461,0.76975,"Python_5","Pyt_H"
"563",562,0.1581,0.02465,0.0468,0.77045,"Python_5","Pyt_H"
"564",563,0.157,0.0243,0.04735,0.77135,"Python_5","Pyt_H"
"565",564,0.15525,0.0249,0.04775,0.7721,"Python_5","Pyt_H"
"566",565,0.1553,0.0262,0.047,0.7715,"Python_5","Pyt_H"
"567",566,0.15455,0.0269,0.0465,0.77205,"Python_5","Pyt_H"
"568",567,0.15405,0.0262,0.0479,0.77185,"Python_5","Pyt_H"
"569",568,0.15245,0.0261,0.0483,0.77315,"Python_5","Pyt_H"
"570",569,0.15235,0.025,0.0489,0.77375,"Python_5","Pyt_H"
"571",570,0.1514,0.02575,0.04765,0.7752,"Python_5","Pyt_H"
"572",571,0.15155,0.02515,0.0466,0.7767,"Python_5","Pyt_H"
"573",572,0.15195,0.02465,0.04665,0.77675,"Python_5","Pyt_H"
"574",573,0.1513,0.0245,0.04785,0.77635,"Python_5","Pyt_H"
"575",574,0.15075,0.02395,0.04865,0.77665,"Python_5","Pyt_H"
"576",575,0.14985,0.02415,0.0476,0.7784,"Python_5","Pyt_H"
"577",576,0.1488,0.02465,0.047,0.77955,"Python_5","Pyt_H"
"578",577,0.1488,0.025,0.04665,0.77955,"Python_5","Pyt_H"
"579",578,0.14895,0.0245,0.0464,0.78015,"Python_5","Pyt_H"
"580",579,0.1492,0.02515,0.0452,0.78045,"Python_5","Pyt_H"
"581",580,0.15015,0.02355,0.0455,0.7808,"Python_5","Pyt_H"
"582",581,0.14895,0.0233,0.04645,0.7813,"Python_5","Pyt_H"
"583",582,0.14855,0.02395,0.0458,0.7817,"Python_5","Pyt_H"
"584",583,0.14825,0.02465,0.0446,0.7825,"Python_5","Pyt_H"
"585",584,0.1487,0.02385,0.0446,0.78285,"Python_5","Pyt_H"
"586",585,0.14975,0.02155,0.0456,0.7831,"Python_5","Pyt_H"
"587",586,0.1492,0.02195,0.04525,0.7836,"Python_5","Pyt_H"
"588",587,0.14875,0.02215,0.0446,0.7845,"Python_5","Pyt_H"
"589",588,0.1486,0.0223,0.0437,0.7854,"Python_5","Pyt_H"
"590",589,0.14745,0.0225,0.04385,0.7862,"Python_5","Pyt_H"
"591",590,0.14745,0.02205,0.04465,0.78585,"Python_5","Pyt_H"
"592",591,0.1478,0.0227,0.04245,0.78705,"Python_5","Pyt_H"
"593",592,0.14845,0.02275,0.04155,0.78725,"Python_5","Pyt_H"
"594",593,0.14855,0.02295,0.041,0.7875,"Python_5","Pyt_H"
"595",594,0.14995,0.02195,0.04225,0.78585,"Python_5","Pyt_H"
"596",595,0.1506,0.02205,0.0421,0.78525,"Python_5","Pyt_H"
"597",596,0.15135,0.0219,0.0416,0.78515,"Python_5","Pyt_H"
"598",597,0.1513,0.0216,0.0416,0.7855,"Python_5","Pyt_H"
"599",598,0.15155,0.02175,0.04135,0.78535,"Python_5","Pyt_H"
"600",599,0.15255,0.02165,0.0413,0.7845,"Python_5","Pyt_H"
"601",600,0.1524,0.02165,0.04155,0.7844,"Python_5","Pyt_H"
"602",601,0.15205,0.02285,0.04075,0.78435,"Python_5","Pyt_H"
"603",602,0.1532,0.02245,0.04075,0.7836,"Python_5","Pyt_H"
"604",603,0.15335,0.0223,0.04055,0.7838,"Python_5","Pyt_H"
"605",604,0.1529,0.02165,0.0403,0.78515,"Python_5","Pyt_H"
"606",605,0.15285,0.0204,0.04055,0.7862,"Python_5","Pyt_H"
"607",606,0.1542,0.01985,0.0409,0.78505,"Python_5","Pyt_H"
"608",607,0.15325,0.01965,0.0415,0.7856,"Python_5","Pyt_H"
"609",608,0.1544,0.02055,0.03975,0.7853,"Python_5","Pyt_H"
"610",609,0.15445,0.0206,0.0387,0.78625,"Python_5","Pyt_H"
"611",610,0.1554,0.02085,0.0374,0.78635,"Python_5","Pyt_H"
"612",611,0.1559,0.02165,0.0369,0.78555,"Python_5","Pyt_H"
"613",612,0.15575,0.02125,0.0372,0.7858,"Python_5","Pyt_H"
"614",613,0.15585,0.02155,0.03835,0.78425,"Python_5","Pyt_H"
"615",614,0.15755,0.02185,0.0378,0.7828,"Python_5","Pyt_H"
"616",615,0.15765,0.0216,0.0375,0.78325,"Python_5","Pyt_H"
"617",616,0.1595,0.0205,0.0385,0.7815,"Python_5","Pyt_H"
"618",617,0.16025,0.02155,0.0384,0.7798,"Python_5","Pyt_H"
"619",618,0.162,0.02055,0.03865,0.7788,"Python_5","Pyt_H"
"620",619,0.16335,0.02,0.03975,0.7769,"Python_5","Pyt_H"
"621",620,0.16435,0.02,0.0401,0.77555,"Python_5","Pyt_H"
"622",621,0.1633,0.0207,0.03925,0.77675,"Python_5","Pyt_H"
"623",622,0.1627,0.0211,0.03855,0.77765,"Python_5","Pyt_H"
"624",623,0.1631,0.02175,0.0388,0.77635,"Python_5","Pyt_H"
"625",624,0.1634,0.02185,0.0382,0.77655,"Python_5","Pyt_H"
"626",625,0.1641,0.0222,0.03835,0.77535,"Python_5","Pyt_H"
"627",626,0.1649,0.0225,0.0388,0.7738,"Python_5","Pyt_H"
"628",627,0.16685,0.02175,0.03995,0.77145,"Python_5","Pyt_H"
"629",628,0.1678,0.02115,0.04045,0.7706,"Python_5","Pyt_H"
"630",629,0.1673,0.022,0.03995,0.77075,"Python_5","Pyt_H"
"631",630,0.16745,0.02265,0.03875,0.77115,"Python_5","Pyt_H"
"632",631,0.16815,0.0227,0.03895,0.7702,"Python_5","Pyt_H"
"633",632,0.1678,0.0228,0.039,0.7704,"Python_5","Pyt_H"
"634",633,0.168,0.02225,0.03935,0.7704,"Python_5","Pyt_H"
"635",634,0.16895,0.0227,0.03865,0.7697,"Python_5","Pyt_H"
"636",635,0.1695,0.0224,0.03795,0.77015,"Python_5","Pyt_H"
"637",636,0.16975,0.0221,0.0386,0.76955,"Python_5","Pyt_H"
"638",637,0.1695,0.0228,0.0375,0.7702,"Python_5","Pyt_H"
"639",638,0.1684,0.02325,0.03855,0.7698,"Python_5","Pyt_H"
"640",639,0.1676,0.02405,0.03925,0.7691,"Python_5","Pyt_H"
"641",640,0.16895,0.0231,0.0397,0.76825,"Python_5","Pyt_H"
"642",641,0.1686,0.0232,0.03985,0.76835,"Python_5","Pyt_H"
"643",642,0.16915,0.0222,0.0405,0.76815,"Python_5","Pyt_H"
"644",643,0.16775,0.0226,0.0416,0.76805,"Python_5","Pyt_H"
"645",644,0.16635,0.0229,0.0413,0.76945,"Python_5","Pyt_H"
"646",645,0.1672,0.0225,0.04125,0.76905,"Python_5","Pyt_H"
"647",646,0.1669,0.02245,0.0427,0.76795,"Python_5","Pyt_H"
"648",647,0.16605,0.0234,0.04215,0.7684,"Python_5","Pyt_H"
"649",648,0.16605,0.02345,0.0421,0.7684,"Python_5","Pyt_H"
"650",649,0.164,0.0238,0.04265,0.76955,"Python_5","Pyt_H"
"651",650,0.16395,0.02455,0.0423,0.7692,"Python_5","Pyt_H"
"652",651,0.16335,0.02385,0.0429,0.7699,"Python_5","Pyt_H"
"653",652,0.1627,0.023,0.0443,0.77,"Python_5","Pyt_H"
"654",653,0.1605,0.025,0.04445,0.77005,"Python_5","Pyt_H"
"655",654,0.16025,0.02505,0.04275,0.77195,"Python_5","Pyt_H"
"656",655,0.16025,0.0249,0.0426,0.77225,"Python_5","Pyt_H"
"657",656,0.1603,0.0253,0.04215,0.77225,"Python_5","Pyt_H"
"658",657,0.15935,0.0259,0.04215,0.7726,"Python_5","Pyt_H"
"659",658,0.15905,0.0254,0.04315,0.7724,"Python_5","Pyt_H"
"660",659,0.15915,0.02435,0.043,0.7735,"Python_5","Pyt_H"
"661",660,0.15765,0.0249,0.0422,0.77525,"Python_5","Pyt_H"
"662",661,0.15645,0.0242,0.0424,0.77695,"Python_5","Pyt_H"
"663",662,0.1576,0.0239,0.0421,0.7764,"Python_5","Pyt_H"
"664",663,0.1562,0.02375,0.042,0.77805,"Python_5","Pyt_H"
"665",664,0.1548,0.0245,0.0419,0.7788,"Python_5","Pyt_H"
"666",665,0.15445,0.0251,0.04165,0.7788,"Python_5","Pyt_H"
"667",666,0.15465,0.02455,0.042,0.7788,"Python_5","Pyt_H"
"668",667,0.154,0.0244,0.04345,0.77815,"Python_5","Pyt_H"
"669",668,0.1532,0.025,0.04505,0.77675,"Python_5","Pyt_H"
"670",669,0.15365,0.0245,0.04415,0.7777,"Python_5","Pyt_H"
"671",670,0.15405,0.0241,0.04395,0.7779,"Python_5","Pyt_H"
"672",671,0.15405,0.0234,0.0444,0.77815,"Python_5","Pyt_H"
